Date,Open,High,Low,Close,Volume
2007-05-10,21.100000381469727,21.989999771118164,20.600000381469727,21.100000381469727,20007900
2007-05-11,21.1299991607666,22.399999618530273,21.1299991607666,21.850000381469727,3692100
2007-05-14,22.0,22.649999618530273,21.850000381469727,22.299999237060547,1652800
2007-05-15,21.850000381469727,22.420000076293945,20.729999542236328,21.0,2002500
2007-05-16,22.489999771118164,23.399999618530273,22.399999618530273,22.940000534057617,5229300
2007-05-17,23.34000015258789,24.049999237060547,22.940000534057617,23.010000228881836,2501800
2007-05-18,23.25,23.450000762939453,22.350000381469727,22.989999771118164,1392700
2007-05-21,23.0,23.84000015258789,22.700000762939453,23.649999618530273,1066200
2007-05-22,23.649999618530273,24.399999618530273,23.260000228881836,23.950000762939453,1476300
2007-05-23,24.260000228881836,24.600000381469727,23.799999237060547,23.899999618530273,888400
2007-05-24,23.969999313354492,24.0,22.5,23.049999237060547,1107100
2007-05-25,22.950000762939453,23.989999771118164,22.950000762939453,23.510000228881836,400100
2007-05-29,24.040000915527344,24.09000015258789,23.079999923706055,23.239999771118164,881000
2007-05-30,22.760000228881836,23.100000381469727,22.709999084472656,22.889999389648438,373400
2007-05-31,23.0,23.049999237060547,22.040000915527344,22.899999618530273,950800
2007-06-01,22.600000381469727,23.25,22.5,23.040000915527344,585100
2007-06-04,22.790000915527344,23.75,22.719999313354492,23.299999237060547,835200
2007-06-05,22.850000381469727,23.579999923706055,22.799999237060547,23.40999984741211,591500
2007-06-06,23.100000381469727,23.389999389648438,22.799999237060547,23.110000610351562,545300
2007-06-07,23.040000915527344,23.31999969482422,22.530000686645508,22.770000457763672,427200
2007-06-08,22.399999618530273,22.479999542236328,22.06999969482422,22.420000076293945,764900
2007-06-11,22.5,22.75,21.510000228881836,22.729999542236328,547300
2007-06-12,22.200000762939453,22.799999237060547,22.200000762939453,22.6299991607666,337000
2007-06-13,22.649999618530273,23.420000076293945,22.649999618530273,23.299999237060547,887600
2007-06-14,23.739999771118164,24.25,23.420000076293945,23.729999542236328,1291100
2007-06-15,23.860000610351562,24.81999969482422,23.600000381469727,24.709999084472656,2268700
2007-06-18,24.979999542236328,26.0,24.940000534057617,26.0,1625100
2007-06-19,26.399999618530273,26.450000762939453,25.100000381469727,25.510000228881836,1972600
2007-06-20,25.530000686645508,26.200000762939453,25.110000610351562,25.34000015258789,1421300
2007-06-21,25.25,25.270000457763672,24.6200008392334,24.90999984741211,714900
2007-06-22,24.549999237060547,24.709999084472656,24.18000030517578,24.209999084472656,2175000
2007-06-25,24.350000381469727,25.079999923706055,24.190000534057617,24.600000381469727,551400
2007-06-26,24.690000534057617,24.940000534057617,23.6200008392334,23.93000030517578,647100
2007-06-27,23.350000381469727,24.729999542236328,23.350000381469727,24.65999984741211,463400
2007-06-28,24.65999984741211,24.920000076293945,24.329999923706055,24.56999969482422,352500
2007-06-29,24.799999237060547,25.5,24.65999984741211,24.809999465942383,506000
2007-07-02,24.8799991607666,25.479999542236328,24.760000228881836,25.3799991607666,441700
2007-07-03,25.549999237060547,26.100000381469727,25.270000457763672,25.690000534057617,366200
2007-07-05,25.850000381469727,26.450000762939453,25.510000228881836,26.350000381469727,409300
2007-07-06,26.350000381469727,27.18000030517578,26.0,26.719999313354492,590900
2007-07-09,27.200000762939453,27.34000015258789,26.6299991607666,26.68000030517578,671900
2007-07-10,26.600000381469727,27.149999618530273,26.350000381469727,26.5,596100
2007-07-11,26.600000381469727,27.329999923706055,26.43000030517578,26.760000228881836,1042300
2007-07-12,27.25,27.31999969482422,26.6200008392334,26.950000762939453,497200
2007-07-13,26.889999389648438,28.3799991607666,26.760000228881836,28.170000076293945,710900
2007-07-16,27.610000610351562,29.239999771118164,27.600000381469727,27.760000228881836,875800
2007-07-17,27.979999542236328,28.290000915527344,27.690000534057617,27.729999542236328,395400
2007-07-18,27.729999542236328,27.8799991607666,27.020000457763672,27.25,425300
2007-07-19,27.350000381469727,28.280000686645508,27.350000381469727,27.780000686645508,718700
2007-07-20,27.719999313354492,27.81999969482422,27.200000762939453,27.25,524200
2007-07-23,27.399999618530273,27.84000015258789,27.079999923706055,27.3799991607666,568900
2007-07-24,27.25,27.25,26.350000381469727,26.510000228881836,786600
2007-07-25,26.260000228881836,27.0,24.299999237060547,25.649999618530273,965400
2007-07-26,25.059999465942383,25.360000610351562,24.309999465942383,25.239999771118164,711900
2007-07-27,24.770000457763672,25.8700008392334,24.530000686645508,25.280000686645508,503300
2007-07-30,26.0,26.479999542236328,25.459999084472656,26.030000686645508,668100
2007-07-31,26.690000534057617,27.0,25.850000381469727,25.950000762939453,571800
2007-08-01,25.850000381469727,26.09000015258789,24.329999923706055,25.299999237060547,827000
2007-08-02,26.0,26.5,24.75,26.399999618530273,1399200
2007-08-03,26.06999969482422,27.809999465942383,26.06999969482422,27.0,1451500
2007-08-06,27.399999618530273,27.440000534057617,25.559999465942383,26.440000534057617,1195500
2007-08-07,26.260000228881836,27.1299991607666,26.200000762939453,26.860000610351562,627200
2007-08-08,27.25,28.280000686645508,26.18000030517578,27.049999237060547,2003900
2007-08-09,26.709999084472656,27.25,25.75,26.079999923706055,677300
2007-08-10,25.31999969482422,25.389999389648438,23.739999771118164,25.100000381469727,1249300
2007-08-13,25.100000381469727,25.899999618530273,25.010000228881836,25.149999618530273,398800
2007-08-14,25.149999618530273,25.75,24.549999237060547,24.760000228881836,631700
2007-08-15,24.75,25.200000762939453,24.260000228881836,24.75,786400
2007-08-16,24.239999771118164,24.780000686645508,23.0,24.399999618530273,1650600
2007-08-17,25.610000610351562,25.75,23.770000457763672,24.43000030517578,849200
2007-08-20,24.5,25.149999618530273,24.360000610351562,25.0,493600
2007-08-21,24.600000381469727,26.299999237060547,24.600000381469727,26.139999389648438,612700
2007-08-22,26.780000686645508,27.18000030517578,26.420000076293945,27.110000610351562,869400
2007-08-23,27.399999618530273,27.770000457763672,26.510000228881836,27.299999237060547,500100
2007-08-24,27.299999237060547,27.75,27.0,27.360000610351562,547000
2007-08-27,27.25,27.610000610351562,26.899999618530273,27.18000030517578,268600
2007-08-28,26.959999084472656,27.239999771118164,26.06999969482422,26.190000534057617,235900
2007-08-29,26.389999389648438,26.6299991607666,26.010000228881836,26.510000228881836,314300
2007-08-30,26.200000762939453,26.989999771118164,26.149999618530273,26.639999389648438,401300
2007-08-31,27.149999618530273,27.5,26.75,26.8700008392334,720000
2007-09-04,27.100000381469727,27.5,26.93000030517578,27.0,398600
2007-09-05,26.5,27.010000228881836,26.299999237060547,27.010000228881836,413100
2007-09-06,27.0,27.209999084472656,26.649999618530273,27.0,303400
2007-09-07,26.350000381469727,26.84000015258789,25.75,26.790000915527344,524100
2007-09-10,26.75,26.979999542236328,25.81999969482422,26.860000610351562,379000
2007-09-11,27.06999969482422,27.399999618530273,26.969999313354492,27.309999465942383,436500
2007-09-12,27.5,28.170000076293945,27.25,27.799999237060547,822000
2007-09-13,27.8799991607666,28.110000610351562,27.549999237060547,27.899999618530273,498300
2007-09-14,27.670000076293945,27.989999771118164,27.510000228881836,27.959999084472656,337900
2007-09-17,27.510000228881836,29.469999313354492,27.510000228881836,29.059999465942383,1150400
2007-09-18,29.079999923706055,30.229999542236328,29.0,30.229999542236328,1073500
2007-09-19,30.639999389648438,31.399999618530273,30.25,30.809999465942383,867900
2007-09-20,30.700000762939453,30.700000762939453,29.799999237060547,29.940000534057617,591000
2007-09-21,29.93000030517578,31.399999618530273,29.799999237060547,30.469999313354492,810000
2007-09-24,30.360000610351562,30.579999923706055,30.010000228881836,30.190000534057617,248800
2007-09-25,30.0,31.049999237060547,29.850000381469727,31.0,422200
2007-09-26,31.149999618530273,33.45000076293945,31.149999618530273,33.040000915527344,2926400
2007-09-27,33.11000061035156,36.13999938964844,33.11000061035156,35.939998626708984,3798400
2007-09-28,35.7599983215332,35.7599983215332,34.33000183105469,34.93000030517578,1107900
2007-10-01,34.86000061035156,36.689998626708984,34.84000015258789,36.040000915527344,953900
2007-10-02,35.470001220703125,37.72999954223633,35.470001220703125,37.25,1077100
2007-10-03,36.599998474121094,36.95000076293945,35.4900016784668,35.689998626708984,1505800
2007-10-04,35.689998626708984,36.150001525878906,33.400001525878906,33.90999984741211,1860300
2007-10-05,34.650001525878906,35.33000183105469,33.310001373291016,34.869998931884766,869000
2007-10-08,34.709999084472656,35.70000076293945,33.900001525878906,34.400001525878906,534900
2007-10-09,35.0,35.58000183105469,33.97999954223633,35.439998626708984,502800
2007-10-10,35.349998474121094,37.38999938964844,34.90999984741211,36.56999969482422,652400
2007-10-11,36.689998626708984,38.25,35.79999923706055,36.130001068115234,1006500
2007-10-12,35.5099983215332,37.13999938964844,35.5099983215332,36.33000183105469,289300
2007-10-15,36.2599983215332,37.0,35.65999984741211,36.66999816894531,401400
2007-10-16,36.529998779296875,36.619998931884766,35.09000015258789,35.58000183105469,626900
2007-10-17,36.349998474121094,36.75,35.900001525878906,36.75,397100
2007-10-18,35.27000045776367,36.0,34.5099983215332,35.16999816894531,1017700
2007-10-19,34.970001220703125,35.0,33.52000045776367,33.68000030517578,985700
2007-10-22,33.0,33.130001068115234,31.799999237060547,32.380001068115234,1306300
2007-10-23,32.810001373291016,34.349998474121094,32.779998779296875,34.0099983215332,667900
2007-10-24,34.06999969482422,34.06999969482422,32.83000183105469,33.150001525878906,468400
2007-10-25,33.029998779296875,33.95000076293945,32.25,33.29999923706055,423300
2007-10-26,33.40999984741211,34.59000015258789,33.400001525878906,33.81999969482422,438200
2007-10-29,33.93000030517578,34.88999938964844,33.90999984741211,34.79999923706055,446700
2007-10-30,34.790000915527344,35.599998474121094,34.599998474121094,34.84000015258789,331800
2007-10-31,34.900001525878906,35.0,33.5,33.77000045776367,660500
2007-11-01,33.31999969482422,33.47999954223633,31.84000015258789,32.20000076293945,529100
2007-11-02,32.83000183105469,32.970001220703125,30.75,31.739999771118164,618800
2007-11-05,30.809999465942383,32.66999816894531,30.809999465942383,32.150001525878906,618100
2007-11-06,32.58000183105469,32.81999969482422,31.0,32.63999938964844,1039600
2007-11-07,31.979999542236328,32.5099983215332,31.709999084472656,32.279998779296875,416100
2007-11-08,32.279998779296875,32.650001525878906,29.75,31.170000076293945,969900
2007-11-09,30.3799991607666,30.8700008392334,29.239999771118164,30.110000610351562,656400
2007-11-12,30.0,30.5,28.709999084472656,28.829999923706055,784800
2007-11-13,29.450000762939453,29.670000076293945,28.600000381469727,29.350000381469727,805500
2007-11-14,29.84000015258789,30.950000762939453,29.43000030517578,30.030000686645508,550000
2007-11-15,29.850000381469727,30.0,29.25,29.549999237060547,363200
2007-11-16,30.3700008392334,30.3700008392334,29.610000610351562,30.010000228881836,1009100
2007-11-19,29.90999984741211,30.079999923706055,29.0,29.6299991607666,572700
2007-11-20,30.100000381469727,30.299999237060547,29.25,29.84000015258789,541700
2007-11-21,29.729999542236328,30.43000030517578,29.549999237060547,29.969999313354492,352000
2007-11-23,30.420000076293945,30.56999969482422,29.969999313354492,30.360000610351562,158800
2007-11-26,30.360000610351562,31.31999969482422,30.290000915527344,30.989999771118164,551400
2007-11-27,30.059999465942383,30.649999618530273,26.059999465942383,27.139999389648438,3028500
2007-11-28,27.15999984741211,27.979999542236328,25.549999237060547,27.549999237060547,1394800
2007-11-29,27.260000228881836,27.639999389648438,26.649999618530273,26.799999237060547,663600
2007-11-30,27.0,27.5,26.399999618530273,26.59000015258789,796000
2007-12-03,26.600000381469727,26.6200008392334,25.579999923706055,26.469999313354492,646900
2007-12-04,26.790000915527344,27.8799991607666,26.790000915527344,27.440000534057617,1234000
2007-12-05,28.0,28.739999771118164,28.0,28.350000381469727,408700
2007-12-06,28.350000381469727,29.1299991607666,28.350000381469727,29.0,961300
2007-12-07,29.229999542236328,29.399999618530273,28.709999084472656,29.06999969482422,570900
2007-12-10,29.149999618530273,29.3700008392334,28.540000915527344,29.110000610351562,387600
2007-12-11,29.09000015258789,29.5,27.84000015258789,28.09000015258789,436500
2007-12-12,28.459999084472656,29.030000686645508,27.75,28.31999969482422,401400
2007-12-13,28.1299991607666,28.6200008392334,27.6200008392334,28.489999771118164,311500
2007-12-14,28.350000381469727,28.809999465942383,27.989999771118164,28.030000686645508,418700
2007-12-17,27.899999618530273,27.90999984741211,27.0,27.100000381469727,593600
2007-12-18,27.3799991607666,27.399999618530273,26.479999542236328,27.149999618530273,724200
2007-12-19,27.149999618530273,27.780000686645508,27.010000228881836,27.479999542236328,264000
2007-12-20,27.75,28.09000015258789,26.860000610351562,28.09000015258789,362800
2007-12-21,28.5,28.6299991607666,27.670000076293945,28.229999542236328,780300
2007-12-24,28.110000610351562,29.0,27.920000076293945,28.850000381469727,166500
2007-12-26,28.799999237060547,29.139999389648438,28.540000915527344,29.06999969482422,319000
2007-12-27,28.959999084472656,29.600000381469727,28.1200008392334,28.31999969482422,404400
2007-12-28,28.31999969482422,29.510000228881836,28.079999923706055,29.40999984741211,439000
2007-12-31,29.329999923706055,29.5,28.149999618530273,28.56999969482422,472500
2008-01-02,28.399999618530273,28.940000534057617,27.360000610351562,27.489999771118164,546500
2008-01-03,27.639999389648438,28.149999618530273,26.8799991607666,26.979999542236328,539000
2008-01-04,26.549999237060547,26.6200008392334,25.559999465942383,25.760000228881836,546200
2008-01-07,25.559999465942383,25.75,24.110000610351562,24.93000030517578,1352200
2008-01-08,24.65999984741211,25.610000610351562,24.65999984741211,25.010000228881836,1122600
2008-01-09,24.65999984741211,25.719999313354492,24.59000015258789,25.670000076293945,627500
2008-01-10,25.84000015258789,26.0,25.030000686645508,25.75,422600
2008-01-11,25.510000228881836,25.969999313354492,25.110000610351562,25.469999313354492,294600
2008-01-14,25.690000534057617,25.81999969482422,24.75,25.209999084472656,450300
2008-01-15,25.030000686645508,25.200000762939453,24.540000915527344,24.860000610351562,736200
2008-01-16,24.799999237060547,25.049999237060547,23.719999313354492,24.670000076293945,754900
2008-01-17,24.719999313354492,25.0,24.0,24.139999389648438,814900
2008-01-18,24.280000686645508,24.709999084472656,23.860000610351562,24.170000076293945,723600
2008-01-22,21.850000381469727,24.0,19.959999084472656,23.899999618530273,812800
2008-01-23,23.290000915527344,24.59000015258789,22.600000381469727,24.510000228881836,937500
2008-01-24,24.549999237060547,25.75,23.68000030517578,23.770000457763672,804200
2008-01-25,24.030000686645508,24.209999084472656,22.479999542236328,23.010000228881836,715300
2008-01-28,22.610000610351562,24.139999389648438,22.350000381469727,23.899999618530273,352900
2008-01-29,23.5,24.860000610351562,23.059999465942383,24.469999313354492,646200
2008-01-30,24.34000015258789,24.729999542236328,23.559999465942383,23.709999084472656,431300
2008-01-31,23.3700008392334,24.920000076293945,23.139999389648438,24.559999465942383,512600
2008-02-01,24.709999084472656,25.5,24.709999084472656,25.309999465942383,566100
2008-02-04,25.190000534057617,26.010000228881836,24.829999923706055,25.889999389648438,681900
2008-02-05,25.739999771118164,25.739999771118164,24.100000381469727,24.56999969482422,469500
2008-02-06,24.719999313354492,25.700000762939453,24.719999313354492,24.8700008392334,429900
2008-02-07,24.68000030517578,25.440000534057617,24.360000610351562,25.0,385900
2008-02-08,25.0,26.239999771118164,25.0,25.459999084472656,455400
2008-02-11,25.510000228881836,26.229999542236328,25.030000686645508,25.899999618530273,454400
2008-02-12,26.5,27.670000076293945,26.260000228881836,26.81999969482422,1046100
2008-02-13,27.139999389648438,28.670000076293945,26.969999313354492,28.229999542236328,938700
2008-02-14,28.56999969482422,28.56999969482422,27.829999923706055,27.93000030517578,591200
2008-02-15,27.719999313354492,28.6299991607666,27.5,28.3799991607666,575200
2008-02-19,28.690000534057617,28.850000381469727,28.010000228881836,28.239999771118164,447900
2008-02-20,28.100000381469727,28.5,27.799999237060547,28.399999618530273,496300
2008-02-21,28.399999618530273,29.450000762939453,28.25,29.010000228881836,1805800
2008-02-22,28.860000610351562,29.59000015258789,28.65999984741211,29.5,1139500
2008-02-25,29.3700008392334,30.0,29.350000381469727,29.950000762939453,1461200
2008-02-26,29.510000228881836,30.079999923706055,29.329999923706055,29.829999923706055,1021900
2008-02-27,29.049999237060547,29.540000915527344,26.049999237060547,27.06999969482422,2029600
2008-02-28,27.06999969482422,27.149999618530273,26.149999618530273,27.0,1059900
2008-02-29,26.6299991607666,27.0,25.719999313354492,25.920000076293945,696300
2008-03-03,25.889999389648438,26.56999969482422,25.350000381469727,26.469999313354492,606800
2008-03-04,26.280000686645508,26.75,26.100000381469727,26.520000457763672,461600
2008-03-05,26.520000457763672,26.84000015258789,26.200000762939453,26.68000030517578,447900
2008-03-06,26.600000381469727,26.950000762939453,25.59000015258789,25.649999618530273,725000
2008-03-07,25.329999923706055,25.950000762939453,24.760000228881836,25.3799991607666,446700
2008-03-10,25.420000076293945,25.450000762939453,24.059999465942383,24.229999542236328,547500
2008-03-11,24.920000076293945,25.299999237060547,24.5,25.09000015258789,533600
2008-03-12,25.100000381469727,25.389999389648438,24.399999618530273,24.829999923706055,519800
2008-03-13,24.520000457763672,25.450000762939453,24.1299991607666,25.309999465942383,373600
2008-03-14,25.479999542236328,25.829999923706055,23.940000534057617,24.260000228881836,684500
2008-03-17,23.270000457763672,24.360000610351562,22.280000686645508,23.059999465942383,768800
2008-03-18,23.700000762939453,24.670000076293945,23.5,24.579999923706055,826200
2008-03-19,24.479999542236328,25.1200008392334,23.6200008392334,23.6200008392334,743400
2008-03-20,23.989999771118164,24.399999618530273,23.25,23.799999237060547,1150700
2008-03-24,23.690000534057617,25.0,23.6200008392334,24.799999237060547,698800
2008-03-25,25.0,25.06999969482422,24.149999618530273,24.950000762939453,676200
2008-03-26,24.690000534057617,25.0,24.360000610351562,24.690000534057617,434700
2008-03-27,24.549999237060547,26.479999542236328,24.549999237060547,25.790000915527344,1622100
2008-03-28,25.59000015258789,26.770000457763672,25.59000015258789,25.8700008392334,1219600
2008-03-31,25.790000915527344,26.399999618530273,25.68000030517578,26.010000228881836,375200
2008-04-01,26.540000915527344,26.989999771118164,26.209999084472656,26.799999237060547,683700
2008-04-02,26.959999084472656,27.739999771118164,26.700000762939453,27.5,1054300
2008-04-03,27.25,28.09000015258789,26.959999084472656,27.739999771118164,515000
2008-04-04,27.5,28.229999542236328,27.440000534057617,27.709999084472656,552600
2008-04-07,27.56999969482422,27.8799991607666,26.790000915527344,26.920000076293945,445900
2008-04-08,26.760000228881836,26.760000228881836,25.56999969482422,26.299999237060547,1251500
2008-04-09,26.3799991607666,26.639999389648438,25.709999084472656,25.920000076293945,557600
2008-04-10,26.200000762939453,26.670000076293945,25.850000381469727,26.579999923706055,582900
2008-04-11,26.309999465942383,26.309999465942383,25.399999618530273,25.549999237060547,441400
2008-04-14,25.489999771118164,25.889999389648438,24.59000015258789,25.309999465942383,591700
2008-04-15,25.309999465942383,25.6299991607666,24.979999542236328,25.520000457763672,303300
2008-04-16,25.989999771118164,26.81999969482422,25.889999389648438,26.760000228881836,359000
2008-04-17,26.489999771118164,26.93000030517578,25.950000762939453,26.809999465942383,439800
2008-04-18,27.260000228881836,28.0,27.059999465942383,27.549999237060547,686300
2008-04-21,27.219999313354492,27.799999237060547,26.670000076293945,27.68000030517578,445200
2008-04-22,27.0,27.100000381469727,26.5,27.020000457763672,336000
2008-04-23,27.15999984741211,27.260000228881836,26.389999389648438,26.690000534057617,278400
2008-04-24,26.940000534057617,27.530000686645508,26.309999465942383,27.350000381469727,263500
2008-04-25,27.559999465942383,27.559999465942383,26.610000610351562,27.100000381469727,232700
2008-04-28,27.139999389648438,27.299999237060547,26.3700008392334,26.8799991607666,371600
2008-04-29,26.59000015258789,27.209999084472656,26.440000534057617,26.850000381469727,399900
2008-04-30,26.989999771118164,27.989999771118164,26.899999618530273,27.459999084472656,587800
2008-05-01,27.469999313354492,28.450000762939453,27.309999465942383,28.40999984741211,946500
2008-05-02,28.690000534057617,29.25,28.420000076293945,28.889999389648438,672200
2008-05-05,28.780000686645508,29.239999771118164,28.610000610351562,28.75,413300
2008-05-06,28.6299991607666,29.059999465942383,28.520000457763672,28.889999389648438,513700
2008-05-07,29.0,29.239999771118164,28.6200008392334,28.899999618530273,717800
2008-05-08,29.600000381469727,29.989999771118164,29.170000076293945,29.75,1997300
2008-05-09,29.690000534057617,29.979999542236328,29.469999313354492,29.59000015258789,648300
2008-05-12,29.739999771118164,29.950000762939453,29.5,29.799999237060547,1239100
2008-05-13,30.0,30.200000762939453,29.639999389648438,29.959999084472656,1556400
2008-05-14,29.81999969482422,30.0,29.399999618530273,29.850000381469727,1048100
2008-05-15,29.790000915527344,30.0,29.649999618530273,29.889999389648438,714900
2008-05-16,29.989999771118164,30.290000915527344,29.700000762939453,30.200000762939453,2779200
2008-05-19,30.850000381469727,31.649999618530273,30.34000015258789,31.31999969482422,2491100
2008-05-20,31.149999618530273,32.0,30.93000030517578,31.940000534057617,2389800
2008-05-21,31.920000076293945,32.130001068115234,31.0,31.149999618530273,1358700
2008-05-22,31.190000534057617,31.459999084472656,30.8799991607666,31.030000686645508,1151300
2008-05-23,30.940000534057617,30.979999542236328,29.579999923706055,30.399999618530273,809400
2008-05-27,30.3799991607666,30.649999618530273,29.75,30.6200008392334,710400
2008-05-28,30.6200008392334,30.989999771118164,30.329999923706055,30.959999084472656,535600
2008-05-29,30.920000076293945,31.1299991607666,30.239999771118164,31.1299991607666,739400
2008-05-30,31.110000610351562,32.540000915527344,30.809999465942383,32.209999084472656,2549400
2008-06-02,32.310001373291016,32.310001373291016,31.350000381469727,31.690000534057617,834200
2008-06-03,32.029998779296875,32.06999969482422,31.3700008392334,31.6299991607666,675500
2008-06-04,31.56999969482422,31.690000534057617,30.899999618530273,31.579999923706055,655700
2008-06-05,31.68000030517578,32.279998779296875,31.459999084472656,32.25,651500
2008-06-06,32.02000045776367,32.13999938964844,31.25,31.639999389648438,590200
2008-06-09,31.690000534057617,32.209999084472656,31.149999618530273,31.5,460300
2008-06-10,31.209999084472656,31.450000762939453,30.770000457763672,31.270000457763672,568100
2008-06-11,31.25,31.25,30.3700008392334,30.68000030517578,641000
2008-06-12,30.65999984741211,31.6200008392334,30.65999984741211,31.399999618530273,712700
2008-06-13,31.65999984741211,32.790000915527344,31.65999984741211,32.790000915527344,978100
2008-06-16,32.880001068115234,34.20000076293945,32.400001525878906,34.0,1287000
2008-06-17,34.11000061035156,34.5,33.61000061035156,34.130001068115234,1396500
2008-06-18,33.959999084472656,33.959999084472656,32.209999084472656,32.52000045776367,945600
2008-06-19,32.599998474121094,32.599998474121094,30.84000015258789,31.799999237060547,1058100
2008-06-20,31.600000381469727,31.959999084472656,30.899999618530273,31.049999237060547,764200
2008-06-23,31.18000030517578,31.3799991607666,30.520000457763672,31.06999969482422,376600
2008-06-24,31.049999237060547,31.969999313354492,30.649999618530273,31.579999923706055,648700
2008-06-25,31.84000015258789,32.06999969482422,31.040000915527344,31.950000762939453,547900
2008-06-26,31.6200008392334,31.829999923706055,30.25,31.440000534057617,1374400
2008-06-27,31.469999313354492,33.290000915527344,31.440000534057617,33.130001068115234,7203700
2008-06-30,33.939998626708984,33.939998626708984,32.290000915527344,32.529998779296875,983500
2008-07-01,32.099998474121094,33.31999969482422,31.770000457763672,33.18000030517578,1051800
2008-07-02,33.04999923706055,33.400001525878906,31.940000534057617,32.11000061035156,1180300
2008-07-03,32.11000061035156,32.25,30.889999389648438,31.09000015258789,639900
2008-07-07,31.09000015258789,31.260000228881836,29.40999984741211,29.889999389648438,1086800
2008-07-08,29.649999618530273,30.579999923706055,28.940000534057617,30.579999923706055,966200
2008-07-09,30.520000457763672,32.40999984741211,30.190000534057617,30.190000534057617,831500
2008-07-10,30.25,30.43000030517578,29.40999984741211,30.0,870000
2008-07-11,29.489999771118164,30.420000076293945,28.959999084472656,29.75,773800
2008-07-14,30.309999465942383,30.450000762939453,29.389999389648438,29.940000534057617,834500
2008-07-15,29.489999771118164,29.969999313354492,28.899999618530273,29.489999771118164,444400
2008-07-16,29.68000030517578,29.940000534057617,28.989999771118164,29.940000534057617,499400
2008-07-17,29.860000610351562,30.389999389648438,29.079999923706055,29.360000610351562,424800
2008-07-18,29.510000228881836,29.540000915527344,28.799999237060547,29.139999389648438,795800
2008-07-21,29.010000228881836,29.68000030517578,28.670000076293945,29.56999969482422,484200
2008-07-22,29.510000228881836,29.510000228881836,28.860000610351562,29.309999465942383,418800
2008-07-23,28.940000534057617,29.649999618530273,28.940000534057617,29.31999969482422,490200
2008-07-24,29.190000534057617,29.34000015258789,27.59000015258789,27.90999984741211,1141100
2008-07-25,27.850000381469727,28.850000381469727,27.770000457763672,28.100000381469727,1028000
2008-07-28,28.290000915527344,28.40999984741211,27.600000381469727,27.709999084472656,291900
2008-07-29,27.6200008392334,28.280000686645508,27.43000030517578,27.8799991607666,593100
2008-07-30,27.760000228881836,29.020000457763672,27.729999542236328,28.899999618530273,534600
2008-07-31,28.079999923706055,28.989999771118164,28.079999923706055,28.469999313354492,647600
2008-08-01,28.31999969482422,28.899999618530273,27.920000076293945,28.200000762939453,609500
2008-08-04,28.1299991607666,28.389999389648438,27.149999618530273,27.56999969482422,993700
2008-08-05,27.549999237060547,28.489999771118164,27.5,28.059999465942383,580000
2008-08-06,28.059999465942383,29.34000015258789,28.049999237060547,28.81999969482422,619300
2008-08-07,29.469999313354492,30.65999984741211,29.309999465942383,29.860000610351562,1228000
2008-08-08,29.700000762939453,31.0,29.700000762939453,30.670000076293945,672600
2008-08-11,30.56999969482422,30.90999984741211,30.030000686645508,30.510000228881836,542100
2008-08-12,30.540000915527344,31.399999618530273,30.139999389648438,31.360000610351562,674200
2008-08-13,31.299999237060547,32.0099983215332,30.889999389648438,31.770000457763672,453400
2008-08-14,31.43000030517578,32.36000061035156,31.309999465942383,32.119998931884766,557000
2008-08-15,32.29999923706055,32.400001525878906,31.639999389648438,31.850000381469727,612000
2008-08-18,32.0,32.2599983215332,31.540000915527344,31.700000762939453,375500
2008-08-19,31.6200008392334,31.780000686645508,31.020000457763672,31.399999618530273,359400
2008-08-20,31.520000457763672,31.809999465942383,31.030000686645508,31.809999465942383,356300
2008-08-21,31.56999969482422,31.979999542236328,31.040000915527344,31.690000534057617,416000
2008-08-22,31.610000610351562,31.899999618530273,31.309999465942383,31.799999237060547,335400
2008-08-25,31.450000762939453,31.600000381469727,30.1200008392334,30.5,639600
2008-08-26,30.649999618530273,31.1200008392334,30.31999969482422,30.989999771118164,428800
2008-08-27,30.989999771118164,31.600000381469727,30.690000534057617,31.239999771118164,395400
2008-08-28,31.270000457763672,31.299999237060547,30.770000457763672,31.229999542236328,424000
2008-08-29,31.290000915527344,32.16999816894531,31.170000076293945,31.959999084472656,484900
2008-09-02,32.40999984741211,32.40999984741211,30.510000228881836,30.8799991607666,527100
2008-09-03,30.65999984741211,31.229999542236328,29.170000076293945,29.549999237060547,885600
2008-09-04,29.200000762939453,29.579999923706055,27.68000030517578,27.81999969482422,833200
2008-09-05,27.719999313354492,28.290000915527344,27.31999969482422,28.030000686645508,878500
2008-09-08,29.90999984741211,30.0,27.479999542236328,27.969999313354492,1088100
2008-09-09,27.719999313354492,27.790000915527344,23.799999237060547,24.06999969482422,1763400
2008-09-10,24.260000228881836,26.309999465942383,23.959999084472656,25.59000015258789,1203800
2008-09-11,25.110000610351562,25.149999618530273,24.290000915527344,24.729999542236328,1041600
2008-09-12,24.6200008392334,25.8700008392334,24.3799991607666,25.690000534057617,721200
2008-09-15,24.639999389648438,24.780000686645508,24.139999389648438,24.540000915527344,1206300
2008-09-16,24.010000228881836,24.920000076293945,23.649999618530273,24.639999389648438,1138800
2008-09-17,24.360000610351562,24.65999984741211,23.260000228881836,23.729999542236328,1196000
2008-09-18,23.940000534057617,25.540000915527344,23.420000076293945,25.1200008392334,1584000
2008-09-19,26.0,27.75,25.6200008392334,27.280000686645508,901900
2008-09-22,26.84000015258789,27.600000381469727,25.950000762939453,26.360000610351562,665600
2008-09-23,26.5,26.5,24.860000610351562,25.139999389648438,425300
2008-09-24,25.079999923706055,25.229999542236328,24.610000610351562,24.8799991607666,468600
2008-09-25,24.899999618530273,24.899999618530273,24.020000457763672,24.68000030517578,672400
2008-09-26,24.18000030517578,24.6200008392334,23.799999237060547,24.459999084472656,512000
2008-09-29,23.25,24.059999465942383,22.15999984741211,23.219999313354492,1372400
2008-09-30,23.510000228881836,24.440000534057617,22.739999771118164,24.440000534057617,633100
2008-10-01,23.889999389648438,24.079999923706055,22.3700008392334,23.229999542236328,763500
2008-10-02,23.0,23.09000015258789,20.329999923706055,20.469999313354492,810700
2008-10-03,20.729999542236328,21.489999771118164,19.790000915527344,19.790000915527344,943700
2008-10-06,19.520000457763672,19.520000457763672,16.850000381469727,18.549999237060547,1455800
2008-10-07,18.549999237060547,19.670000076293945,18.350000381469727,19.1200008392334,1504300
2008-10-08,18.440000534057617,19.25,17.709999084472656,18.18000030517578,1648200
2008-10-09,18.6299991607666,18.799999237060547,16.790000915527344,17.209999084472656,1081500
2008-10-10,16.209999084472656,16.690000534057617,14.640000343322754,16.3700008392334,1439500
2008-10-13,17.200000762939453,18.59000015258789,16.459999084472656,18.59000015258789,253900
2008-10-14,19.299999237060547,19.5,18.09000015258789,18.940000534057617,999300
2008-10-15,18.360000610351562,18.459999084472656,16.1299991607666,16.3799991607666,691100
2008-10-16,16.549999237060547,17.510000228881836,15.649999618530273,17.510000228881836,622600
2008-10-17,17.290000915527344,18.670000076293945,16.780000686645508,17.729999542236328,510000
2008-10-20,18.139999389648438,19.25,17.829999923706055,19.25,772500
2008-10-21,19.229999542236328,19.690000534057617,18.5,18.75,680100
2008-10-22,18.25,18.420000076293945,16.59000015258789,17.190000534057617,552400
2008-10-23,17.209999084472656,17.479999542236328,15.1899995803833,15.699999809265137,930800
2008-10-24,14.6899995803833,15.859999656677246,14.430000305175781,15.390000343322754,657000
2008-10-27,14.90999984741211,15.960000038146973,14.90999984741211,15.220000267028809,517600
2008-10-28,15.399999618530273,16.43000030517578,14.930000305175781,16.360000610351562,707100
2008-10-29,16.06999969482422,17.979999542236328,15.989999771118164,17.3799991607666,851400
2008-10-30,17.68000030517578,18.0,16.690000534057617,17.899999618530273,443700
2008-10-31,17.969999313354492,18.079999923706055,16.799999237060547,17.6299991607666,632800
2008-11-03,17.860000610351562,17.989999771118164,17.040000915527344,17.65999984741211,317900
2008-11-04,17.920000076293945,19.479999542236328,17.920000076293945,19.389999389648438,591100
2008-11-05,19.010000228881836,19.219999313354492,17.25,17.309999465942383,412200
2008-11-06,17.31999969482422,17.5,16.270000457763672,16.31999969482422,384900
2008-11-07,16.440000534057617,16.8799991607666,16.020000457763672,16.8799991607666,489600
2008-11-10,17.280000686645508,18.170000076293945,17.040000915527344,17.309999465942383,570300
2008-11-11,17.09000015258789,17.75,16.899999618530273,17.600000381469727,578100
2008-11-12,17.610000610351562,19.149999618530273,17.06999969482422,18.780000686645508,1310000
2008-11-13,19.1200008392334,21.760000228881836,18.010000228881836,21.510000228881836,1959300
2008-11-14,21.290000915527344,21.290000915527344,19.5,19.809999465942383,947200
2008-11-17,19.799999237060547,20.3799991607666,18.959999084472656,19.34000015258789,558600
2008-11-18,19.530000686645508,20.290000915527344,18.979999542236328,19.600000381469727,695700
2008-11-19,19.84000015258789,21.299999237060547,19.700000762939453,20.770000457763672,1284100
2008-11-20,20.350000381469727,21.829999923706055,19.510000228881836,20.479999542236328,1087600
2008-11-21,21.440000534057617,21.59000015258789,19.760000228881836,21.100000381469727,1212200
2008-11-24,21.25,25.469999313354492,21.25,24.649999618530273,2177800
2008-11-25,24.5,26.959999084472656,23.3700008392334,26.770000457763672,2326400
2008-11-26,26.469999313354492,27.200000762939453,25.6299991607666,26.780000686645508,1492300
2008-11-28,26.3700008392334,26.6200008392334,25.829999923706055,26.489999771118164,621800
2008-12-01,26.299999237060547,26.299999237060547,23.799999237060547,23.940000534057617,1260000
2008-12-02,24.639999389648438,26.059999465942383,24.440000534057617,25.6200008392334,1202800
2008-12-03,24.780000686645508,26.5,24.260000228881836,26.190000534057617,992200
2008-12-04,26.200000762939453,26.90999984741211,24.959999084472656,25.290000915527344,1242200
2008-12-05,24.65999984741211,27.690000534057617,23.920000076293945,27.59000015258789,1934300
2008-12-08,28.649999618530273,31.049999237060547,26.799999237060547,30.5,3495500
2008-12-09,30.690000534057617,30.690000534057617,29.0,29.399999618530273,1783000
2008-12-10,30.0,30.299999237060547,28.75,29.229999542236328,1720000
2008-12-11,28.799999237060547,30.0,28.270000457763672,28.649999618530273,1254800
2008-12-12,27.709999084472656,28.690000534057617,27.040000915527344,28.690000534057617,1202800
2008-12-15,28.809999465942383,29.389999389648438,25.84000015258789,25.940000534057617,1747500
2008-12-16,26.530000686645508,29.229999542236328,26.530000686645508,29.049999237060547,1499200
2008-12-17,28.510000228881836,31.709999084472656,28.190000534057617,30.0,2583300
2008-12-18,30.56999969482422,30.739999771118164,28.110000610351562,29.510000228881836,1254100
2008-12-19,29.860000610351562,29.860000610351562,28.299999237060547,29.200000762939453,1146200
2008-12-22,28.889999389648438,29.360000610351562,27.770000457763672,28.1200008392334,1032000
2008-12-23,27.93000030517578,29.549999237060547,27.360000610351562,28.719999313354492,952800
2008-12-24,29.1200008392334,29.1299991607666,28.0,28.729999542236328,367500
2008-12-26,29.760000228881836,30.3700008392334,28.850000381469727,30.1299991607666,933800
2008-12-29,30.350000381469727,30.360000610351562,28.690000534057617,29.200000762939453,960200
2008-12-30,29.030000686645508,30.170000076293945,28.0,28.0,2542000
2008-12-31,28.350000381469727,31.020000457763672,28.25,30.729999542236328,2111800
2009-01-02,30.989999771118164,32.91999816894531,30.34000015258789,32.34000015258789,1507500
2009-01-05,32.27000045776367,32.27000045776367,30.799999237060547,31.43000030517578,1515400
2009-01-06,32.33000183105469,32.33000183105469,30.43000030517578,30.68000030517578,1385200
2009-01-07,30.040000915527344,30.040000915527344,28.0,28.59000015258789,2009600
2009-01-08,28.229999542236328,29.799999237060547,28.020000457763672,29.15999984741211,1348500
2009-01-09,29.5,30.1299991607666,28.06999969482422,29.600000381469727,1643100
2009-01-12,29.889999389648438,29.889999389648438,27.149999618530273,27.420000076293945,1456900
2009-01-13,27.149999618530273,28.209999084472656,26.459999084472656,28.030000686645508,1102000
2009-01-14,27.690000534057617,27.690000534057617,23.950000762939453,24.440000534057617,3356900
2009-01-15,24.100000381469727,25.579999923706055,22.639999389648438,25.100000381469727,2145900
2009-01-16,25.899999618530273,26.700000762939453,25.229999542236328,26.600000381469727,1460800
2009-01-20,26.299999237060547,26.31999969482422,24.829999923706055,25.010000228881836,1174800
2009-01-21,25.719999313354492,26.440000534057617,25.010000228881836,26.399999618530273,936700
2009-01-22,25.450000762939453,25.68000030517578,24.149999618530273,25.0,1323500
2009-01-23,24.280000686645508,26.149999618530273,24.010000228881836,25.639999389648438,1102400
2009-01-26,25.979999542236328,27.170000076293945,25.510000228881836,26.360000610351562,1354600
2009-01-27,26.84000015258789,27.09000015258789,26.0,26.75,645000
2009-01-28,27.6200008392334,27.889999389648438,26.899999618530273,27.510000228881836,828800
2009-01-29,27.3700008392334,27.3799991607666,25.579999923706055,25.969999313354492,693800
2009-01-30,26.479999542236328,26.479999542236328,24.510000228881836,25.309999465942383,1040900
2009-02-02,24.6200008392334,25.079999923706055,23.899999618530273,24.34000015258789,1109300
2009-02-03,24.360000610351562,25.350000381469727,24.110000610351562,25.049999237060547,1344900
2009-02-04,25.209999084472656,26.530000686645508,24.989999771118164,25.329999923706055,873500
2009-02-05,25.34000015258789,26.200000762939453,24.6200008392334,25.469999313354492,802900
2009-02-06,25.719999313354492,26.780000686645508,25.540000915527344,26.690000534057617,923900
2009-02-09,26.579999923706055,27.639999389648438,26.420000076293945,27.299999237060547,1063700
2009-02-10,28.399999618530273,29.450000762939453,26.8700008392334,27.350000381469727,2548500
2009-02-11,27.34000015258789,27.959999084472656,25.450000762939453,26.670000076293945,1081400
2009-02-12,25.8799991607666,26.209999084472656,25.0,26.18000030517578,1148300
2009-02-13,26.010000228881836,26.290000915527344,25.270000457763672,25.59000015258789,766900
2009-02-17,25.190000534057617,25.190000534057617,22.510000228881836,22.59000015258789,2338100
2009-02-18,22.829999923706055,22.829999923706055,20.84000015258789,21.81999969482422,2298900
2009-02-19,22.59000015258789,23.850000381469727,21.770000457763672,21.889999389648438,1761400
2009-02-20,21.59000015258789,22.229999542236328,21.15999984741211,22.0,1320400
2009-02-23,22.729999542236328,23.530000686645508,21.559999465942383,21.68000030517578,1541900
2009-02-24,21.6200008392334,22.829999923706055,20.889999389648438,22.6299991607666,1643600
2009-02-25,23.93000030517578,24.969999313354492,23.65999984741211,24.559999465942383,3938300
2009-02-26,24.649999618530273,25.299999237060547,24.139999389648438,24.489999771118164,1861200
2009-02-27,23.979999542236328,25.440000534057617,23.850000381469727,24.530000686645508,2504800
2009-03-02,23.690000534057617,24.139999389648438,22.440000534057617,22.600000381469727,2171500
2009-03-03,21.440000534057617,21.459999084472656,20.010000228881836,20.299999237060547,9246500
2009-03-04,20.829999923706055,21.799999237060547,20.3700008392334,21.31999969482422,4843700
2009-03-05,20.979999542236328,21.1200008392334,20.5,21.010000228881836,2287400
2009-03-06,20.90999984741211,21.489999771118164,20.350000381469727,21.170000076293945,2940600
2009-03-09,20.8700008392334,22.100000381469727,20.639999389648438,21.770000457763672,1678200
2009-03-10,22.149999618530273,24.399999618530273,22.059999465942383,23.93000030517578,2365500
2009-03-11,24.139999389648438,24.299999237060547,23.459999084472656,24.0,1693900
2009-03-12,23.889999389648438,25.25,23.309999465942383,25.09000015258789,1451100
2009-03-13,25.239999771118164,25.979999542236328,24.700000762939453,25.760000228881836,1566900
2009-03-16,25.770000457763672,25.770000457763672,24.3799991607666,24.809999465942383,1453700
2009-03-17,24.850000381469727,26.239999771118164,24.639999389648438,26.1200008392334,1341300
2009-03-18,25.68000030517578,26.290000915527344,25.010000228881836,25.719999313354492,1787500
2009-03-19,26.0,26.030000686645508,24.65999984741211,25.040000915527344,1492100
2009-03-20,25.1299991607666,25.25,24.3799991607666,24.510000228881836,1222900
2009-03-23,25.260000228881836,26.0,24.6299991607666,26.0,841300
2009-03-24,25.479999542236328,26.3700008392334,25.450000762939453,25.6200008392334,840200
2009-03-25,25.209999084472656,26.8799991607666,24.799999237060547,26.270000457763672,1117500
2009-03-26,26.510000228881836,27.209999084472656,26.299999237060547,27.200000762939453,1253500
2009-03-27,26.719999313354492,27.139999389648438,26.040000915527344,26.549999237060547,832200
2009-03-30,25.829999923706055,26.18000030517578,24.940000534057617,25.479999542236328,764200
2009-03-31,25.84000015258789,26.760000228881836,25.6200008392334,26.079999923706055,1155500
2009-04-01,25.600000381469727,26.920000076293945,25.399999618530273,26.489999771118164,777500
2009-04-02,27.200000762939453,28.059999465942383,27.15999984741211,27.649999618530273,1154200
2009-04-03,27.290000915527344,28.65999984741211,27.290000915527344,28.579999923706055,1010000
2009-04-06,28.299999237060547,28.350000381469727,27.170000076293945,27.920000076293945,608200
2009-04-07,27.40999984741211,27.600000381469727,26.729999542236328,26.850000381469727,610600
2009-04-08,27.040000915527344,27.5,26.110000610351562,26.469999313354492,933600
2009-04-09,27.399999618530273,28.440000534057617,27.170000076293945,28.329999923706055,938800
2009-04-13,27.940000534057617,28.479999542236328,27.43000030517578,28.0,509200
2009-04-14,27.510000228881836,27.510000228881836,26.59000015258789,26.989999771118164,892200
2009-04-15,26.860000610351562,27.649999618530273,26.56999969482422,27.389999389648438,801000
2009-04-16,27.56999969482422,28.0,27.18000030517578,27.75,874300
2009-04-17,27.75,27.989999771118164,27.110000610351562,27.209999084472656,1031500
2009-04-20,26.6200008392334,27.06999969482422,26.1200008392334,26.34000015258789,740900
2009-04-21,26.25,27.5,26.25,27.440000534057617,863500
2009-04-22,27.110000610351562,27.989999771118164,26.579999923706055,26.760000228881836,891100
2009-04-23,26.93000030517578,26.93000030517578,24.600000381469727,25.440000534057617,1360600
2009-04-24,25.639999389648438,26.100000381469727,25.139999389648438,25.479999542236328,1089700
2009-04-27,25.149999618530273,25.68000030517578,25.020000457763672,25.200000762939453,1164100
2009-04-28,25.389999389648438,26.18000030517578,25.020000457763672,25.610000610351562,742200
2009-04-29,25.90999984741211,26.5,25.540000915527344,25.75,798600
2009-04-30,25.969999313354492,26.600000381469727,25.639999389648438,25.729999542236328,980700
2009-05-01,25.540000915527344,25.540000915527344,24.760000228881836,25.209999084472656,1004700
2009-05-04,25.809999465942383,26.979999542236328,25.5,26.639999389648438,774900
2009-05-05,26.6200008392334,27.75,26.420000076293945,27.59000015258789,1102800
2009-05-06,27.780000686645508,28.399999618530273,26.799999237060547,28.239999771118164,1374800
2009-05-07,28.5,29.75,27.809999465942383,29.59000015258789,2621600
2009-05-08,29.979999542236328,31.149999618530273,29.530000686645508,31.030000686645508,2815800
2009-05-11,30.489999771118164,30.489999771118164,28.709999084472656,30.15999984741211,1740100
2009-05-12,30.09000015258789,30.40999984741211,29.110000610351562,30.270000457763672,995300
2009-05-13,29.65999984741211,29.719999313354492,28.760000228881836,29.34000015258789,1321000
2009-05-14,29.34000015258789,30.34000015258789,28.549999237060547,29.639999389648438,1134000
2009-05-15,29.639999389648438,30.5,29.459999084472656,29.790000915527344,898200
2009-05-18,30.170000076293945,30.6299991607666,29.729999542236328,30.559999465942383,1075100
2009-05-19,30.489999771118164,31.09000015258789,29.90999984741211,30.559999465942383,1337600
2009-05-20,30.899999618530273,31.1200008392334,29.479999542236328,29.59000015258789,1127500
2009-05-21,29.389999389648438,29.399999618530273,28.469999313354492,29.219999313354492,742900
2009-05-22,29.270000457763672,29.34000015258789,28.450000762939453,29.239999771118164,617200
2009-05-26,28.8799991607666,31.0,28.280000686645508,30.989999771118164,1452900
2009-05-27,30.940000534057617,31.6299991607666,30.790000915527344,30.979999542236328,1489300
2009-05-28,31.299999237060547,31.75,29.959999084472656,31.59000015258789,1190000
2009-05-29,31.690000534057617,31.90999984741211,31.0,31.90999984741211,1066300
2009-06-01,31.8799991607666,31.979999542236328,30.780000686645508,31.18000030517578,1467300
2009-06-02,31.34000015258789,31.809999465942383,31.0,31.479999542236328,1592500
2009-06-03,31.09000015258789,31.3700008392334,29.950000762939453,30.530000686645508,978900
2009-06-04,30.670000076293945,31.079999923706055,29.920000076293945,30.739999771118164,1180200
2009-06-05,31.149999618530273,31.469999313354492,30.3700008392334,30.899999618530273,726000
2009-06-08,30.510000228881836,30.860000610351562,29.8700008392334,30.34000015258789,993400
2009-06-09,30.440000534057617,30.5,30.030000686645508,30.200000762939453,990200
2009-06-10,30.459999084472656,30.799999237060547,29.920000076293945,30.709999084472656,1439200
2009-06-11,30.84000015258789,31.34000015258789,30.829999923706055,31.09000015258789,716300
2009-06-12,30.940000534057617,30.940000534057617,30.25,30.670000076293945,388100
2009-06-15,30.209999084472656,30.399999618530273,29.459999084472656,29.84000015258789,647500
2009-06-16,30.170000076293945,30.280000686645508,28.850000381469727,29.200000762939453,825900
2009-06-17,29.260000228881836,29.489999771118164,28.6299991607666,29.059999465942383,639200
2009-06-18,29.200000762939453,29.90999984741211,28.68000030517578,29.780000686645508,602800
2009-06-19,30.030000686645508,30.440000534057617,29.780000686645508,30.3799991607666,1023700
2009-06-22,30.1299991607666,30.1299991607666,28.90999984741211,29.06999969482422,831800
2009-06-23,29.149999618530273,29.209999084472656,28.420000076293945,28.540000915527344,661100
2009-06-24,28.6299991607666,29.450000762939453,28.600000381469727,29.0,834900
2009-06-25,29.06999969482422,29.530000686645508,28.75,29.3799991607666,782200
2009-06-26,29.290000915527344,29.399999618530273,28.809999465942383,29.239999771118164,1478700
2009-06-29,29.780000686645508,32.0,29.780000686645508,32.0,2036500
2009-06-30,31.969999313354492,32.220001220703125,31.6200008392334,32.0,1089600
2009-07-01,32.150001525878906,32.150001525878906,31.149999618530273,31.350000381469727,770600
2009-07-02,30.780000686645508,30.780000686645508,29.68000030517578,29.68000030517578,710900
2009-07-06,29.639999389648438,29.81999969482422,29.0,29.799999237060547,765200
2009-07-07,29.809999465942383,29.809999465942383,29.139999389648438,29.139999389648438,868500
2009-07-08,29.170000076293945,30.5,29.170000076293945,29.579999923706055,1000900
2009-07-09,29.760000228881836,31.1299991607666,29.68000030517578,30.3799991607666,819000
2009-07-10,30.049999237060547,30.780000686645508,29.81999969482422,30.65999984741211,728900
2009-07-13,30.520000457763672,30.799999237060547,29.600000381469727,30.799999237060547,734800
2009-07-14,30.760000228881836,30.8700008392334,30.079999923706055,30.549999237060547,570300
2009-07-15,30.799999237060547,31.329999923706055,30.329999923706055,31.100000381469727,661300
2009-07-16,31.0,31.559999465942383,30.649999618530273,31.3700008392334,511800
2009-07-17,31.299999237060547,31.81999969482422,31.270000457763672,31.549999237060547,354500
2009-07-20,31.959999084472656,32.040000915527344,31.489999771118164,32.040000915527344,690800
2009-07-21,32.189998626708984,32.25,31.440000534057617,31.90999984741211,401000
2009-07-22,31.6299991607666,32.36000061035156,31.520000457763672,32.20000076293945,373100
2009-07-23,32.060001373291016,32.95000076293945,32.0,32.90999984741211,1195200
2009-07-24,32.560001373291016,33.20000076293945,32.08000183105469,32.9900016784668,1157800
2009-07-27,33.060001373291016,33.08000183105469,32.0,32.689998626708984,567200
2009-07-28,32.400001525878906,32.61000061035156,31.40999984741211,32.16999816894531,722700
2009-07-29,32.0099983215332,32.060001373291016,31.510000228881836,31.959999084472656,337300
2009-07-30,32.54999923706055,32.779998779296875,32.130001068115234,32.209999084472656,432700
2009-07-31,32.150001525878906,32.810001373291016,31.5,32.400001525878906,430200
2009-08-03,32.79999923706055,32.79999923706055,31.5,32.349998474121094,783300
2009-08-04,32.33000183105469,32.40999984741211,31.5,31.579999923706055,809200
2009-08-05,31.940000534057617,31.940000534057617,31.020000457763672,31.809999465942383,874600
2009-08-06,32.310001373291016,32.310001373291016,29.270000457763672,29.510000228881836,2374600
2009-08-07,29.75,31.59000015258789,28.850000381469727,31.399999618530273,1849400
2009-08-10,31.139999389648438,31.149999618530273,30.229999542236328,30.459999084472656,1072000
2009-08-11,30.290000915527344,30.549999237060547,29.780000686645508,30.290000915527344,529000
2009-08-12,29.940000534057617,30.68000030517578,29.610000610351562,30.049999237060547,509300
2009-08-13,30.020000457763672,30.049999237060547,29.110000610351562,29.56999969482422,931800
2009-08-14,29.600000381469727,29.75,28.579999923706055,28.739999771118164,899800
2009-08-17,28.5,28.5,27.600000381469727,28.059999465942383,1185700
2009-08-18,28.1200008392334,28.1200008392334,27.59000015258789,28.049999237060547,1608700
2009-08-19,27.899999618530273,28.729999542236328,27.5,28.610000610351562,660400
2009-08-20,28.59000015258789,29.15999984741211,27.299999237060547,28.75,529900
2009-08-21,29.010000228881836,29.1200008392334,28.170000076293945,28.18000030517578,1282900
2009-08-24,28.489999771118164,28.489999771118164,27.440000534057617,27.610000610351562,1327200
2009-08-25,27.68000030517578,28.25,27.540000915527344,27.739999771118164,1006600
2009-08-26,27.739999771118164,28.920000076293945,27.25,28.420000076293945,1604400
2009-08-27,28.469999313354492,28.510000228881836,27.68000030517578,28.280000686645508,830100
2009-08-28,28.469999313354492,28.68000030517578,27.450000762939453,27.809999465942383,972800
2009-08-31,27.479999542236328,27.520000457763672,26.739999771118164,27.40999984741211,872500
2009-09-01,27.170000076293945,28.209999084472656,27.100000381469727,27.239999771118164,815200
2009-09-02,27.049999237060547,28.0,27.049999237060547,27.219999313354492,1782500
2009-09-03,27.290000915527344,28.040000915527344,27.1299991607666,28.010000228881836,824100
2009-09-04,28.059999465942383,28.43000030517578,27.639999389648438,28.219999313354492,912600
2009-09-08,28.639999389648438,29.110000610351562,28.450000762939453,28.639999389648438,887100
2009-09-09,28.700000762939453,28.850000381469727,28.149999618530273,28.239999771118164,1480500
2009-09-10,28.299999237060547,28.489999771118164,28.079999923706055,28.299999237060547,765700
2009-09-11,28.079999923706055,28.420000076293945,27.729999542236328,27.93000030517578,1143200
2009-09-14,27.639999389648438,28.25,27.399999618530273,28.139999389648438,897600
2009-09-15,28.010000228881836,28.06999969482422,27.309999465942383,27.84000015258789,1231400
2009-09-16,27.780000686645508,28.520000457763672,27.670000076293945,28.299999237060547,1206000
2009-09-17,28.079999923706055,28.989999771118164,27.75,28.799999237060547,1074600
2009-09-18,28.889999389648438,29.0,28.649999618530273,28.790000915527344,2503100
2009-09-21,28.530000686645508,28.579999923706055,27.639999389648438,27.75,1207900
2009-09-22,27.84000015258789,28.149999618530273,27.18000030517578,27.739999771118164,1203200
2009-09-23,27.559999465942383,27.760000228881836,27.270000457763672,27.350000381469727,640200
2009-09-24,27.360000610351562,27.579999923706055,26.65999984741211,26.940000534057617,1115700
2009-09-25,26.81999969482422,27.1299991607666,26.139999389648438,26.200000762939453,1114200
2009-09-28,26.25,27.079999923706055,26.25,26.610000610351562,1051200
2009-09-29,26.860000610351562,27.729999542236328,26.270000457763672,27.549999237060547,2034100
2009-09-30,27.5,27.780000686645508,26.790000915527344,27.139999389648438,1082300
2009-10-01,27.110000610351562,27.31999969482422,26.6299991607666,26.649999618530273,1176000
2009-10-02,26.520000457763672,26.889999389648438,26.25,26.329999923706055,784200
2009-10-05,26.350000381469727,26.59000015258789,26.0,26.389999389648438,1057600
2009-10-06,26.670000076293945,26.799999237060547,25.969999313354492,26.030000686645508,1624500
2009-10-07,25.959999084472656,26.389999389648438,25.75,26.020000457763672,1680700
2009-10-08,26.139999389648438,26.670000076293945,26.09000015258789,26.3799991607666,1282200
2009-10-09,26.110000610351562,26.350000381469727,25.989999771118164,26.229999542236328,790900
2009-10-12,26.280000686645508,26.5,25.90999984741211,26.0,484000
2009-10-13,26.010000228881836,26.049999237060547,25.56999969482422,25.649999618530273,692900
2009-10-14,25.799999237060547,25.8700008392334,25.100000381469727,25.670000076293945,1965200
2009-10-15,25.559999465942383,26.100000381469727,25.440000534057617,26.059999465942383,1241300
2009-10-16,25.989999771118164,26.06999969482422,25.510000228881836,25.8799991607666,894500
2009-10-19,25.979999542236328,26.209999084472656,25.700000762939453,26.18000030517578,799300
2009-10-20,26.139999389648438,26.56999969482422,25.719999313354492,25.850000381469727,885000
2009-10-21,25.75,26.110000610351562,25.610000610351562,25.649999618530273,698700
2009-10-22,25.719999313354492,25.829999923706055,25.459999084472656,25.690000534057617,729700
2009-10-23,25.860000610351562,26.0,25.309999465942383,25.579999923706055,690600
2009-10-26,26.239999771118164,27.110000610351562,26.149999618530273,26.850000381469727,2257100
2009-10-27,26.90999984741211,27.059999465942383,26.229999542236328,26.489999771118164,986100
2009-10-28,26.43000030517578,26.489999771118164,25.790000915527344,25.799999237060547,906400
2009-10-29,26.190000534057617,26.489999771118164,25.729999542236328,26.290000915527344,711500
2009-10-30,26.260000228881836,26.3799991607666,25.239999771118164,25.239999771118164,904700
2009-11-02,25.219999313354492,25.709999084472656,25.0,25.3700008392334,1131000
2009-11-03,25.280000686645508,25.420000076293945,24.709999084472656,25.110000610351562,1194500
2009-11-04,25.209999084472656,25.90999984741211,25.209999084472656,25.389999389648438,635200
2009-11-05,25.889999389648438,25.959999084472656,25.399999618530273,25.899999618530273,840800
2009-11-06,25.6200008392334,25.75,25.110000610351562,25.270000457763672,1023100
2009-11-09,25.5,25.850000381469727,25.309999465942383,25.43000030517578,1044500
2009-11-10,25.40999984741211,25.68000030517578,25.1200008392334,25.270000457763672,1208700
2009-11-11,25.5,25.799999237060547,25.34000015258789,25.469999313354492,921800
2009-11-12,26.6200008392334,27.809999465942383,26.299999237060547,26.719999313354492,2369500
2009-11-13,26.899999618530273,28.040000915527344,26.809999465942383,28.010000228881836,1909800
2009-11-16,28.1299991607666,28.610000610351562,27.75,28.440000534057617,1151400
2009-11-17,28.25,28.31999969482422,27.760000228881836,28.040000915527344,664100
2009-11-18,27.959999084472656,28.100000381469727,27.139999389648438,28.049999237060547,1065500
2009-11-19,27.860000610351562,27.860000610351562,26.850000381469727,27.18000030517578,1195600
2009-11-20,26.940000534057617,27.149999618530273,26.75,27.079999923706055,804900
2009-11-23,27.09000015258789,27.549999237060547,27.09000015258789,27.440000534057617,624100
2009-11-24,27.40999984741211,27.579999923706055,26.770000457763672,26.969999313354492,883500
2009-11-25,26.950000762939453,26.950000762939453,26.309999465942383,26.469999313354492,688000
2009-11-27,25.81999969482422,26.010000228881836,25.3700008392334,25.489999771118164,573900
2009-11-30,25.389999389648438,25.6200008392334,25.100000381469727,25.399999618530273,1128500
2009-12-01,25.43000030517578,25.559999465942383,24.979999542236328,24.989999771118164,1589100
2009-12-02,25.0,25.510000228881836,24.31999969482422,24.450000762939453,4561700
2009-12-03,24.450000762939453,24.8700008392334,24.40999984741211,24.540000915527344,1754600
2009-12-04,24.90999984741211,24.969999313354492,24.030000686645508,24.59000015258789,1276000
2009-12-07,24.649999618530273,24.780000686645508,24.329999923706055,24.6299991607666,999200
2009-12-08,24.360000610351562,24.43000030517578,24.059999465942383,24.309999465942383,1176700
2009-12-09,24.399999618530273,24.809999465942383,24.309999465942383,24.739999771118164,1143700
2009-12-10,24.920000076293945,25.18000030517578,24.739999771118164,25.1299991607666,863300
2009-12-11,25.31999969482422,25.450000762939453,25.110000610351562,25.15999984741211,582800
2009-12-14,25.25,26.290000915527344,25.040000915527344,26.219999313354492,1598700
2009-12-15,26.280000686645508,27.209999084472656,26.0,26.989999771118164,2043300
2009-12-16,26.8700008392334,27.25,26.420000076293945,26.860000610351562,887900
2009-12-17,26.760000228881836,27.139999389648438,26.559999465942383,26.81999969482422,980000
2009-12-18,26.979999542236328,27.200000762939453,26.639999389648438,27.200000762939453,1371200
2009-12-21,27.260000228881836,27.5,27.200000762939453,27.420000076293945,532300
2009-12-22,27.5,27.6200008392334,27.260000228881836,27.610000610351562,706200
2009-12-23,27.610000610351562,28.0,27.5,27.959999084472656,572300
2009-12-24,28.0,28.059999465942383,27.739999771118164,28.020000457763672,245100
2009-12-28,28.059999465942383,28.40999984741211,27.709999084472656,28.40999984741211,770500
2009-12-29,28.530000686645508,28.530000686645508,28.059999465942383,28.149999618530273,457300
2009-12-30,27.93000030517578,28.049999237060547,27.5,27.75,569500
2009-12-31,27.829999923706055,27.8799991607666,27.43000030517578,27.5,322600
2010-01-04,27.549999237060547,28.170000076293945,27.549999237060547,28.149999618530273,726300
2010-01-05,28.190000534057617,28.459999084472656,27.979999542236328,28.459999084472656,518500
2010-01-06,28.3700008392334,29.43000030517578,28.3700008392334,29.190000534057617,1071500
2010-01-07,29.25,30.309999465942383,28.979999542236328,30.170000076293945,1330300
2010-01-08,29.959999084472656,30.739999771118164,29.950000762939453,30.479999542236328,907500
2010-01-11,30.34000015258789,30.5,29.610000610351562,29.989999771118164,797900
2010-01-12,29.709999084472656,29.739999771118164,29.1200008392334,29.6200008392334,560900
2010-01-13,29.770000457763672,29.979999542236328,29.209999084472656,29.690000534057617,535800
2010-01-14,29.6299991607666,29.700000762939453,29.260000228881836,29.420000076293945,489100
2010-01-15,29.34000015258789,29.440000534057617,28.700000762939453,28.899999618530273,572700
2010-01-19,28.6200008392334,29.010000228881836,28.329999923706055,28.989999771118164,647400
2010-01-20,28.709999084472656,28.940000534057617,28.170000076293945,28.709999084472656,766300
2010-01-21,28.780000686645508,29.079999923706055,28.25,28.40999984741211,725100
2010-01-22,28.270000457763672,28.670000076293945,27.920000076293945,28.079999923706055,571200
2010-01-25,28.219999313354492,28.530000686645508,28.149999618530273,28.239999771118164,497000
2010-01-26,28.09000015258789,28.59000015258789,28.010000228881836,28.170000076293945,472800
2010-01-27,28.100000381469727,28.219999313354492,27.549999237060547,27.979999542236328,476000
2010-01-28,27.889999389648438,27.950000762939453,26.829999923706055,27.389999389648438,720700
2010-01-29,27.40999984741211,28.049999237060547,26.959999084472656,26.969999313354492,575100
2010-02-01,27.100000381469727,27.25,26.65999984741211,26.829999923706055,460100
2010-02-02,26.780000686645508,27.280000686645508,26.780000686645508,27.200000762939453,529900
2010-02-03,27.079999923706055,27.450000762939453,26.889999389648438,26.950000762939453,462400
2010-02-04,26.790000915527344,26.790000915527344,25.68000030517578,25.920000076293945,771400
2010-02-05,25.850000381469727,25.989999771118164,24.799999237060547,25.450000762939453,1118700
2010-02-08,25.540000915527344,26.049999237060547,25.350000381469727,25.799999237060547,1012600
2010-02-09,25.969999313354492,27.729999542236328,25.969999313354492,27.469999313354492,1433400
2010-02-10,27.440000534057617,27.600000381469727,26.850000381469727,27.309999465942383,903500
2010-02-11,27.34000015258789,27.440000534057617,26.889999389648438,27.309999465942383,843800
2010-02-12,27.079999923706055,27.440000534057617,26.719999313354492,27.43000030517578,1044800
2010-02-16,27.469999313354492,27.719999313354492,27.139999389648438,27.3700008392334,654100
2010-02-17,27.3700008392334,27.81999969482422,27.290000915527344,27.540000915527344,518800
2010-02-18,27.59000015258789,27.65999984741211,27.329999923706055,27.6200008392334,333900
2010-02-19,27.510000228881836,27.68000030517578,27.31999969482422,27.65999984741211,376100
2010-02-22,27.790000915527344,27.93000030517578,27.170000076293945,27.200000762939453,472600
2010-02-23,27.010000228881836,27.239999771118164,26.68000030517578,26.81999969482422,513600
2010-02-24,26.899999618530273,27.100000381469727,26.639999389648438,27.06999969482422,476100
2010-02-25,26.690000534057617,27.290000915527344,26.450000762939453,27.280000686645508,574200
2010-02-26,27.280000686645508,27.3700008392334,26.90999984741211,27.100000381469727,455000
2010-03-01,27.100000381469727,27.309999465942383,26.81999969482422,27.290000915527344,400500
2010-03-02,27.239999771118164,27.3700008392334,27.0,27.200000762939453,449900
2010-03-03,27.15999984741211,28.1299991607666,27.15999984741211,28.040000915527344,948800
2010-03-04,27.90999984741211,28.18000030517578,27.520000457763672,28.149999618530273,627200
2010-03-05,28.34000015258789,28.790000915527344,28.239999771118164,28.670000076293945,473500
2010-03-08,28.709999084472656,28.709999084472656,28.270000457763672,28.329999923706055,427500
2010-03-09,28.139999389648438,28.520000457763672,28.1299991607666,28.25,388000
2010-03-10,28.190000534057617,28.399999618530273,28.049999237060547,28.360000610351562,458900
2010-03-11,28.229999542236328,28.309999465942383,27.700000762939453,28.290000915527344,360700
2010-03-12,28.309999465942383,28.479999542236328,27.959999084472656,28.329999923706055,564600
2010-03-15,28.1200008392334,28.549999237060547,27.510000228881836,28.1299991607666,981600
2010-03-16,28.09000015258789,28.389999389648438,27.950000762939453,28.3799991607666,541800
2010-03-17,28.520000457763672,29.049999237060547,28.520000457763672,28.790000915527344,574700
2010-03-18,28.799999237060547,28.969999313354492,28.469999313354492,28.56999969482422,424100
2010-03-19,29.350000381469727,29.360000610351562,28.600000381469727,29.350000381469727,1545500
2010-03-22,29.209999084472656,29.690000534057617,28.899999618530273,29.510000228881836,891700
2010-03-23,29.59000015258789,29.829999923706055,29.3700008392334,29.780000686645508,604600
2010-03-24,29.700000762939453,29.75,29.459999084472656,29.530000686645508,424500
2010-03-25,29.6200008392334,29.649999618530273,29.299999237060547,29.450000762939453,792500
2010-03-26,29.459999084472656,29.639999389648438,29.25,29.389999389648438,859300
2010-03-29,29.3799991607666,29.450000762939453,28.989999771118164,29.09000015258789,605100
2010-03-30,29.030000686645508,29.420000076293945,28.65999984741211,28.670000076293945,578600
2010-03-31,28.530000686645508,28.68000030517578,28.350000381469727,28.3700008392334,546800
2010-04-01,28.59000015258789,29.40999984741211,28.15999984741211,29.260000228881836,684700
2010-04-05,29.209999084472656,29.3799991607666,28.989999771118164,29.290000915527344,494000
2010-04-06,29.110000610351562,29.31999969482422,28.860000610351562,29.229999542236328,470500
2010-04-07,29.049999237060547,29.15999984741211,28.459999084472656,28.690000534057617,451300
2010-04-08,28.600000381469727,28.84000015258789,28.5,28.6200008392334,404600
2010-04-09,28.6299991607666,28.780000686645508,28.520000457763672,28.75,543100
2010-04-12,28.81999969482422,29.1299991607666,28.600000381469727,29.100000381469727,387500
2010-04-13,29.059999465942383,29.549999237060547,28.959999084472656,29.479999542236328,637600
2010-04-14,29.510000228881836,29.68000030517578,29.299999237060547,29.5,520100
2010-04-15,29.3799991607666,29.579999923706055,29.360000610351562,29.5,451400
2010-04-16,28.639999389648438,29.6299991607666,28.639999389648438,29.049999237060547,555100
2010-04-19,28.90999984741211,29.139999389648438,28.68000030517578,28.8700008392334,439600
2010-04-20,29.09000015258789,29.610000610351562,29.0,29.56999969482422,482000
2010-04-21,29.510000228881836,30.0,29.489999771118164,29.959999084472656,563000
2010-04-22,29.700000762939453,30.75,29.600000381469727,30.729999542236328,1011000
2010-04-23,30.709999084472656,30.889999389648438,30.450000762939453,30.719999313354492,548100
2010-04-26,30.6200008392334,30.90999984741211,30.34000015258789,30.6200008392334,496600
2010-04-27,30.34000015258789,30.899999618530273,29.93000030517578,30.010000228881836,624800
2010-04-28,30.040000915527344,30.31999969482422,29.790000915527344,29.989999771118164,379900
2010-04-29,30.18000030517578,30.700000762939453,29.93000030517578,30.559999465942383,394200
2010-04-30,30.639999389648438,30.8700008392334,30.040000915527344,30.06999969482422,614600
2010-05-03,29.780000686645508,30.469999313354492,29.780000686645508,30.450000762939453,376500
2010-05-04,30.049999237060547,30.110000610351562,29.0,29.530000686645508,621400
2010-05-05,29.200000762939453,29.600000381469727,28.700000762939453,29.309999465942383,587400
2010-05-06,29.350000381469727,29.68000030517578,26.25,27.989999771118164,1816100
2010-05-07,28.030000686645508,28.200000762939453,26.200000762939453,26.399999618530273,2011800
2010-05-10,28.229999542236328,28.229999542236328,27.200000762939453,27.3799991607666,1381000
2010-05-11,27.25,28.1299991607666,26.889999389648438,27.3799991607666,1297700
2010-05-12,27.450000762939453,28.34000015258789,27.450000762939453,28.1299991607666,661900
2010-05-13,28.149999618530273,28.579999923706055,27.709999084472656,27.93000030517578,922500
2010-05-14,27.739999771118164,27.739999771118164,26.549999237060547,26.84000015258789,854000
2010-05-17,27.0,27.280000686645508,26.1200008392334,26.770000457763672,724400
2010-05-18,27.110000610351562,27.389999389648438,26.43000030517578,26.549999237060547,735500
2010-05-19,26.520000457763672,26.850000381469727,26.020000457763672,26.209999084472656,997600
2010-05-20,25.760000228881836,25.760000228881836,24.920000076293945,24.920000076293945,1139900
2010-05-21,24.549999237060547,25.56999969482422,24.5,25.56999969482422,1023800
2010-05-24,25.43000030517578,25.489999771118164,24.940000534057617,24.940000534057617,691400
2010-05-25,24.329999923706055,24.8799991607666,24.040000915527344,24.850000381469727,1084400
2010-05-26,24.8799991607666,25.229999542236328,24.3799991607666,24.399999618530273,974800
2010-05-27,24.84000015258789,25.670000076293945,24.6200008392334,25.65999984741211,855100
2010-05-28,25.649999618530273,25.68000030517578,25.260000228881836,25.3799991607666,928900
2010-06-01,25.1299991607666,25.440000534057617,24.540000915527344,24.559999465942383,1012100
2010-06-02,24.729999542236328,25.09000015258789,24.690000534057617,25.06999969482422,1066300
2010-06-03,25.360000610351562,25.610000610351562,25.100000381469727,25.290000915527344,1088600
2010-06-04,24.84000015258789,25.209999084472656,24.5,24.6200008392334,744100
2010-06-07,24.809999465942383,24.940000534057617,23.6200008392334,23.709999084472656,981100
2010-06-08,24.030000686645508,24.110000610351562,23.18000030517578,23.459999084472656,988900
2010-06-09,23.56999969482422,24.3700008392334,23.56999969482422,23.81999969482422,639600
2010-06-10,24.25,24.540000915527344,24.06999969482422,24.489999771118164,526700
2010-06-11,24.149999618530273,24.6200008392334,24.049999237060547,24.600000381469727,667100
2010-06-14,24.860000610351562,25.0,24.469999313354492,24.540000915527344,561500
2010-06-15,24.770000457763672,25.389999389648438,24.610000610351562,25.350000381469727,503600
2010-06-16,25.139999389648438,25.600000381469727,25.020000457763672,25.3799991607666,476300
2010-06-17,25.450000762939453,25.559999465942383,24.959999084472656,25.34000015258789,362100
2010-06-18,25.290000915527344,25.489999771118164,25.100000381469727,25.260000228881836,569200
2010-06-21,25.56999969482422,25.729999542236328,24.770000457763672,24.950000762939453,357700
2010-06-22,24.8700008392334,25.15999984741211,24.200000762939453,24.239999771118164,623300
2010-06-23,24.18000030517578,24.549999237060547,23.959999084472656,24.360000610351562,410500
2010-06-24,24.15999984741211,24.3799991607666,23.65999984741211,23.729999542236328,452500
2010-06-25,23.719999313354492,23.899999618530273,23.420000076293945,23.780000686645508,1553300
2010-06-28,23.889999389648438,24.079999923706055,23.75,23.829999923706055,533900
2010-06-29,23.440000534057617,23.479999542236328,22.770000457763672,22.940000534057617,957600
2010-06-30,22.799999237060547,23.360000610351562,22.799999237060547,23.059999465942383,786600
2010-07-01,23.110000610351562,23.110000610351562,21.700000762939453,22.020000457763672,1299800
2010-07-02,22.139999389648438,22.399999618530273,21.850000381469727,22.100000381469727,1527200
2010-07-06,22.5,22.729999542236328,21.979999542236328,22.149999618530273,999000
2010-07-07,22.1299991607666,22.700000762939453,22.059999465942383,22.6200008392334,683600
2010-07-08,22.850000381469727,23.25,22.799999237060547,23.219999313354492,771100
2010-07-09,23.25,23.790000915527344,23.139999389648438,23.739999771118164,503800
2010-07-12,23.700000762939453,23.93000030517578,23.40999984741211,23.520000457763672,314900
2010-07-13,23.81999969482422,24.350000381469727,23.610000610351562,24.34000015258789,594700
2010-07-14,24.290000915527344,24.40999984741211,24.010000228881836,24.170000076293945,409300
2010-07-15,24.239999771118164,24.360000610351562,23.8700008392334,24.260000228881836,471200
2010-07-16,24.299999237060547,24.299999237060547,23.239999771118164,23.270000457763672,451300
2010-07-19,23.389999389648438,23.469999313354492,22.889999389648438,23.219999313354492,583500
2010-07-20,22.979999542236328,23.920000076293945,22.790000915527344,23.889999389648438,371800
2010-07-21,24.010000228881836,24.110000610351562,23.270000457763672,23.3700008392334,410400
2010-07-22,23.690000534057617,24.639999389648438,23.649999618530273,24.56999969482422,550600
2010-07-23,24.5,24.979999542236328,24.3799991607666,24.860000610351562,413600
2010-07-26,24.940000534057617,25.40999984741211,24.770000457763672,25.399999618530273,427600
2010-07-27,25.6200008392334,25.6200008392334,25.139999389648438,25.299999237060547,555900
2010-07-28,25.299999237060547,25.3799991607666,24.829999923706055,24.8700008392334,335700
2010-07-29,25.040000915527344,25.170000076293945,24.100000381469727,24.3799991607666,672000
2010-07-30,24.1200008392334,24.299999237060547,23.81999969482422,24.139999389648438,641400
2010-08-02,24.469999313354492,25.450000762939453,24.469999313354492,25.190000534057617,1290100
2010-08-03,25.1299991607666,25.280000686645508,24.729999542236328,25.149999618530273,437700
2010-08-04,25.18000030517578,25.389999389648438,25.06999969482422,25.219999313354492,540900
2010-08-05,25.139999389648438,25.3700008392334,24.799999237060547,25.100000381469727,770600
2010-08-06,24.860000610351562,25.3700008392334,24.700000762939453,25.3700008392334,462500
2010-08-09,25.440000534057617,26.610000610351562,25.25,26.3700008392334,1852200
2010-08-10,25.989999771118164,26.030000686645508,25.40999984741211,25.770000457763672,907100
2010-08-11,25.280000686645508,25.280000686645508,24.100000381469727,24.15999984741211,925100
2010-08-12,23.850000381469727,24.09000015258789,23.59000015258789,23.719999313354492,681300
2010-08-13,23.690000534057617,24.079999923706055,23.600000381469727,23.899999618530273,602700
2010-08-16,23.700000762939453,23.90999984741211,23.510000228881836,23.559999465942383,490800
2010-08-17,23.84000015258789,24.0,23.739999771118164,23.84000015258789,601800
2010-08-18,23.84000015258789,24.040000915527344,23.56999969482422,23.8700008392334,413100
2010-08-19,23.790000915527344,23.790000915527344,23.229999542236328,23.5,790600
2010-08-20,23.34000015258789,23.399999618530273,23.030000686645508,23.299999237060547,350200
2010-08-23,23.350000381469727,23.649999618530273,22.860000610351562,22.889999389648438,368200
2010-08-24,22.579999923706055,22.600000381469727,22.170000076293945,22.329999923706055,595200
2010-08-25,22.190000534057617,22.860000610351562,22.020000457763672,22.75,764200
2010-08-26,23.059999465942383,23.110000610351562,22.559999465942383,22.670000076293945,680700
2010-08-27,23.010000228881836,23.020000457763672,22.360000610351562,22.969999313354492,522500
2010-08-30,22.899999618530273,23.059999465942383,22.440000534057617,22.469999313354492,430500
2010-08-31,22.399999618530273,22.670000076293945,22.200000762939453,22.5,333900
2010-09-01,22.8700008392334,23.25,22.829999923706055,23.100000381469727,728800
2010-09-02,23.149999618530273,23.229999542236328,22.959999084472656,23.149999618530273,516200
2010-09-03,23.3700008392334,23.530000686645508,23.139999389648438,23.280000686645508,400600
2010-09-07,23.280000686645508,23.989999771118164,23.209999084472656,23.780000686645508,761600
2010-09-08,23.860000610351562,24.0,23.670000076293945,23.770000457763672,480700
2010-09-09,24.139999389648438,24.290000915527344,23.920000076293945,24.09000015258789,1106900
2010-09-10,24.1200008392334,24.299999237060547,23.829999923706055,23.969999313354492,551000
2010-09-13,24.170000076293945,24.540000915527344,24.100000381469727,24.469999313354492,776700
2010-09-14,24.440000534057617,24.549999237060547,24.299999237060547,24.440000534057617,740500
2010-09-15,24.309999465942383,24.649999618530273,24.15999984741211,24.420000076293945,604500
2010-09-16,24.270000457763672,24.530000686645508,24.110000610351562,24.239999771118164,573100
2010-09-17,24.420000076293945,24.65999984741211,24.1299991607666,24.329999923706055,656200
2010-09-20,24.600000381469727,24.8799991607666,24.299999237060547,24.65999984741211,532800
2010-09-21,24.739999771118164,24.860000610351562,24.559999465942383,24.770000457763672,499200
2010-09-22,24.6200008392334,24.739999771118164,24.260000228881836,24.3799991607666,687700
2010-09-23,24.079999923706055,24.520000457763672,24.030000686645508,24.1299991607666,478000
2010-09-24,24.510000228881836,24.6299991607666,24.31999969482422,24.530000686645508,741500
2010-09-27,24.489999771118164,24.579999923706055,24.280000686645508,24.420000076293945,362500
2010-09-28,24.450000762939453,24.950000762939453,24.170000076293945,24.889999389648438,977900
2010-09-29,24.719999313354492,24.799999237060547,24.260000228881836,24.389999389648438,966300
2010-09-30,24.489999771118164,24.559999465942383,24.209999084472656,24.260000228881836,857300
2010-10-01,24.399999618530273,24.489999771118164,24.170000076293945,24.299999237060547,935200
2010-10-04,24.200000762939453,24.43000030517578,23.809999465942383,23.920000076293945,570200
2010-10-05,24.049999237060547,24.5,24.049999237060547,24.3700008392334,604700
2010-10-06,24.3700008392334,24.3700008392334,24.1299991607666,24.260000228881836,572500
2010-10-07,24.3799991607666,24.3799991607666,24.09000015258789,24.309999465942383,614100
2010-10-08,24.299999237060547,24.530000686645508,24.260000228881836,24.399999618530273,421300
2010-10-11,24.440000534057617,25.25,24.3799991607666,25.06999969482422,848100
2010-10-12,25.0,25.209999084472656,24.649999618530273,25.049999237060547,535900
2010-10-13,25.260000228881836,25.700000762939453,25.15999984741211,25.559999465942383,579300
2010-10-14,25.43000030517578,25.68000030517578,25.209999084472656,25.350000381469727,585800
2010-10-15,25.65999984741211,25.670000076293945,25.43000030517578,25.610000610351562,722200
2010-10-18,25.559999465942383,25.8799991607666,25.31999969482422,25.8799991607666,692300
2010-10-19,25.479999542236328,25.899999618530273,25.25,25.459999084472656,1036400
2010-10-20,25.489999771118164,25.899999618530273,25.399999618530273,25.700000762939453,426300
2010-10-21,25.75,25.950000762939453,25.459999084472656,25.639999389648438,345700
2010-10-22,25.81999969482422,26.059999465942383,25.639999389648438,25.84000015258789,635200
2010-10-25,26.0,26.31999969482422,25.90999984741211,26.280000686645508,718800
2010-10-26,26.209999084472656,26.6299991607666,26.139999389648438,26.360000610351562,1066700
2010-10-27,26.219999313354492,26.25,25.739999771118164,26.09000015258789,621000
2010-10-28,26.25,26.360000610351562,25.93000030517578,26.149999618530273,543200
2010-10-29,26.010000228881836,26.729999542236328,26.0,26.510000228881836,878500
2010-11-01,26.530000686645508,27.030000686645508,26.530000686645508,26.920000076293945,943000
2010-11-02,27.18000030517578,27.239999771118164,26.75,27.1299991607666,594800
2010-11-03,27.040000915527344,27.110000610351562,26.610000610351562,26.93000030517578,439900
2010-11-04,27.170000076293945,27.450000762939453,27.1200008392334,27.450000762939453,592400
2010-11-05,27.360000610351562,27.93000030517578,27.360000610351562,27.829999923706055,548900
2010-11-08,27.8700008392334,27.8700008392334,27.520000457763672,27.760000228881836,579300
2010-11-09,27.729999542236328,27.809999465942383,27.31999969482422,27.540000915527344,671900
2010-11-10,27.389999389648438,27.950000762939453,27.309999465942383,27.950000762939453,498700
2010-11-11,27.579999923706055,27.920000076293945,26.809999465942383,27.899999618530273,1373000
2010-11-12,27.950000762939453,27.950000762939453,27.469999313354492,27.479999542236328,1005000
2010-11-15,27.219999313354492,27.729999542236328,27.219999313354492,27.420000076293945,669200
2010-11-16,27.25,27.260000228881836,26.469999313354492,26.84000015258789,817200
2010-11-17,26.81999969482422,26.979999542236328,26.780000686645508,26.8799991607666,584500
2010-11-18,27.059999465942383,27.530000686645508,27.010000228881836,27.149999618530273,534400
2010-11-19,27.059999465942383,27.059999465942383,26.68000030517578,26.84000015258789,573100
2010-11-22,26.610000610351562,26.860000610351562,26.31999969482422,26.799999237060547,584200
2010-11-23,26.479999542236328,26.510000228881836,26.1299991607666,26.149999618530273,639000
2010-11-24,26.31999969482422,26.610000610351562,26.290000915527344,26.360000610351562,666500
2010-11-26,26.040000915527344,26.309999465942383,25.829999923706055,26.18000030517578,225100
2010-11-29,26.059999465942383,26.25,25.75,26.149999618530273,742000
2010-11-30,25.850000381469727,26.100000381469727,25.75,25.760000228881836,682500
2010-12-01,26.100000381469727,26.549999237060547,25.959999084472656,26.510000228881836,829300
2010-12-02,26.5,27.43000030517578,26.25,27.200000762939453,1145000
2010-12-03,27.0,27.290000915527344,26.760000228881836,27.260000228881836,580500
2010-12-06,27.100000381469727,27.950000762939453,27.040000915527344,27.860000610351562,959100
2010-12-07,28.219999313354492,28.219999313354492,27.299999237060547,27.399999618530273,868200
2010-12-08,27.489999771118164,27.799999237060547,27.25,27.540000915527344,457100
2010-12-09,27.65999984741211,28.0,27.399999618530273,27.969999313354492,881200
2010-12-10,28.0,28.440000534057617,27.850000381469727,28.040000915527344,992200
2010-12-13,28.229999542236328,28.450000762939453,28.190000534057617,28.260000228881836,575600
2010-12-14,28.31999969482422,28.43000030517578,27.959999084472656,28.020000457763672,386400
2010-12-15,27.899999618530273,28.260000228881836,27.709999084472656,27.719999313354492,562700
2010-12-16,27.700000762939453,28.40999984741211,27.540000915527344,28.399999618530273,585800
2010-12-17,28.450000762939453,28.860000610351562,28.309999465942383,28.770000457763672,1438100
2010-12-20,28.780000686645508,28.780000686645508,27.979999542236328,28.1299991607666,693200
2010-12-21,28.139999389648438,28.350000381469727,28.0,28.079999923706055,471700
2010-12-22,28.010000228881836,28.440000534057617,27.969999313354492,28.170000076293945,473400
2010-12-23,28.059999465942383,28.200000762939453,27.940000534057617,28.049999237060547,367300
2010-12-27,27.809999465942383,28.149999618530273,27.760000228881836,28.1200008392334,227500
2010-12-28,28.100000381469727,28.360000610351562,27.90999984741211,27.959999084472656,362500
2010-12-29,27.959999084472656,28.260000228881836,27.950000762939453,28.020000457763672,198700
2010-12-30,28.010000228881836,28.200000762939453,27.84000015258789,28.1299991607666,305800
2010-12-31,28.09000015258789,28.3700008392334,27.969999313354492,27.969999313354492,401800
2011-01-03,28.200000762939453,28.450000762939453,28.170000076293945,28.31999969482422,392900
2011-01-04,28.270000457763672,28.440000534057617,27.1200008392334,27.260000228881836,925700
2011-01-05,27.15999984741211,27.3700008392334,26.690000534057617,27.18000030517578,508800
2011-01-06,27.139999389648438,27.260000228881836,26.530000686645508,26.809999465942383,831200
2011-01-07,26.850000381469727,26.979999542236328,26.459999084472656,26.770000457763672,606400
2011-01-10,26.690000534057617,27.030000686645508,26.290000915527344,26.950000762939453,757300
2011-01-11,27.0,27.31999969482422,26.75,27.280000686645508,620700
2011-01-12,27.420000076293945,28.09000015258789,27.399999618530273,28.0,837800
2011-01-13,28.06999969482422,28.100000381469727,27.6299991607666,27.709999084472656,525500
2011-01-14,27.489999771118164,27.920000076293945,27.31999969482422,27.850000381469727,502700
2011-01-18,27.8799991607666,28.110000610351562,27.520000457763672,28.040000915527344,914800
2011-01-19,28.139999389648438,28.639999389648438,28.100000381469727,28.299999237060547,1109000
2011-01-20,28.139999389648438,28.700000762939453,28.100000381469727,28.540000915527344,915300
2011-01-21,28.600000381469727,28.829999923706055,28.459999084472656,28.6200008392334,706900
2011-01-24,28.579999923706055,29.440000534057617,28.530000686645508,29.209999084472656,1316000
2011-01-25,29.030000686645508,29.399999618530273,28.809999465942383,29.360000610351562,1100400
2011-01-26,29.399999618530273,29.920000076293945,29.3799991607666,29.860000610351562,1266000
2011-01-27,29.84000015258789,29.8700008392334,29.290000915527344,29.5,640000
2011-01-28,29.440000534057617,29.489999771118164,28.670000076293945,28.809999465942383,572300
2011-01-31,28.799999237060547,29.3799991607666,28.700000762939453,29.270000457763672,773100
2011-02-01,29.399999618530273,29.979999542236328,29.3700008392334,29.829999923706055,1202900
2011-02-02,29.68000030517578,29.799999237060547,29.229999542236328,29.280000686645508,1536400
2011-02-03,29.15999984741211,29.200000762939453,28.709999084472656,29.079999923706055,765600
2011-02-04,29.139999389648438,29.139999389648438,28.75,28.809999465942383,702500
2011-02-07,28.799999237060547,29.18000030517578,28.649999618530273,28.700000762939453,1165500
2011-02-08,28.809999465942383,29.459999084472656,27.940000534057617,29.450000762939453,1919000
2011-02-09,29.450000762939453,29.479999542236328,28.389999389648438,28.600000381469727,1597100
2011-02-10,28.309999465942383,28.670000076293945,28.280000686645508,28.600000381469727,1039500
2011-02-11,28.469999313354492,28.75,27.790000915527344,28.729999542236328,2886700
2011-02-14,28.670000076293945,29.149999618530273,28.459999084472656,29.040000915527344,1237300
2011-02-15,28.969999313354492,29.5,28.829999923706055,29.40999984741211,1099400
2011-02-16,29.459999084472656,29.809999465942383,29.459999084472656,29.68000030517578,1037000
2011-02-17,29.489999771118164,29.93000030517578,29.170000076293945,29.93000030517578,1025600
2011-02-18,29.8799991607666,29.920000076293945,29.649999618530273,29.8700008392334,860900
2011-02-22,28.229999542236328,28.600000381469727,27.520000457763672,28.110000610351562,3025800
2011-02-23,28.010000228881836,28.06999969482422,27.510000228881836,27.75,1396100
2011-02-24,27.75,28.270000457763672,27.329999923706055,28.0,1133800
2011-02-25,28.1299991607666,28.450000762939453,28.020000457763672,28.450000762939453,695600
2011-02-28,28.459999084472656,28.950000762939453,28.440000534057617,28.639999389648438,990700
2011-03-01,28.670000076293945,28.809999465942383,28.06999969482422,28.200000762939453,1030600
2011-03-02,28.260000228881836,28.5,27.790000915527344,27.81999969482422,1329900
2011-03-03,28.170000076293945,28.639999389648438,28.030000686645508,28.440000534057617,719200
2011-03-04,28.549999237060547,28.549999237060547,27.860000610351562,28.06999969482422,547700
2011-03-07,28.100000381469727,28.149999618530273,27.25,27.360000610351562,1255700
2011-03-08,27.489999771118164,28.0,27.399999618530273,27.850000381469727,1305000
2011-03-09,27.809999465942383,28.1299991607666,27.639999389648438,27.979999542236328,782500
2011-03-10,27.469999313354492,27.6200008392334,27.06999969482422,27.100000381469727,902200
2011-03-11,26.940000534057617,27.290000915527344,26.719999313354492,27.190000534057617,936500
2011-03-14,26.979999542236328,27.34000015258789,26.6299991607666,27.299999237060547,930100
2011-03-15,26.56999969482422,26.959999084472656,26.360000610351562,26.739999771118164,1294400
2011-03-16,26.639999389648438,26.670000076293945,26.010000228881836,26.149999618530273,1370400
2011-03-17,26.760000228881836,26.940000534057617,26.299999237060547,26.34000015258789,1211500
2011-03-18,26.719999313354492,26.889999389648438,26.649999618530273,26.860000610351562,812500
2011-03-21,27.239999771118164,27.790000915527344,27.209999084472656,27.559999465942383,548500
2011-03-22,27.610000610351562,27.610000610351562,27.0,27.18000030517578,459900
2011-03-23,27.079999923706055,27.18000030517578,26.809999465942383,26.889999389648438,611700
2011-03-24,27.059999465942383,27.270000457763672,26.729999542236328,27.1200008392334,692700
2011-03-25,27.170000076293945,27.420000076293945,26.969999313354492,27.06999969482422,739600
2011-03-28,27.079999923706055,27.309999465942383,26.68000030517578,26.700000762939453,578300
2011-03-29,26.780000686645508,26.979999542236328,26.540000915527344,26.93000030517578,537400
2011-03-30,27.0,27.59000015258789,26.770000457763672,27.559999465942383,1213700
2011-03-31,27.450000762939453,27.799999237060547,27.440000534057617,27.729999542236328,531700
2011-04-01,27.809999465942383,27.969999313354492,27.479999542236328,27.670000076293945,733200
2011-04-04,27.68000030517578,27.770000457763672,27.329999923706055,27.440000534057617,427600
2011-04-05,27.110000610351562,27.81999969482422,27.110000610351562,27.739999771118164,626100
2011-04-06,27.84000015258789,28.0,27.610000610351562,27.860000610351562,464200
2011-04-07,27.709999084472656,27.969999313354492,27.59000015258789,27.670000076293945,540400
2011-04-08,27.829999923706055,27.829999923706055,26.639999389648438,26.760000228881836,1167000
2011-04-11,26.739999771118164,26.959999084472656,26.290000915527344,26.3700008392334,670900
2011-04-12,26.25,26.3700008392334,26.010000228881836,26.079999923706055,632500
2011-04-13,26.15999984741211,26.3799991607666,25.940000534057617,26.030000686645508,623600
2011-04-14,25.81999969482422,26.1200008392334,25.6299991607666,25.899999618530273,531500
2011-04-15,25.950000762939453,26.200000762939453,25.700000762939453,26.1299991607666,693500
2011-04-18,25.809999465942383,25.969999313354492,25.56999969482422,25.90999984741211,906500
2011-04-19,25.93000030517578,26.18000030517578,25.600000381469727,25.81999969482422,708700
2011-04-20,26.309999465942383,26.729999542236328,26.15999984741211,26.520000457763672,782500
2011-04-21,26.719999313354492,27.06999969482422,26.600000381469727,26.940000534057617,551500
2011-04-25,26.770000457763672,27.049999237060547,26.649999618530273,26.899999618530273,444500
2011-04-26,26.959999084472656,27.270000457763672,26.780000686645508,26.809999465942383,448900
2011-04-27,26.790000915527344,26.969999313354492,26.520000457763672,26.959999084472656,742100
2011-04-28,26.850000381469727,26.959999084472656,26.700000762939453,26.770000457763672,707400
2011-04-29,26.770000457763672,27.309999465942383,26.65999984741211,27.260000228881836,424000
2011-05-02,27.329999923706055,27.459999084472656,27.15999984741211,27.31999969482422,639500
2011-05-03,27.15999984741211,27.43000030517578,26.989999771118164,27.420000076293945,554400
2011-05-04,27.31999969482422,27.329999923706055,26.649999618530273,26.75,856100
2011-05-05,27.040000915527344,28.049999237060547,26.690000534057617,28.030000686645508,1573500
2011-05-06,28.25,28.399999618530273,27.670000076293945,27.799999237060547,1024000
2011-05-09,27.81999969482422,28.219999313354492,27.65999984741211,28.079999923706055,806400
2011-05-10,28.079999923706055,28.579999923706055,27.899999618530273,28.469999313354492,1126000
2011-05-11,28.260000228881836,28.6200008392334,28.100000381469727,28.350000381469727,661800
2011-05-12,28.239999771118164,28.649999618530273,27.90999984741211,28.450000762939453,622000
2011-05-13,28.5,28.5,28.09000015258789,28.18000030517578,655900
2011-05-16,27.989999771118164,28.209999084472656,27.68000030517578,27.889999389648438,709500
2011-05-17,28.18000030517578,28.229999542236328,27.719999313354492,27.90999984741211,614100
2011-05-18,27.899999618530273,28.0,27.75,27.770000457763672,703300
2011-05-19,27.950000762939453,28.299999237060547,27.790000915527344,28.020000457763672,413300
2011-05-20,27.989999771118164,28.100000381469727,27.639999389648438,27.770000457763672,437900
2011-05-23,27.5,27.510000228881836,27.200000762939453,27.43000030517578,712700
2011-05-24,27.579999923706055,27.700000762939453,27.100000381469727,27.239999771118164,500200
2011-05-25,27.149999618530273,27.649999618530273,27.149999618530273,27.579999923706055,406600
2011-05-26,27.540000915527344,28.0,27.389999389648438,27.8700008392334,480500
2011-05-27,27.90999984741211,28.350000381469727,27.90999984741211,28.100000381469727,377400
2011-05-31,28.25,28.700000762939453,28.25,28.670000076293945,1271800
2011-06-01,28.65999984741211,28.899999618530273,27.829999923706055,27.8700008392334,808200
2011-06-02,27.860000610351562,28.209999084472656,27.81999969482422,28.09000015258789,671800
2011-06-03,27.65999984741211,27.850000381469727,27.440000534057617,27.5,680200
2011-06-06,27.43000030517578,27.540000915527344,27.1200008392334,27.34000015258789,1426000
2011-06-07,27.43000030517578,27.700000762939453,27.31999969482422,27.510000228881836,592500
2011-06-08,27.3799991607666,27.65999984741211,27.260000228881836,27.510000228881836,794200
2011-06-09,27.459999084472656,27.899999618530273,27.440000534057617,27.6200008392334,712800
2011-06-10,27.420000076293945,27.530000686645508,27.25,27.260000228881836,1103200
2011-06-13,27.299999237060547,27.559999465942383,27.049999237060547,27.34000015258789,674500
2011-06-14,27.760000228881836,28.06999969482422,27.670000076293945,27.979999542236328,669400
2011-06-15,27.649999618530273,27.850000381469727,27.280000686645508,27.469999313354492,549200
2011-06-16,27.43000030517578,27.790000915527344,27.290000915527344,27.520000457763672,666400
2011-06-17,27.770000457763672,27.8700008392334,27.260000228881836,27.479999542236328,677100
2011-06-20,27.329999923706055,27.40999984741211,26.6299991607666,26.8799991607666,1061500
2011-06-21,27.040000915527344,27.25,26.8799991607666,27.059999465942383,782200
2011-06-22,26.90999984741211,27.600000381469727,26.899999618530273,27.290000915527344,588600
2011-06-23,26.920000076293945,26.959999084472656,26.450000762939453,26.8700008392334,1077000
2011-06-24,26.90999984741211,26.93000030517578,26.290000915527344,26.399999618530273,1509700
2011-06-27,26.309999465942383,26.739999771118164,26.239999771118164,26.389999389648438,643800
2011-06-28,26.420000076293945,26.969999313354492,26.190000534057617,26.93000030517578,596800
2011-06-29,27.0,27.06999969482422,26.75,26.979999542236328,679300
2011-06-30,26.989999771118164,27.5,26.959999084472656,27.34000015258789,564600
2011-07-01,27.299999237060547,27.739999771118164,27.299999237060547,27.6200008392334,387000
2011-07-05,27.520000457763672,27.670000076293945,27.219999313354492,27.510000228881836,360600
2011-07-06,27.440000534057617,27.81999969482422,27.260000228881836,27.729999542236328,708900
2011-07-07,27.889999389648438,28.25,27.6200008392334,28.18000030517578,703300
2011-07-08,27.799999237060547,28.0,27.690000534057617,27.889999389648438,728800
2011-07-11,27.5,27.5,26.899999618530273,27.010000228881836,554600
2011-07-12,26.8799991607666,27.049999237060547,26.579999923706055,26.6200008392334,519300
2011-07-13,26.729999542236328,26.940000534057617,26.450000762939453,26.489999771118164,672200
2011-07-14,26.639999389648438,26.700000762939453,26.100000381469727,26.139999389648438,396400
2011-07-15,26.229999542236328,26.309999465942383,25.90999984741211,26.309999465942383,429400
2011-07-18,26.170000076293945,26.280000686645508,25.68000030517578,25.959999084472656,511100
2011-07-19,26.18000030517578,26.43000030517578,26.06999969482422,26.329999923706055,656600
2011-07-20,26.3700008392334,26.43000030517578,26.09000015258789,26.18000030517578,713600
2011-07-21,26.3799991607666,26.729999542236328,26.309999465942383,26.549999237060547,551000
2011-07-22,26.5,26.610000610351562,26.219999313354492,26.510000228881836,507600
2011-07-25,26.190000534057617,26.760000228881836,26.18000030517578,26.469999313354492,455100
2011-07-26,26.40999984741211,26.40999984741211,25.989999771118164,26.030000686645508,453000
2011-07-27,25.989999771118164,26.030000686645508,25.200000762939453,25.229999542236328,718300
2011-07-28,25.209999084472656,25.450000762939453,25.030000686645508,25.110000610351562,980800
2011-07-29,24.8700008392334,25.09000015258789,24.65999984741211,24.739999771118164,950100
2011-08-01,25.09000015258789,25.139999389648438,24.239999771118164,24.420000076293945,855800
2011-08-02,24.239999771118164,24.520000457763672,23.579999923706055,23.579999923706055,931700
2011-08-03,23.579999923706055,23.75,23.110000610351562,23.719999313354492,875800
2011-08-04,23.059999465942383,23.229999542236328,21.329999923706055,21.389999389648438,1860900
2011-08-05,21.719999313354492,21.84000015258789,20.06999969482422,20.350000381469727,2462400
2011-08-08,19.850000381469727,20.059999465942383,18.0,18.09000015258789,1985700
2011-08-09,18.3700008392334,19.18000030517578,17.84000015258789,19.149999618530273,2231300
2011-08-10,18.670000076293945,20.09000015258789,18.350000381469727,19.170000076293945,2450400
2011-08-11,19.350000381469727,19.81999969482422,19.15999984741211,19.43000030517578,1749600
2011-08-12,19.6299991607666,19.8700008392334,19.200000762939453,19.440000534057617,1152300
2011-08-15,19.690000534057617,20.18000030517578,19.65999984741211,19.940000534057617,1276200
2011-08-16,19.81999969482422,19.979999542236328,19.200000762939453,19.520000457763672,1215100
2011-08-17,20.329999923706055,20.540000915527344,19.850000381469727,20.1299991607666,1945600
2011-08-18,19.450000762939453,19.450000762939453,18.510000228881836,18.81999969482422,2788500
2011-08-19,18.56999969482422,19.549999237060547,18.510000228881836,18.639999389648438,1958000
2011-08-22,19.1200008392334,19.299999237060547,18.889999389648438,18.979999542236328,1241000
2011-08-23,19.219999313354492,20.040000915527344,19.0,20.030000686645508,1102500
2011-08-24,19.920000076293945,21.139999389648438,19.850000381469727,21.010000228881836,1348200
2011-08-25,21.049999237060547,21.329999923706055,20.489999771118164,20.610000610351562,1200600
2011-08-26,20.479999542236328,21.6200008392334,20.200000762939453,21.219999313354492,1108400
2011-08-29,21.579999923706055,22.399999618530273,21.579999923706055,22.299999237060547,893000
2011-08-30,22.0,22.610000610351562,21.899999618530273,22.510000228881836,740400
2011-08-31,22.579999923706055,22.950000762939453,22.530000686645508,22.719999313354492,833900
2011-09-01,22.68000030517578,22.770000457763672,21.84000015258789,21.920000076293945,723600
2011-09-02,21.290000915527344,21.5,20.780000686645508,21.09000015258789,734200
2011-09-06,20.290000915527344,21.219999313354492,20.170000076293945,21.09000015258789,631500
2011-09-07,21.559999465942383,22.0,21.5,21.940000534057617,546800
2011-09-08,21.649999618530273,22.0,21.420000076293945,21.520000457763672,528800
2011-09-09,21.209999084472656,21.229999542236328,20.43000030517578,20.649999618530273,763700
2011-09-12,20.260000228881836,20.790000915527344,20.139999389648438,20.729999542236328,1412700
2011-09-13,20.950000762939453,21.43000030517578,20.709999084472656,21.15999984741211,1917000
2011-09-14,21.3700008392334,21.809999465942383,20.809999465942383,21.489999771118164,966700
2011-09-15,21.799999237060547,21.860000610351562,21.239999771118164,21.389999389648438,990900
2011-09-16,21.209999084472656,21.360000610351562,20.479999542236328,20.719999313354492,1573300
2011-09-19,20.360000610351562,20.399999618530273,19.799999237060547,20.040000915527344,1396400
2011-09-20,20.149999618530273,20.420000076293945,19.3799991607666,19.3799991607666,1400600
2011-09-21,19.34000015258789,19.600000381469727,18.600000381469727,18.600000381469727,1055100
2011-09-22,18.100000381469727,18.450000762939453,17.530000686645508,17.889999389648438,1839800
2011-09-23,17.81999969482422,18.299999237060547,17.530000686645508,18.059999465942383,1085300
2011-09-26,18.34000015258789,18.489999771118164,17.510000228881836,18.09000015258789,1139700
2011-09-27,18.450000762939453,18.899999618530273,18.260000228881836,18.3799991607666,904200
2011-09-28,18.56999969482422,18.799999237060547,17.719999313354492,17.84000015258789,1181300
2011-09-29,18.229999542236328,18.559999465942383,17.6200008392334,18.18000030517578,1804100
2011-09-30,17.920000076293945,18.15999984741211,17.65999984741211,17.670000076293945,887500
2011-10-03,17.530000686645508,17.739999771118164,16.799999237060547,16.84000015258789,1225100
2011-10-04,16.639999389648438,17.389999389648438,16.389999389648438,17.3700008392334,1200000
2011-10-05,17.43000030517578,18.270000457763672,17.299999237060547,18.149999618530273,1486400
2011-10-06,18.079999923706055,18.770000457763672,17.940000534057617,18.760000228881836,713000
2011-10-07,18.829999923706055,18.889999389648438,17.799999237060547,18.040000915527344,804000
2011-10-10,18.440000534057617,18.899999618530273,18.3700008392334,18.899999618530273,600600
2011-10-11,18.6200008392334,19.18000030517578,18.530000686645508,18.90999984741211,650900
2011-10-12,19.0,19.850000381469727,18.940000534057617,19.469999313354492,790000
2011-10-13,19.260000228881836,19.479999542236328,18.899999618530273,19.389999389648438,786200
2011-10-14,19.700000762939453,19.739999771118164,19.209999084472656,19.43000030517578,780100
2011-10-17,19.229999542236328,19.309999465942383,18.719999313354492,18.829999923706055,600700
2011-10-18,18.8799991607666,19.739999771118164,18.760000228881836,19.450000762939453,950100
2011-10-19,19.40999984741211,19.549999237060547,19.020000457763672,19.219999313354492,1052600
2011-10-20,19.229999542236328,19.440000534057617,18.770000457763672,19.350000381469727,455900
2011-10-21,19.56999969482422,19.959999084472656,19.450000762939453,19.829999923706055,939900
2011-10-24,19.829999923706055,20.829999923706055,19.829999923706055,20.670000076293945,1204300
2011-10-25,20.489999771118164,20.559999465942383,20.020000457763672,20.170000076293945,572000
2011-10-26,20.5,20.579999923706055,20.020000457763672,20.489999771118164,569200
2011-10-27,21.190000534057617,22.030000686645508,20.989999771118164,21.6200008392334,1167300
2011-10-28,21.610000610351562,21.889999389648438,21.360000610351562,21.40999984741211,478100
2011-10-31,21.0,21.309999465942383,20.690000534057617,20.920000076293945,637100
2011-11-01,20.299999237060547,20.729999542236328,19.969999313354492,20.389999389648438,901100
2011-11-02,20.579999923706055,20.93000030517578,20.31999969482422,20.510000228881836,817800
2011-11-03,20.75,21.459999084472656,20.6299991607666,21.3799991607666,739400
2011-11-04,21.030000686645508,21.25,20.719999313354492,21.079999923706055,469800
2011-11-07,21.059999465942383,21.25,20.700000762939453,21.0,524100
2011-11-08,21.219999313354492,21.299999237060547,20.709999084472656,21.149999618530273,597900
2011-11-09,20.559999465942383,20.600000381469727,20.0,20.139999389648438,1600800
2011-11-10,20.290000915527344,20.450000762939453,19.8799991607666,20.020000457763672,1902600
2011-11-11,20.1200008392334,20.899999618530273,20.010000228881836,20.799999237060547,1228900
2011-11-14,20.59000015258789,20.860000610351562,20.3700008392334,20.81999969482422,1855800
2011-11-15,20.639999389648438,21.389999389648438,20.639999389648438,21.260000228881836,1387400
2011-11-16,20.969999313354492,21.600000381469727,20.649999618530273,21.18000030517578,854300
2011-11-17,21.09000015258789,21.280000686645508,20.75,20.940000534057617,991300
2011-11-18,21.030000686645508,21.139999389648438,20.770000457763672,20.889999389648438,561800
2011-11-21,20.520000457763672,20.780000686645508,20.1299991607666,20.579999923706055,618000
2011-11-22,20.459999084472656,20.639999389648438,20.25,20.309999465942383,779500
2011-11-23,20.0,20.200000762939453,19.850000381469727,19.959999084472656,915600
2011-11-25,19.799999237060547,20.1200008392334,19.799999237060547,19.920000076293945,373900
2011-11-28,20.520000457763672,20.729999542236328,20.399999618530273,20.549999237060547,1044100
2011-11-29,20.559999465942383,20.899999618530273,20.450000762939453,20.59000015258789,638900
2011-11-30,21.200000762939453,21.489999771118164,21.200000762939453,21.450000762939453,1146900
2011-12-01,21.290000915527344,21.790000915527344,21.270000457763672,21.469999313354492,587200
2011-12-02,21.700000762939453,21.770000457763672,21.010000228881836,21.06999969482422,824000
2011-12-05,21.450000762939453,21.65999984741211,21.190000534057617,21.389999389648438,813700
2011-12-06,21.5,21.6299991607666,21.209999084472656,21.309999465942383,781300
2011-12-07,21.100000381469727,21.389999389648438,20.8700008392334,21.200000762939453,684500
2011-12-08,21.020000457763672,21.079999923706055,20.6200008392334,20.690000534057617,999500
2011-12-09,20.709999084472656,21.010000228881836,20.6299991607666,20.829999923706055,617100
2011-12-12,20.739999771118164,20.790000915527344,20.1299991607666,20.25,1069800
2011-12-13,20.31999969482422,20.520000457763672,19.81999969482422,19.90999984741211,1036900
2011-12-14,19.84000015258789,19.850000381469727,19.31999969482422,19.3700008392334,1076500
2011-12-15,19.649999618530273,19.690000534057617,19.049999237060547,19.200000762939453,1062800
2011-12-16,19.329999923706055,20.020000457763672,19.31999969482422,19.549999237060547,1414600
2011-12-19,19.709999084472656,19.940000534057617,19.110000610351562,19.170000076293945,837000
2011-12-20,19.6200008392334,20.06999969482422,19.59000015258789,19.989999771118164,974900
2011-12-21,19.959999084472656,20.399999618530273,19.90999984741211,20.270000457763672,1286800
2011-12-22,20.209999084472656,20.5,20.100000381469727,20.3799991607666,891000
2011-12-23,20.3700008392334,20.5,20.209999084472656,20.479999542236328,366100
2011-12-27,20.3799991607666,20.65999984741211,20.299999237060547,20.440000534057617,435800
2011-12-28,20.43000030517578,20.5,20.040000915527344,20.06999969482422,712300
2011-12-29,20.170000076293945,20.450000762939453,20.1299991607666,20.350000381469727,991800
2011-12-30,20.299999237060547,20.719999313354492,20.299999237060547,20.56999969482422,740200
2012-01-03,20.989999771118164,21.110000610351562,20.729999542236328,20.799999237060547,868800
2012-01-04,20.719999313354492,20.969999313354492,20.59000015258789,20.84000015258789,717700
2012-01-05,20.729999542236328,21.100000381469727,20.56999969482422,21.06999969482422,600100
2012-01-06,21.06999969482422,21.360000610351562,20.920000076293945,21.190000534057617,549400
2012-01-09,21.219999313354492,21.420000076293945,21.170000076293945,21.239999771118164,417100
2012-01-10,21.5,21.899999618530273,21.5,21.760000228881836,611600
2012-01-11,21.760000228881836,22.239999771118164,21.729999542236328,22.06999969482422,553300
2012-01-12,22.030000686645508,22.420000076293945,21.950000762939453,22.3700008392334,652200
2012-01-13,22.1299991607666,22.290000915527344,21.8799991607666,22.030000686645508,557700
2012-01-17,22.059999465942383,22.309999465942383,21.950000762939453,22.020000457763672,533500
2012-01-18,22.020000457763672,22.450000762939453,21.850000381469727,22.389999389648438,413300
2012-01-19,22.399999618530273,22.739999771118164,22.399999618530273,22.65999984741211,426100
2012-01-20,22.6299991607666,22.690000534057617,22.420000076293945,22.6299991607666,376400
2012-01-23,22.59000015258789,22.75,22.389999389648438,22.610000610351562,489800
2012-01-24,22.56999969482422,22.809999465942383,22.260000228881836,22.559999465942383,514100
2012-01-25,22.5,23.200000762939453,22.479999542236328,23.110000610351562,1264600
2012-01-26,23.200000762939453,23.399999618530273,23.079999923706055,23.190000534057617,441700
2012-01-27,23.049999237060547,23.479999542236328,23.049999237060547,23.440000534057617,328400
2012-01-30,23.170000076293945,23.270000457763672,22.889999389648438,23.219999313354492,570200
2012-01-31,23.3700008392334,23.3799991607666,22.829999923706055,22.889999389648438,960700
2012-02-01,23.1200008392334,23.770000457763672,22.959999084472656,23.75,929200
2012-02-02,23.670000076293945,23.670000076293945,22.649999618530273,22.790000915527344,1419700
2012-02-03,23.0,23.219999313354492,22.850000381469727,22.93000030517578,716000
2012-02-06,22.799999237060547,22.90999984741211,22.399999618530273,22.540000915527344,846200
2012-02-07,22.5,22.540000915527344,22.219999313354492,22.389999389648438,967300
2012-02-08,22.3700008392334,22.739999771118164,22.260000228881836,22.520000457763672,770500
2012-02-09,22.559999465942383,23.09000015258789,22.510000228881836,23.030000686645508,802200
2012-02-10,22.8700008392334,23.06999969482422,22.75,23.0,670300
2012-02-13,23.15999984741211,23.40999984741211,22.850000381469727,23.25,474400
2012-02-14,23.209999084472656,23.299999237060547,22.979999542236328,23.25,548600
2012-02-15,23.270000457763672,23.40999984741211,22.920000076293945,23.020000457763672,682900
2012-02-16,22.989999771118164,23.520000457763672,22.93000030517578,23.450000762939453,733300
2012-02-17,23.56999969482422,23.690000534057617,23.3799991607666,23.459999084472656,626200
2012-02-21,23.540000915527344,24.280000686645508,23.520000457763672,23.850000381469727,940700
2012-02-22,23.81999969482422,23.969999313354492,23.65999984741211,23.780000686645508,720500
2012-02-23,23.75,24.149999618530273,23.59000015258789,24.059999465942383,668700
2012-02-24,24.040000915527344,24.239999771118164,23.920000076293945,23.950000762939453,680000
2012-02-27,23.790000915527344,24.049999237060547,23.540000915527344,23.940000534057617,1406400
2012-02-28,23.8799991607666,24.0,23.59000015258789,23.719999313354492,788600
2012-02-29,23.729999542236328,24.0,23.209999084472656,23.350000381469727,3361000
2012-03-01,23.530000686645508,23.889999389648438,23.399999618530273,23.610000610351562,1221300
2012-03-02,23.530000686645508,23.829999923706055,22.860000610351562,22.93000030517578,1071200
2012-03-05,22.93000030517578,23.110000610351562,22.780000686645508,22.989999771118164,941000
2012-03-06,22.690000534057617,22.719999313354492,22.059999465942383,22.1299991607666,869600
2012-03-07,22.170000076293945,22.600000381469727,22.139999389648438,22.450000762939453,703600
2012-03-08,22.56999969482422,22.670000076293945,22.209999084472656,22.520000457763672,683300
2012-03-09,22.510000228881836,22.950000762939453,22.510000228881836,22.670000076293945,395900
2012-03-12,22.65999984741211,22.809999465942383,22.40999984741211,22.469999313354492,648900
2012-03-13,22.56999969482422,22.90999984741211,22.450000762939453,22.90999984741211,783000
2012-03-14,22.84000015258789,23.170000076293945,22.829999923706055,22.899999618530273,647900
2012-03-15,22.989999771118164,23.440000534057617,22.969999313354492,23.299999237060547,656400
2012-03-16,23.270000457763672,23.540000915527344,23.059999465942383,23.139999389648438,1186700
2012-03-19,23.0,23.579999923706055,22.959999084472656,23.329999923706055,745900
2012-03-20,23.1299991607666,23.350000381469727,22.90999984741211,23.260000228881836,813800
2012-03-21,23.260000228881836,23.3700008392334,22.920000076293945,23.020000457763672,553700
2012-03-22,22.809999465942383,22.8799991607666,22.280000686645508,22.40999984741211,782000
2012-03-23,22.389999389648438,22.81999969482422,22.1299991607666,22.790000915527344,610500
2012-03-26,22.979999542236328,23.25,22.93000030517578,23.100000381469727,694200
2012-03-27,23.079999923706055,23.270000457763672,22.959999084472656,22.969999313354492,513400
2012-03-28,22.93000030517578,23.06999969482422,22.510000228881836,22.860000610351562,713900
2012-03-29,22.639999389648438,22.65999984741211,22.260000228881836,22.43000030517578,610200
2012-03-30,22.639999389648438,22.8700008392334,22.3700008392334,22.3700008392334,962900
2012-04-02,22.260000228881836,22.850000381469727,22.260000228881836,22.6299991607666,1105700
2012-04-03,22.59000015258789,22.899999618530273,22.3799991607666,22.68000030517578,1243000
2012-04-04,22.360000610351562,22.549999237060547,22.010000228881836,22.260000228881836,993100
2012-04-05,22.110000610351562,22.40999984741211,22.030000686645508,22.059999465942383,532000
2012-04-09,21.639999389648438,21.780000686645508,21.350000381469727,21.649999618530273,1012500
2012-04-10,21.540000915527344,21.790000915527344,21.139999389648438,21.18000030517578,1110200
2012-04-11,21.440000534057617,21.670000076293945,21.329999923706055,21.489999771118164,602900
2012-04-12,21.459999084472656,22.139999389648438,21.389999389648438,22.079999923706055,721900
2012-04-13,22.0,22.06999969482422,21.450000762939453,21.489999771118164,806700
2012-04-16,21.56999969482422,22.040000915527344,21.360000610351562,21.760000228881836,1124600
2012-04-17,21.8700008392334,22.709999084472656,21.84000015258789,22.469999313354492,1343700
2012-04-18,22.360000610351562,22.360000610351562,21.969999313354492,21.989999771118164,448700
2012-04-19,21.950000762939453,22.190000534057617,21.5,21.600000381469727,653000
2012-04-20,21.690000534057617,21.950000762939453,21.639999389648438,21.719999313354492,518100
2012-04-23,21.3700008392334,21.579999923706055,21.270000457763672,21.510000228881836,571700
2012-04-24,21.559999465942383,21.8700008392334,21.440000534057617,21.639999389648438,462600
2012-04-25,21.950000762939453,22.100000381469727,21.799999237060547,22.0,628200
2012-04-26,21.90999984741211,22.110000610351562,21.8700008392334,21.950000762939453,607700
2012-04-27,22.020000457763672,22.610000610351562,22.020000457763672,22.5,1104900
2012-04-30,22.440000534057617,22.579999923706055,21.899999618530273,22.06999969482422,965700
2012-05-01,22.040000915527344,22.739999771118164,22.010000228881836,22.5,1241800
2012-05-02,22.299999237060547,22.6299991607666,22.219999313354492,22.610000610351562,807000
2012-05-03,21.950000762939453,21.950000762939453,19.06999969482422,19.600000381469727,4884500
2012-05-04,19.299999237060547,19.719999313354492,18.729999542236328,18.799999237060547,2037300
2012-05-07,18.649999618530273,18.850000381469727,18.34000015258789,18.479999542236328,2200000
2012-05-08,17.950000762939453,18.079999923706055,17.790000915527344,18.0,3307400
2012-05-09,17.690000534057617,17.93000030517578,17.479999542236328,17.799999237060547,1665800
2012-05-10,18.020000457763672,18.15999984741211,17.889999389648438,17.989999771118164,1398300
2012-05-11,17.81999969482422,18.219999313354492,17.780000686645508,18.049999237060547,1251100
2012-05-14,17.780000686645508,17.959999084472656,17.719999313354492,17.780000686645508,1166200
2012-05-15,17.790000915527344,17.889999389648438,17.5,17.559999465942383,1220600
2012-05-16,17.65999984741211,17.979999542236328,17.440000534057617,17.440000534057617,1330900
2012-05-17,17.440000534057617,17.5,16.75,16.770000457763672,891600
2012-05-18,16.8799991607666,17.010000228881836,16.600000381469727,16.639999389648438,946500
2012-05-21,16.68000030517578,16.989999771118164,16.510000228881836,16.940000534057617,819800
2012-05-22,17.059999465942383,17.100000381469727,16.440000534057617,16.530000686645508,1496100
2012-05-23,16.350000381469727,16.579999923706055,16.100000381469727,16.56999969482422,1163300
2012-05-24,16.6200008392334,16.709999084472656,16.31999969482422,16.6299991607666,882300
2012-05-25,16.65999984741211,16.799999237060547,16.5,16.690000534057617,880200
2012-05-29,16.889999389648438,17.219999313354492,16.81999969482422,16.959999084472656,828600
2012-05-30,16.75,16.75,16.280000686645508,16.399999618530273,701800
2012-05-31,16.40999984741211,16.459999084472656,16.030000686645508,16.290000915527344,1006700
2012-06-01,15.90999984741211,16.149999618530273,15.779999732971191,15.979999542236328,1038100
2012-06-04,15.970000267028809,16.0,15.579999923706055,15.729999542236328,1027900
2012-06-05,15.609999656677246,15.869999885559082,15.569999694824219,15.789999961853027,1209200
2012-06-06,15.970000267028809,16.469999313354492,15.960000038146973,16.190000534057617,1357100
2012-06-07,17.079999923706055,17.079999923706055,15.579999923706055,15.619999885559082,2713900
2012-06-08,15.640000343322754,16.299999237060547,15.619999885559082,16.200000762939453,4206400
2012-06-11,16.3700008392334,16.389999389648438,15.819999694824219,15.84000015258789,1241200
2012-06-12,15.880000114440918,16.1299991607666,15.770000457763672,15.989999771118164,1208100
2012-06-13,15.90999984741211,16.149999618530273,15.720000267028809,15.800000190734863,1765400
2012-06-14,15.779999732971191,16.139999389648438,15.779999732971191,15.949999809265137,1103400
2012-06-15,15.960000038146973,15.979999542236328,15.8100004196167,15.949999809265137,1480500
2012-06-18,15.850000381469727,16.170000076293945,15.8100004196167,16.149999618530273,684100
2012-06-19,16.149999618530273,16.649999618530273,16.110000610351562,16.469999313354492,1029100
2012-06-20,16.43000030517578,16.459999084472656,16.059999465942383,16.110000610351562,993400
2012-06-21,16.100000381469727,16.270000457763672,15.109999656677246,15.15999984741211,1377400
2012-06-22,15.220000267028809,15.279999732971191,15.079999923706055,15.15999984741211,1826600
2012-06-25,14.59000015258789,15.029999732971191,14.5,14.90999984741211,904900
2012-06-26,14.970000267028809,15.199999809265137,14.930000305175781,15.100000381469727,801200
2012-06-27,15.270000457763672,15.699999809265137,15.149999618530273,15.680000305175781,938200
2012-06-28,15.479999542236328,15.979999542236328,15.470000267028809,15.979999542236328,1220000
2012-06-29,16.399999618530273,16.479999542236328,16.229999542236328,16.450000762939453,718700
2012-07-02,16.530000686645508,16.719999313354492,16.3700008392334,16.700000762939453,794900
2012-07-03,16.760000228881836,17.170000076293945,16.719999313354492,17.1299991607666,425600
2012-07-05,17.0,17.209999084472656,16.8799991607666,17.0,789600
2012-07-06,16.75,16.950000762939453,16.709999084472656,16.809999465942383,421200
2012-07-09,16.850000381469727,17.0,16.700000762939453,16.93000030517578,766600
2012-07-10,17.100000381469727,17.149999618530273,16.520000457763672,16.68000030517578,1003900
2012-07-11,16.65999984741211,16.790000915527344,16.399999618530273,16.489999771118164,667000
2012-07-12,16.350000381469727,16.489999771118164,16.229999542236328,16.3700008392334,460900
2012-07-13,16.440000534057617,16.8700008392334,16.43000030517578,16.780000686645508,642700
2012-07-16,16.700000762939453,16.780000686645508,16.469999313354492,16.6200008392334,446300
2012-07-17,16.690000534057617,16.809999465942383,16.5,16.68000030517578,591400
2012-07-18,16.639999389648438,16.950000762939453,16.59000015258789,16.770000457763672,548900
2012-07-19,16.780000686645508,16.799999237060547,16.190000534057617,16.260000228881836,783000
2012-07-20,16.1299991607666,16.25,15.850000381469727,15.890000343322754,697500
2012-07-23,15.3100004196167,15.930000305175781,15.3100004196167,15.859999656677246,491500
2012-07-24,15.890000343322754,15.890000343322754,15.130000114440918,15.289999961853027,737300
2012-07-25,15.350000381469727,15.5600004196167,15.199999809265137,15.300000190734863,588200
2012-07-26,15.59000015258789,15.90999984741211,15.449999809265137,15.619999885559082,466500
2012-07-27,15.720000267028809,16.15999984741211,15.609999656677246,16.110000610351562,329200
2012-07-30,16.200000762939453,16.530000686645508,15.890000343322754,15.890000343322754,1034200
2012-07-31,15.899999618530273,16.3700008392334,15.890000343322754,16.209999084472656,1154600
2012-08-01,16.299999237060547,16.520000457763672,16.170000076293945,16.200000762939453,744500
2012-08-02,16.06999969482422,16.190000534057617,15.579999923706055,15.720000267028809,764800
2012-08-03,15.989999771118164,16.34000015258789,15.779999732971191,16.079999923706055,1726000
2012-08-06,16.079999923706055,16.280000686645508,15.9399995803833,15.979999542236328,1190600
2012-08-07,17.020000457763672,19.0,16.65999984741211,18.81999969482422,3257800
2012-08-08,18.889999389648438,19.25,18.530000686645508,18.639999389648438,2213900
2012-08-09,18.6299991607666,19.270000457763672,18.6299991607666,19.079999923706055,1135800
2012-08-10,18.8700008392334,19.049999237060547,18.68000030517578,18.850000381469727,702700
2012-08-13,18.8700008392334,19.190000534057617,18.829999923706055,18.920000076293945,724400
2012-08-14,19.010000228881836,19.25,18.899999618530273,18.989999771118164,895200
2012-08-15,18.940000534057617,19.290000915527344,18.940000534057617,19.190000534057617,490100
2012-08-16,19.15999984741211,19.59000015258789,19.149999618530273,19.459999084472656,958700
2012-08-17,19.360000610351562,19.459999084472656,18.940000534057617,19.020000457763672,1572100
2012-08-20,18.940000534057617,19.3700008392334,18.90999984741211,19.290000915527344,862700
2012-08-21,19.389999389648438,19.90999984741211,19.329999923706055,19.43000030517578,1398700
2012-08-22,19.34000015258789,19.450000762939453,19.020000457763672,19.139999389648438,748300
2012-08-23,19.079999923706055,19.260000228881836,18.959999084472656,19.09000015258789,590900
2012-08-24,19.139999389648438,19.489999771118164,19.139999389648438,19.170000076293945,932800
2012-08-27,19.270000457763672,19.389999389648438,18.979999542236328,19.06999969482422,504400
2012-08-28,18.989999771118164,19.709999084472656,18.940000534057617,19.489999771118164,1076900
2012-08-29,19.450000762939453,19.579999923706055,19.200000762939453,19.34000015258789,486600
2012-08-30,19.18000030517578,19.420000076293945,19.139999389648438,19.239999771118164,550000
2012-08-31,19.440000534057617,19.700000762939453,19.290000915527344,19.389999389648438,594000
2012-09-04,19.3799991607666,19.8799991607666,19.25,19.700000762939453,931300
2012-09-05,19.670000076293945,20.0,19.440000534057617,19.920000076293945,1092200
2012-09-06,20.030000686645508,20.5,19.899999618530273,20.34000015258789,982300
2012-09-07,20.3700008392334,20.81999969482422,20.34000015258789,20.510000228881836,654500
2012-09-10,20.3799991607666,20.780000686645508,20.3799991607666,20.739999771118164,882200
2012-09-11,20.670000076293945,21.010000228881836,20.649999618530273,20.860000610351562,932700
2012-09-12,20.850000381469727,21.0,20.760000228881836,20.90999984741211,1292600
2012-09-13,20.8799991607666,21.3799991607666,20.65999984741211,21.229999542236328,1198000
2012-09-14,21.200000762939453,21.719999313354492,21.200000762939453,21.610000610351562,1045700
2012-09-17,21.450000762939453,21.450000762939453,21.09000015258789,21.34000015258789,990800
2012-09-18,21.280000686645508,21.479999542236328,21.079999923706055,21.280000686645508,1081500
2012-09-19,21.329999923706055,21.700000762939453,21.239999771118164,21.6200008392334,1163700
2012-09-20,21.489999771118164,21.579999923706055,21.200000762939453,21.399999618530273,721800
2012-09-21,21.610000610351562,21.670000076293945,21.260000228881836,21.420000076293945,1073500
2012-09-24,21.139999389648438,21.389999389648438,21.100000381469727,21.290000915527344,580800
2012-09-25,21.40999984741211,21.59000015258789,20.850000381469727,20.8700008392334,746600
2012-09-26,20.8700008392334,21.0,20.520000457763672,20.8799991607666,1126100
2012-09-27,20.920000076293945,21.219999313354492,20.799999237060547,21.059999465942383,1066000
2012-09-28,20.93000030517578,21.229999542236328,20.739999771118164,21.15999984741211,924900
2012-10-01,21.170000076293945,21.43000030517578,20.969999313354492,21.100000381469727,941400
2012-10-02,21.18000030517578,21.6299991607666,21.110000610351562,21.5,844300
2012-10-03,21.56999969482422,21.690000534057617,21.31999969482422,21.40999984741211,633800
2012-10-04,21.489999771118164,21.649999618530273,21.3799991607666,21.559999465942383,668000
2012-10-05,21.68000030517578,21.950000762939453,21.649999618530273,21.670000076293945,889700
2012-10-08,21.530000686645508,21.6299991607666,21.3799991607666,21.40999984741211,463000
2012-10-09,21.260000228881836,21.59000015258789,21.09000015258789,21.110000610351562,662000
2012-10-10,21.1200008392334,21.280000686645508,20.899999618530273,20.979999542236328,677600
2012-10-11,21.170000076293945,21.25,21.0,21.079999923706055,670800
2012-10-12,21.06999969482422,21.280000686645508,20.940000534057617,21.010000228881836,1008000
2012-10-15,21.0,21.6200008392334,21.0,21.579999923706055,680000
2012-10-16,20.959999084472656,21.59000015258789,20.959999084472656,21.559999465942383,941000
2012-10-17,21.299999237060547,21.729999542236328,21.0,21.6200008392334,1156100
2012-10-18,21.59000015258789,21.8799991607666,21.520000457763672,21.739999771118164,707600
2012-10-19,21.690000534057617,21.690000534057617,21.280000686645508,21.34000015258789,592800
2012-10-22,21.280000686645508,21.540000915527344,20.989999771118164,21.139999389648438,532400
2012-10-23,20.850000381469727,21.040000915527344,20.739999771118164,21.010000228881836,600800
2012-10-24,21.06999969482422,21.229999542236328,20.8799991607666,20.969999313354492,461000
2012-10-25,21.139999389648438,21.190000534057617,20.610000610351562,20.950000762939453,669100
2012-10-26,20.93000030517578,21.219999313354492,20.84000015258789,20.850000381469727,627700
2012-10-31,20.920000076293945,21.59000015258789,20.920000076293945,21.469999313354492,594500
2012-11-01,21.5,22.110000610351562,21.469999313354492,22.030000686645508,981700
2012-11-02,22.149999618530273,22.149999618530273,21.809999465942383,21.81999969482422,771000
2012-11-05,21.75,22.200000762939453,21.700000762939453,22.149999618530273,595300
2012-11-06,22.229999542236328,22.489999771118164,22.0,22.34000015258789,815100
2012-11-07,22.09000015258789,22.229999542236328,21.979999542236328,22.110000610351562,724500
2012-11-08,22.0,22.059999465942383,21.59000015258789,21.790000915527344,666900
2012-11-09,21.709999084472656,21.950000762939453,21.65999984741211,21.799999237060547,572400
2012-11-12,21.889999389648438,21.950000762939453,21.729999542236328,21.760000228881836,757100
2012-11-13,20.979999542236328,20.979999542236328,18.68000030517578,18.8700008392334,3616100
2012-11-14,19.040000915527344,19.5,19.0,19.31999969482422,2152800
2012-11-15,19.280000686645508,19.950000762939453,19.270000457763672,19.719999313354492,1196500
2012-11-16,19.68000030517578,20.170000076293945,19.68000030517578,20.09000015258789,915000
2012-11-19,20.09000015258789,20.739999771118164,20.09000015258789,20.579999923706055,1006100
2012-11-20,20.56999969482422,21.079999923706055,20.520000457763672,20.940000534057617,753000
2012-11-21,20.90999984741211,21.6200008392334,20.90999984741211,21.520000457763672,793200
2012-11-23,21.639999389648438,21.899999618530273,21.479999542236328,21.8700008392334,542200
2012-11-26,21.739999771118164,22.059999465942383,21.739999771118164,22.0,893900
2012-11-27,21.889999389648438,22.149999618530273,21.860000610351562,21.950000762939453,887800
2012-11-28,21.799999237060547,22.329999923706055,21.65999984741211,22.260000228881836,637100
2012-11-29,22.399999618530273,22.469999313354492,22.149999618530273,22.200000762939453,938800
2012-11-30,22.209999084472656,22.6299991607666,22.209999084472656,22.59000015258789,2098000
2012-12-03,22.600000381469727,22.940000534057617,22.5,22.850000381469727,752600
2012-12-04,22.809999465942383,22.989999771118164,22.739999771118164,22.889999389648438,631900
2012-12-05,22.649999618530273,23.059999465942383,22.43000030517578,22.889999389648438,1062000
2012-12-06,22.8700008392334,23.020000457763672,22.700000762939453,22.81999969482422,511000
2012-12-07,22.81999969482422,22.989999771118164,22.739999771118164,22.889999389648438,742900
2012-12-10,22.84000015258789,23.600000381469727,22.829999923706055,23.540000915527344,1027100
2012-12-11,23.610000610351562,23.969999313354492,23.540000915527344,23.93000030517578,745900
2012-12-12,23.959999084472656,24.170000076293945,23.760000228881836,23.799999237060547,1188900
2012-12-13,23.760000228881836,23.989999771118164,23.540000915527344,23.739999771118164,1092100
2012-12-14,23.649999618530273,23.979999542236328,23.610000610351562,23.81999969482422,610200
2012-12-17,23.90999984741211,24.25,23.799999237060547,23.950000762939453,1142800
2012-12-18,23.940000534057617,24.270000457763672,23.8799991607666,24.25,737000
2012-12-19,24.25,24.40999984741211,24.0,24.139999389648438,942300
2012-12-20,24.190000534057617,24.399999618530273,24.149999618530273,24.3700008392334,727500
2012-12-21,24.020000457763672,24.329999923706055,23.809999465942383,24.329999923706055,1525600
2012-12-24,24.1200008392334,24.440000534057617,23.979999542236328,24.239999771118164,352600
2012-12-26,24.18000030517578,24.489999771118164,24.100000381469727,24.1200008392334,587400
2012-12-27,24.040000915527344,24.239999771118164,23.700000762939453,24.09000015258789,571100
2012-12-28,23.889999389648438,24.1200008392334,23.850000381469727,23.940000534057617,511100
2012-12-31,23.68000030517578,23.8799991607666,23.239999771118164,23.799999237060547,985000
2013-01-02,24.010000228881836,24.729999542236328,23.950000762939453,24.709999084472656,846000
2013-01-03,24.559999465942383,24.56999969482422,24.260000228881836,24.309999465942383,545900
2013-01-04,24.299999237060547,24.360000610351562,24.1299991607666,24.280000686645508,812900
2013-01-07,24.06999969482422,24.399999618530273,24.040000915527344,24.280000686645508,508900
2013-01-08,24.15999984741211,24.56999969482422,24.15999984741211,24.530000686645508,844400
2013-01-09,24.6200008392334,24.770000457763672,24.469999313354492,24.719999313354492,646600
2013-01-10,24.719999313354492,24.920000076293945,24.600000381469727,24.81999969482422,652400
2013-01-11,24.719999313354492,24.940000534057617,24.6200008392334,24.8799991607666,544700
2013-01-14,24.81999969482422,24.969999313354492,24.670000076293945,24.709999084472656,790100
2013-01-15,24.579999923706055,25.25,24.559999465942383,25.219999313354492,611700
2013-01-16,25.1299991607666,25.149999618530273,24.8799991607666,24.93000030517578,333900
2013-01-17,25.0,25.280000686645508,24.829999923706055,25.049999237060547,664800
2013-01-18,25.0,25.280000686645508,24.93000030517578,25.15999984741211,632300
2013-01-22,24.989999771118164,25.459999084472656,24.809999465942383,25.459999084472656,894100
2013-01-23,25.389999389648438,25.469999313354492,25.25,25.280000686645508,655300
2013-01-24,25.280000686645508,25.600000381469727,25.030000686645508,25.489999771118164,559800
2013-01-25,25.600000381469727,25.6299991607666,25.3799991607666,25.510000228881836,925800
2013-01-28,25.549999237060547,25.799999237060547,25.440000534057617,25.799999237060547,751200
2013-01-29,25.700000762939453,25.84000015258789,25.639999389648438,25.75,771900
2013-01-30,25.760000228881836,25.81999969482422,25.530000686645508,25.56999969482422,628500
2013-01-31,25.5,25.579999923706055,25.299999237060547,25.56999969482422,962500
2013-02-01,25.40999984741211,25.8700008392334,25.40999984741211,25.670000076293945,565200
2013-02-04,25.56999969482422,25.81999969482422,25.1200008392334,25.309999465942383,1114900
2013-02-05,25.81999969482422,27.649999618530273,25.549999237060547,27.260000228881836,2563100
2013-02-06,27.149999618530273,27.790000915527344,27.06999969482422,27.760000228881836,1185800
2013-02-07,27.5,28.06999969482422,27.40999984741211,27.950000762939453,1910100
2013-02-08,28.270000457763672,30.0,28.25,28.84000015258789,2815200
2013-02-11,28.6299991607666,28.969999313354492,28.360000610351562,28.610000610351562,1545600
2013-02-12,28.68000030517578,29.399999618530273,28.639999389648438,29.399999618530273,1431000
2013-02-13,29.399999618530273,30.149999618530273,29.25,30.040000915527344,2086400
2013-02-14,29.899999618530273,30.959999084472656,29.889999389648438,30.850000381469727,1671600
2013-02-15,30.700000762939453,31.200000762939453,30.479999542236328,30.969999313354492,1960500
2013-02-19,30.639999389648438,31.530000686645508,29.299999237060547,31.420000076293945,1622700
2013-02-20,31.309999465942383,31.3799991607666,30.690000534057617,30.690000534057617,1160800
2013-02-21,30.479999542236328,30.860000610351562,30.15999984741211,30.299999237060547,1182100
2013-02-22,30.3700008392334,30.809999465942383,30.100000381469727,30.770000457763672,1122000
2013-02-25,30.59000015258789,30.940000534057617,29.790000915527344,29.790000915527344,977300
2013-02-26,29.899999618530273,30.329999923706055,29.59000015258789,30.200000762939453,1119400
2013-02-27,30.329999923706055,30.809999465942383,30.329999923706055,30.670000076293945,838000
2013-02-28,30.739999771118164,30.93000030517578,30.309999465942383,30.309999465942383,698200
2013-03-01,30.09000015258789,30.290000915527344,29.3700008392334,30.1200008392334,1228200
2013-03-04,30.0,30.40999984741211,29.81999969482422,30.34000015258789,904500
2013-03-05,30.459999084472656,31.290000915527344,30.459999084472656,31.09000015258789,959600
2013-03-06,31.110000610351562,31.350000381469727,30.889999389648438,31.020000457763672,573800
2013-03-07,31.059999465942383,31.1299991607666,30.850000381469727,31.100000381469727,401900
2013-03-08,31.25,31.3799991607666,30.65999984741211,31.3700008392334,934400
2013-03-11,31.350000381469727,31.75,31.0,31.18000030517578,1184300
2013-03-12,31.040000915527344,31.549999237060547,30.75,31.40999984741211,942100
2013-03-13,31.399999618530273,32.0,31.190000534057617,31.899999618530273,991000
2013-03-14,31.920000076293945,32.63999938964844,31.8799991607666,32.4900016784668,1147700
2013-03-15,32.31999969482422,32.61000061035156,32.15999984741211,32.459999084472656,1430100
2013-03-18,31.940000534057617,32.540000915527344,31.579999923706055,32.310001373291016,607100
2013-03-19,32.38999938964844,32.900001525878906,32.279998779296875,32.58000183105469,630300
2013-03-20,32.709999084472656,32.900001525878906,32.33000183105469,32.77000045776367,743600
2013-03-21,32.529998779296875,32.95000076293945,32.459999084472656,32.529998779296875,646700
2013-03-22,32.630001068115234,33.09000015258789,32.619998931884766,32.95000076293945,584400
2013-03-25,33.0,33.09000015258789,32.29999923706055,32.54999923706055,969400
2013-03-26,32.7400016784668,33.0,32.54999923706055,32.849998474121094,403400
2013-03-27,32.66999816894531,32.849998474121094,32.11000061035156,32.75,390300
2013-03-28,32.83000183105469,32.9900016784668,32.529998779296875,32.79999923706055,458100
2013-04-01,32.709999084472656,32.849998474121094,31.81999969482422,31.979999542236328,722800
2013-04-02,32.150001525878906,32.349998474121094,31.299999237060547,31.489999771118164,695600
2013-04-03,31.479999542236328,31.549999237060547,29.850000381469727,30.139999389648438,1144100
2013-04-04,30.139999389648438,30.270000457763672,29.829999923706055,30.149999618530273,499600
2013-04-05,29.719999313354492,29.860000610351562,29.299999237060547,29.770000457763672,831200
2013-04-08,29.6200008392334,30.3799991607666,29.469999313354492,30.34000015258789,719400
2013-04-09,30.440000534057617,30.59000015258789,29.979999542236328,30.100000381469727,976900
2013-04-10,30.25,30.829999923706055,29.889999389648438,30.81999969482422,1202900
2013-04-11,30.809999465942383,31.059999465942383,30.59000015258789,30.979999542236328,587400
2013-04-12,30.90999984741211,30.90999984741211,30.489999771118164,30.690000534057617,738400
2013-04-15,30.350000381469727,30.469999313354492,28.3799991607666,28.459999084472656,1277100
2013-04-16,28.649999618530273,29.270000457763672,28.639999389648438,29.200000762939453,1238000
2013-04-17,29.040000915527344,29.040000915527344,28.34000015258789,28.709999084472656,965900
2013-04-18,28.760000228881836,28.860000610351562,28.110000610351562,28.219999313354492,932400
2013-04-19,28.31999969482422,28.31999969482422,27.780000686645508,28.219999313354492,1081700
2013-04-22,28.3799991607666,28.860000610351562,27.709999084472656,28.59000015258789,842500
2013-04-23,28.799999237060547,28.940000534057617,28.3799991607666,28.690000534057617,875400
2013-04-24,28.729999542236328,29.209999084472656,28.65999984741211,29.110000610351562,552400
2013-04-25,28.6200008392334,29.0,28.09000015258789,28.540000915527344,905800
2013-04-26,28.459999084472656,28.690000534057617,28.229999542236328,28.31999969482422,400100
2013-04-29,28.440000534057617,28.8799991607666,28.270000457763672,28.690000534057617,374600
2013-04-30,28.760000228881836,29.139999389648438,28.350000381469727,29.06999969482422,743300
2013-05-01,28.790000915527344,28.860000610351562,28.43000030517578,28.530000686645508,700000
2013-05-02,28.770000457763672,29.299999237060547,28.639999389648438,29.15999984741211,460600
2013-05-03,29.540000915527344,30.399999618530273,29.540000915527344,29.84000015258789,667400
2013-05-06,29.829999923706055,29.93000030517578,29.469999313354492,29.649999618530273,883300
2013-05-07,29.75,30.56999969482422,29.399999618530273,30.06999969482422,1045200
2013-05-08,29.8700008392334,30.290000915527344,29.649999618530273,29.899999618530273,749900
2013-05-09,29.760000228881836,30.3700008392334,29.719999313354492,30.1299991607666,631300
2013-05-10,30.020000457763672,30.65999984741211,30.020000457763672,30.579999923706055,684500
2013-05-13,30.459999084472656,30.479999542236328,30.079999923706055,30.270000457763672,653600
2013-05-14,30.219999313354492,30.940000534057617,30.219999313354492,30.940000534057617,534900
2013-05-15,30.8799991607666,31.15999984741211,30.59000015258789,31.100000381469727,1009000
2013-05-16,31.079999923706055,31.239999771118164,30.81999969482422,30.8799991607666,637400
2013-05-17,31.100000381469727,31.5,31.059999465942383,31.399999618530273,654000
2013-05-20,31.34000015258789,31.940000534057617,31.34000015258789,31.670000076293945,721800
2013-05-21,31.670000076293945,32.36000061035156,31.56999969482422,32.0099983215332,807800
2013-05-22,32.150001525878906,32.2400016784668,30.770000457763672,30.93000030517578,760900
2013-05-23,30.40999984741211,31.190000534057617,30.15999984741211,31.030000686645508,443200
2013-05-24,30.65999984741211,30.75,30.030000686645508,30.469999313354492,458000
2013-05-28,30.950000762939453,31.299999237060547,30.68000030517578,30.850000381469727,407100
2013-05-29,30.559999465942383,30.850000381469727,30.270000457763672,30.600000381469727,537000
2013-05-30,30.690000534057617,31.229999542236328,30.649999618530273,30.989999771118164,326500
2013-05-31,30.780000686645508,31.459999084472656,30.639999389648438,30.790000915527344,366700
2013-06-03,30.760000228881836,30.850000381469727,29.719999313354492,30.5,627600
2013-06-04,30.459999084472656,30.690000534057617,29.93000030517578,30.299999237060547,532900
2013-06-05,30.290000915527344,30.5,29.950000762939453,30.030000686645508,503900
2013-06-06,30.049999237060547,30.5,29.979999542236328,30.450000762939453,483500
2013-06-07,30.690000534057617,31.059999465942383,30.3799991607666,31.0,548200
2013-06-10,31.040000915527344,31.190000534057617,30.59000015258789,30.979999542236328,404800
2013-06-11,30.700000762939453,31.1200008392334,30.3799991607666,30.420000076293945,441200
2013-06-12,30.809999465942383,30.950000762939453,30.010000228881836,30.100000381469727,288500
2013-06-13,30.0,30.75,29.899999618530273,30.610000610351562,457700
2013-06-14,30.6200008392334,31.079999923706055,30.530000686645508,30.56999969482422,407300
2013-06-17,30.920000076293945,31.1200008392334,30.610000610351562,30.780000686645508,471400
2013-06-18,30.920000076293945,31.350000381469727,30.8700008392334,31.280000686645508,539500
2013-06-19,31.190000534057617,31.93000030517578,31.1299991607666,31.40999984741211,1327700
2013-06-20,31.0,31.1200008392334,30.219999313354492,30.280000686645508,983300
2013-06-21,30.450000762939453,30.450000762939453,29.719999313354492,29.8700008392334,1189700
2013-06-24,29.530000686645508,29.84000015258789,29.239999771118164,29.56999969482422,716500
2013-06-25,30.0,30.610000610351562,29.920000076293945,30.420000076293945,993200
2013-06-26,30.790000915527344,30.969999313354492,30.260000228881836,30.790000915527344,919100
2013-06-27,31.0,31.829999923706055,30.899999618530273,31.579999923706055,860800
2013-06-28,31.510000228881836,31.90999984741211,31.190000534057617,31.790000915527344,1340300
2013-07-01,31.700000762939453,31.979999542236328,31.479999542236328,31.690000534057617,818000
2013-07-02,31.540000915527344,31.959999084472656,31.360000610351562,31.559999465942383,540900
2013-07-03,31.40999984741211,31.65999984741211,31.329999923706055,31.530000686645508,584100
2013-07-05,31.700000762939453,31.920000076293945,31.25,31.899999618530273,461000
2013-07-08,32.0,32.0,31.579999923706055,31.65999984741211,248100
2013-07-09,31.959999084472656,32.619998931884766,31.899999618530273,32.369998931884766,879300
2013-07-10,32.0,32.47999954223633,31.889999389648438,32.2400016784668,432600
2013-07-11,32.540000915527344,32.95000076293945,32.439998626708984,32.529998779296875,421600
2013-07-12,32.459999084472656,32.720001220703125,32.31999969482422,32.5099983215332,406800
2013-07-15,32.41999816894531,32.900001525878906,32.31999969482422,32.720001220703125,437600
2013-07-16,32.75,32.959999084472656,32.36000061035156,32.439998626708984,500100
2013-07-17,32.630001068115234,33.150001525878906,32.630001068115234,33.11000061035156,627000
2013-07-18,33.099998474121094,33.97999954223633,33.099998474121094,33.790000915527344,832100
2013-07-19,33.720001220703125,34.11000061035156,33.650001525878906,34.04999923706055,735200
2013-07-22,34.02000045776367,34.61000061035156,34.02000045776367,34.41999816894531,553200
2013-07-23,34.38999938964844,34.619998931884766,34.25,34.439998626708984,566800
2013-07-24,34.529998779296875,34.63999938964844,34.310001373291016,34.34000015258789,642700
2013-07-25,34.0,34.220001220703125,33.79999923706055,34.13999938964844,468200
2013-07-26,33.90999984741211,34.09000015258789,33.5,33.58000183105469,321400
2013-07-29,33.54999923706055,33.77000045776367,32.959999084472656,33.0,370200
2013-07-30,33.18000030517578,33.40999984741211,32.86000061035156,33.380001068115234,1014100
2013-07-31,33.4900016784668,34.290000915527344,33.47999954223633,33.900001525878906,493500
2013-08-01,34.0,35.2400016784668,33.939998626708984,35.060001373291016,1142700
2013-08-02,34.810001373291016,34.9900016784668,34.439998626708984,34.91999816894531,503600
2013-08-05,34.7599983215332,35.220001220703125,34.52000045776367,35.20000076293945,1302400
2013-08-06,33.54999923706055,33.619998931884766,29.030000686645508,29.360000610351562,3577200
2013-08-07,29.479999542236328,30.420000076293945,29.030000686645508,29.489999771118164,1178100
2013-08-08,29.719999313354492,30.079999923706055,29.6200008392334,30.0,922200
2013-08-09,29.889999389648438,30.229999542236328,29.84000015258789,30.059999465942383,724000
2013-08-12,29.790000915527344,30.34000015258789,29.68000030517578,30.0,756400
2013-08-13,30.010000228881836,30.25,29.809999465942383,30.0,614600
2013-08-14,29.979999542236328,30.110000610351562,29.770000457763672,29.8799991607666,316000
2013-08-15,29.68000030517578,29.799999237060547,29.479999542236328,29.559999465942383,570700
2013-08-16,29.459999084472656,30.0,29.40999984741211,29.729999542236328,524100
2013-08-19,29.690000534057617,29.850000381469727,29.1299991607666,29.18000030517578,504800
2013-08-20,29.18000030517578,29.940000534057617,29.15999984741211,29.8700008392334,782300
2013-08-21,29.770000457763672,30.450000762939453,29.770000457763672,30.190000534057617,686900
2013-08-22,30.190000534057617,30.989999771118164,30.18000030517578,30.81999969482422,510300
2013-08-23,30.889999389648438,30.959999084472656,30.579999923706055,30.739999771118164,564800
2013-08-26,30.729999542236328,30.93000030517578,30.610000610351562,30.65999984741211,444700
2013-08-27,30.31999969482422,30.459999084472656,29.739999771118164,29.790000915527344,480600
2013-08-28,29.90999984741211,30.139999389648438,29.739999771118164,30.0,403700
2013-08-29,30.0,30.360000610351562,29.950000762939453,30.020000457763672,464900
2013-08-30,30.059999465942383,30.1200008392334,29.049999237060547,29.1299991607666,524300
2013-09-03,29.610000610351562,29.790000915527344,28.510000228881836,28.6299991607666,2119200
2013-09-04,28.6299991607666,29.059999465942383,28.100000381469727,28.809999465942383,907100
2013-09-05,28.90999984741211,29.389999389648438,28.8700008392334,29.209999084472656,448800
2013-09-06,29.360000610351562,29.549999237060547,28.799999237060547,28.989999771118164,445300
2013-09-09,29.09000015258789,29.610000610351562,29.049999237060547,29.3799991607666,491600
2013-09-10,29.610000610351562,29.780000686645508,29.43000030517578,29.770000457763672,545800
2013-09-11,29.65999984741211,30.040000915527344,29.459999084472656,29.860000610351562,543900
2013-09-12,29.81999969482422,30.0,29.530000686645508,29.739999771118164,400300
2013-09-13,29.399999618530273,29.860000610351562,29.25,29.809999465942383,432600
2013-09-16,30.229999542236328,30.639999389648438,30.139999389648438,30.260000228881836,708300
2013-09-17,30.190000534057617,30.399999618530273,29.979999542236328,30.3799991607666,594100
2013-09-18,30.40999984741211,30.899999618530273,30.1200008392334,30.649999618530273,608500
2013-09-19,30.690000534057617,30.899999618530273,30.43000030517578,30.690000534057617,693400
2013-09-20,30.860000610351562,30.950000762939453,30.59000015258789,30.639999389648438,1185300
2013-09-23,30.600000381469727,30.969999313354492,30.469999313354492,30.780000686645508,841400
2013-09-24,30.899999618530273,31.56999969482422,30.75,31.299999237060547,719100
2013-09-25,31.3799991607666,31.579999923706055,31.0,31.350000381469727,476700
2013-09-26,31.309999465942383,31.84000015258789,31.270000457763672,31.56999969482422,339200
2013-09-27,31.270000457763672,31.610000610351562,31.170000076293945,31.219999313354492,471900
2013-09-30,30.739999771118164,31.459999084472656,30.709999084472656,31.270000457763672,687600
2013-10-01,31.149999618530273,32.5099983215332,31.1299991607666,32.209999084472656,1048300
2013-10-02,31.920000076293945,32.209999084472656,31.649999618530273,31.8700008392334,517900
2013-10-03,31.84000015258789,31.899999618530273,31.040000915527344,31.31999969482422,587500
2013-10-04,31.309999465942383,31.670000076293945,31.25,31.56999969482422,412100
2013-10-07,31.239999771118164,31.450000762939453,30.84000015258789,31.059999465942383,416200
2013-10-08,31.06999969482422,31.290000915527344,30.440000534057617,30.59000015258789,402700
2013-10-09,30.6200008392334,31.219999313354492,30.270000457763672,30.780000686645508,701900
2013-10-10,31.200000762939453,31.360000610351562,30.670000076293945,30.989999771118164,1086100
2013-10-11,30.860000610351562,31.190000534057617,30.799999237060547,31.139999389648438,1095800
2013-10-14,30.950000762939453,31.5,30.799999237060547,31.469999313354492,555700
2013-10-15,31.459999084472656,31.5,31.15999984741211,31.18000030517578,617700
2013-10-16,31.399999618530273,31.780000686645508,31.030000686645508,31.670000076293945,403100
2013-10-17,31.540000915527344,32.540000915527344,31.540000915527344,32.459999084472656,559000
2013-10-18,32.52000045776367,32.650001525878906,32.38999938964844,32.529998779296875,467500
2013-10-21,32.63999938964844,32.83000183105469,32.529998779296875,32.689998626708984,458200
2013-10-22,32.88999938964844,32.900001525878906,32.529998779296875,32.540000915527344,502400
2013-10-23,32.40999984741211,32.560001373291016,32.06999969482422,32.20000076293945,430400
2013-10-24,32.29999923706055,32.52000045776367,31.920000076293945,31.979999542236328,943900
2013-10-25,32.0,32.220001220703125,31.850000381469727,32.11000061035156,775200
2013-10-28,32.130001068115234,32.189998626708984,31.829999923706055,31.979999542236328,585400
2013-10-29,32.130001068115234,32.310001373291016,31.850000381469727,32.119998931884766,626300
2013-10-30,32.209999084472656,32.5,32.0,32.11000061035156,507300
2013-10-31,32.16999816894531,32.20000076293945,31.56999969482422,31.780000686645508,429200
2013-11-01,31.760000228881836,32.04999923706055,31.420000076293945,31.940000534057617,457700
2013-11-04,31.989999771118164,32.290000915527344,31.75,32.08000183105469,451600
2013-11-05,32.0099983215332,32.13999938964844,31.420000076293945,31.610000610351562,558400
2013-11-06,31.729999542236328,31.969999313354492,31.459999084472656,31.68000030517578,491600
2013-11-07,31.84000015258789,31.969999313354492,30.8700008392334,30.889999389648438,591000
2013-11-08,30.290000915527344,30.889999389648438,29.899999618530273,30.780000686645508,979800
2013-11-11,30.65999984741211,31.43000030517578,30.6200008392334,31.299999237060547,773600
2013-11-12,29.56999969482422,29.889999389648438,28.6200008392334,28.959999084472656,1787700
2013-11-13,28.729999542236328,29.020000457763672,28.299999237060547,28.950000762939453,947600
2013-11-14,29.049999237060547,29.5,28.709999084472656,29.459999084472656,784600
2013-11-15,29.540000915527344,30.040000915527344,29.520000457763672,29.860000610351562,618500
2013-11-18,29.93000030517578,30.260000228881836,29.700000762939453,29.850000381469727,951100
2013-11-19,29.739999771118164,29.860000610351562,29.100000381469727,29.239999771118164,436900
2013-11-20,29.260000228881836,29.81999969482422,29.110000610351562,29.219999313354492,549400
2013-11-21,29.399999618530273,29.700000762939453,29.299999237060547,29.5,390900
2013-11-22,29.43000030517578,29.43000030517578,29.110000610351562,29.350000381469727,334100
2013-11-25,29.420000076293945,29.43000030517578,29.049999237060547,29.149999618530273,289900
2013-11-26,29.270000457763672,29.459999084472656,29.06999969482422,29.1200008392334,580700
2013-11-27,29.020000457763672,29.40999984741211,28.8700008392334,29.1200008392334,521600
2013-11-29,29.06999969482422,29.239999771118164,28.989999771118164,29.059999465942383,258400
2013-12-02,28.920000076293945,29.6299991607666,28.6299991607666,29.059999465942383,668200
2013-12-03,29.010000228881836,29.299999237060547,28.729999542236328,28.969999313354492,607700
2013-12-04,28.81999969482422,29.200000762939453,28.420000076293945,28.639999389648438,439000
2013-12-05,28.639999389648438,28.809999465942383,28.43000030517578,28.540000915527344,446800
2013-12-06,28.950000762939453,29.18000030517578,28.799999237060547,29.040000915527344,332100
2013-12-09,29.020000457763672,29.139999389648438,28.729999542236328,28.75,358800
2013-12-10,28.739999771118164,29.219999313354492,28.579999923706055,28.579999923706055,633000
2013-12-11,28.559999465942383,28.56999969482422,27.6299991607666,27.729999542236328,796300
2013-12-12,27.809999465942383,27.979999542236328,27.610000610351562,27.799999237060547,751800
2013-12-13,27.920000076293945,27.920000076293945,27.350000381469727,27.469999313354492,963200
2013-12-16,27.68000030517578,28.3700008392334,27.559999465942383,28.280000686645508,759100
2013-12-17,28.260000228881836,28.350000381469727,27.540000915527344,27.84000015258789,786900
2013-12-18,27.850000381469727,28.280000686645508,27.639999389648438,28.200000762939453,668800
2013-12-19,28.200000762939453,29.0,28.059999465942383,28.770000457763672,911000
2013-12-20,28.84000015258789,29.190000534057617,28.75,29.06999969482422,913400
2013-12-23,29.200000762939453,29.299999237060547,29.059999465942383,29.290000915527344,359000
2013-12-24,29.25,29.549999237060547,29.190000534057617,29.420000076293945,160800
2013-12-26,29.579999923706055,29.739999771118164,29.350000381469727,29.3799991607666,249500
2013-12-27,29.420000076293945,29.56999969482422,29.1200008392334,29.510000228881836,176400
2013-12-30,29.489999771118164,29.600000381469727,29.270000457763672,29.270000457763672,460600
2013-12-31,29.3700008392334,29.600000381469727,29.34000015258789,29.43000030517578,508300
2014-01-02,29.43000030517578,29.68000030517578,29.190000534057617,29.219999313354492,532900
2014-01-03,29.3799991607666,29.93000030517578,29.3799991607666,29.780000686645508,562900
2014-01-06,29.889999389648438,29.920000076293945,29.209999084472656,29.420000076293945,1106400
2014-01-07,29.479999542236328,30.219999313354492,29.190000534057617,30.1299991607666,1022200
2014-01-08,30.1299991607666,30.34000015258789,29.920000076293945,29.979999542236328,865100
2014-01-09,30.0,30.690000534057617,30.0,30.530000686645508,775000
2014-01-10,30.68000030517578,30.75,30.479999542236328,30.610000610351562,402000
2014-01-13,30.510000228881836,30.559999465942383,29.649999618530273,29.84000015258789,767300
2014-01-14,29.90999984741211,30.389999389648438,29.799999237060547,30.309999465942383,397000
2014-01-15,30.280000686645508,30.84000015258789,30.209999084472656,30.68000030517578,401500
2014-01-16,29.149999618530273,29.969999313354492,29.010000228881836,29.889999389648438,869800
2014-01-17,29.950000762939453,30.40999984741211,29.760000228881836,30.360000610351562,602800
2014-01-21,30.459999084472656,30.75,30.329999923706055,30.549999237060547,493600
2014-01-22,30.690000534057617,31.049999237060547,30.600000381469727,30.959999084472656,433700
2014-01-23,30.790000915527344,30.899999618530273,30.559999465942383,30.719999313354492,533700
2014-01-24,30.5,30.5,29.43000030517578,29.520000457763672,587300
2014-01-27,29.510000228881836,29.81999969482422,28.860000610351562,28.979999542236328,477100
2014-01-28,29.0,29.329999923706055,29.0,29.149999618530273,386100
2014-01-29,28.84000015258789,29.260000228881836,28.709999084472656,28.760000228881836,432800
2014-01-30,29.0,29.219999313354492,28.729999542236328,29.139999389648438,323700
2014-01-31,28.65999984741211,29.15999984741211,28.530000686645508,28.670000076293945,640500
2014-02-03,28.549999237060547,28.969999313354492,27.549999237060547,27.690000534057617,1190900
2014-02-04,28.389999389648438,30.0,28.010000228881836,28.6299991607666,1636700
2014-02-05,28.829999923706055,28.959999084472656,28.049999237060547,28.100000381469727,630300
2014-02-06,28.149999618530273,28.670000076293945,28.110000610351562,28.459999084472656,424200
2014-02-07,28.600000381469727,28.8799991607666,28.420000076293945,28.790000915527344,478200
2014-02-10,28.65999984741211,28.950000762939453,28.0,28.690000534057617,776500
2014-02-11,28.760000228881836,29.420000076293945,28.670000076293945,29.209999084472656,574400
2014-02-12,29.239999771118164,30.1299991607666,29.239999771118164,30.0,743700
2014-02-13,29.8700008392334,29.950000762939453,29.350000381469727,29.719999313354492,566800
2014-02-14,29.670000076293945,30.0,29.6200008392334,30.0,421300
2014-02-18,30.0,30.719999313354492,29.899999618530273,30.639999389648438,1004300
2014-02-19,30.5,30.90999984741211,30.030000686645508,30.06999969482422,682800
2014-02-20,30.06999969482422,30.520000457763672,30.059999465942383,30.459999084472656,457700
2014-02-21,30.5,30.700000762939453,30.1299991607666,30.149999618530273,417800
2014-02-24,30.260000228881836,30.809999465942383,30.239999771118164,30.559999465942383,849600
2014-02-25,30.520000457763672,30.530000686645508,30.079999923706055,30.3799991607666,497800
2014-02-26,30.459999084472656,30.90999984741211,30.18000030517578,30.649999618530273,563600
2014-02-27,30.520000457763672,31.729999542236328,30.40999984741211,31.65999984741211,1358500
2014-02-28,31.6299991607666,32.0,31.479999542236328,31.940000534057617,1278200
2014-03-03,31.5,31.5,30.6200008392334,30.940000534057617,1330200
2014-03-04,31.299999237060547,31.579999923706055,31.1200008392334,31.530000686645508,810300
2014-03-05,31.600000381469727,31.719999313354492,31.309999465942383,31.6200008392334,344900
2014-03-06,31.729999542236328,31.950000762939453,31.56999969482422,31.729999542236328,427200
2014-03-07,31.81999969482422,32.41999816894531,31.790000915527344,32.27000045776367,1408600
2014-03-10,32.2599983215332,32.27000045776367,31.75,31.989999771118164,559900
2014-03-11,32.09000015258789,32.29999923706055,31.540000915527344,31.65999984741211,381800
2014-03-12,31.420000076293945,31.690000534057617,31.190000534057617,31.579999923706055,502200
2014-03-13,31.649999618530273,31.940000534057617,31.040000915527344,31.25,672000
2014-03-14,31.1200008392334,31.440000534057617,31.079999923706055,31.170000076293945,276400
2014-03-17,31.280000686645508,31.850000381469727,31.280000686645508,31.43000030517578,306700
2014-03-18,31.469999313354492,32.29999923706055,31.360000610351562,32.290000915527344,699200
2014-03-19,32.31999969482422,32.45000076293945,31.760000228881836,31.950000762939453,464000
2014-03-20,31.850000381469727,32.25,31.81999969482422,32.06999969482422,385600
2014-03-21,32.25,32.5,32.11000061035156,32.47999954223633,900900
2014-03-24,32.560001373291016,32.61000061035156,31.540000915527344,31.8799991607666,638000
2014-03-25,32.06999969482422,32.20000076293945,31.760000228881836,32.0099983215332,565500
2014-03-26,32.20000076293945,32.349998474121094,31.40999984741211,31.440000534057617,537500
2014-03-27,31.510000228881836,31.729999542236328,31.25,31.40999984741211,548900
2014-03-28,31.5,31.899999618530273,31.440000534057617,31.65999984741211,372000
2014-03-31,31.93000030517578,32.2400016784668,31.739999771118164,32.16999816894531,542700
2014-04-01,32.18000030517578,32.33000183105469,31.8799991607666,32.310001373291016,463900
2014-04-02,32.36000061035156,32.959999084472656,32.08000183105469,32.939998626708984,586700
2014-04-03,32.959999084472656,32.959999084472656,32.540000915527344,32.84000015258789,469800
2014-04-04,32.900001525878906,33.220001220703125,31.989999771118164,32.150001525878906,793000
2014-04-07,31.979999542236328,32.150001525878906,31.020000457763672,31.219999313354492,609200
2014-04-08,31.229999542236328,32.38999938964844,31.1200008392334,32.31999969482422,959100
2014-04-09,32.5,33.11000061035156,32.25,33.099998474121094,567600
2014-04-10,33.0,33.15999984741211,32.630001068115234,32.84000015258789,908800
2014-04-11,32.09000015258789,32.810001373291016,31.979999542236328,32.09000015258789,746600
2014-04-14,32.34000015258789,32.439998626708984,32.02000045776367,32.31999969482422,550600
2014-04-15,32.310001373291016,32.7400016784668,32.0,32.459999084472656,412300
2014-04-16,32.849998474121094,32.849998474121094,32.470001220703125,32.56999969482422,379800
2014-04-17,32.529998779296875,32.83000183105469,32.36000061035156,32.5,572900
2014-04-21,32.470001220703125,32.86000061035156,32.33000183105469,32.630001068115234,323300
2014-04-22,32.70000076293945,33.29999923706055,32.599998474121094,33.20000076293945,395800
2014-04-23,33.15999984741211,33.369998931884766,33.0,33.2400016784668,392600
2014-04-24,33.31999969482422,33.400001525878906,32.880001068115234,33.2400016784668,434600
2014-04-25,33.150001525878906,33.150001525878906,32.72999954223633,32.75,474100
2014-04-28,32.900001525878906,33.189998626708984,32.20000076293945,32.66999816894531,501000
2014-04-29,32.7400016784668,32.97999954223633,32.5,32.650001525878906,682400
2014-04-30,32.58000183105469,32.59000015258789,31.950000762939453,32.41999816894531,767400
2014-05-01,32.439998626708984,32.970001220703125,31.989999771118164,32.369998931884766,975800
2014-05-02,32.47999954223633,33.290000915527344,32.18000030517578,32.720001220703125,438400
2014-05-05,32.380001068115234,32.68000030517578,31.700000762939453,32.27000045776367,785200
2014-05-06,31.93000030517578,32.72999954223633,31.549999237060547,32.08000183105469,624700
2014-05-07,32.119998931884766,32.22999954223633,31.299999237060547,31.559999465942383,861000
2014-05-08,31.549999237060547,32.0,31.43000030517578,31.850000381469727,775900
2014-05-09,31.809999465942383,32.2599983215332,31.709999084472656,32.06999969482422,502700
2014-05-12,32.25,33.02000045776367,32.18000030517578,32.599998474121094,819100
2014-05-13,32.599998474121094,32.709999084472656,31.989999771118164,32.02000045776367,713100
2014-05-14,32.0,32.0,31.299999237060547,31.360000610351562,345200
2014-05-15,31.1299991607666,31.149999618530273,29.93000030517578,30.459999084472656,1294900
2014-05-16,30.520000457763672,30.639999389648438,30.309999465942383,30.639999389648438,603500
2014-05-19,30.540000915527344,31.270000457763672,30.43000030517578,31.15999984741211,486100
2014-05-20,31.170000076293945,31.290000915527344,30.799999237060547,31.170000076293945,943300
2014-05-21,31.350000381469727,31.469999313354492,31.059999465942383,31.350000381469727,573300
2014-05-22,31.25,31.68000030517578,31.09000015258789,31.360000610351562,752000
2014-05-23,31.389999389648438,31.59000015258789,31.299999237060547,31.479999542236328,362000
2014-05-27,31.639999389648438,32.34000015258789,31.639999389648438,32.04999923706055,665900
2014-05-28,32.029998779296875,32.63999938964844,32.0,32.2400016784668,1007600
2014-05-29,32.40999984741211,32.5099983215332,32.04999923706055,32.11000061035156,930300
2014-05-30,32.099998474121094,32.2599983215332,32.0099983215332,32.13999938964844,595700
2014-06-02,32.09000015258789,32.16999816894531,31.920000076293945,32.04999923706055,722700
2014-06-03,31.850000381469727,32.20000076293945,31.610000610351562,32.02000045776367,684400
2014-06-04,31.979999542236328,32.27000045776367,31.940000534057617,32.15999984741211,658700
2014-06-05,32.369998931884766,32.79999923706055,32.08000183105469,32.5,627700
2014-06-06,32.68000030517578,33.20000076293945,32.540000915527344,33.099998474121094,530400
2014-06-09,33.18000030517578,33.7400016784668,32.970001220703125,33.56999969482422,747600
2014-06-10,33.5099983215332,33.599998474121094,33.33000183105469,33.439998626708984,624700
2014-06-11,33.18000030517578,33.34000015258789,32.970001220703125,33.04999923706055,693600
2014-06-12,33.0099983215332,33.08000183105469,32.43000030517578,32.5099983215332,975800
2014-06-13,32.52000045776367,32.880001068115234,32.41999816894531,32.720001220703125,344500
2014-06-16,32.54999923706055,32.66999816894531,32.099998474121094,32.150001525878906,535200
2014-06-17,32.099998474121094,32.869998931884766,32.04999923706055,32.40999984741211,633400
2014-06-18,32.5,32.560001373291016,32.06999969482422,32.43000030517578,243900
2014-06-19,32.47999954223633,32.68000030517578,32.25,32.66999816894531,364300
2014-06-20,32.72999954223633,32.83000183105469,32.470001220703125,32.52000045776367,460500
2014-06-23,32.5,32.7400016784668,32.2599983215332,32.47999954223633,365700
2014-06-24,32.459999084472656,32.79999923706055,32.060001373291016,32.06999969482422,309300
2014-06-25,31.920000076293945,32.27000045776367,31.899999618530273,32.15999984741211,199200
2014-06-26,32.16999816894531,32.20000076293945,31.75,31.950000762939453,267500
2014-06-27,31.8799991607666,32.16999816894531,31.360000610351562,31.559999465942383,2179700
2014-06-30,31.559999465942383,32.209999084472656,31.559999465942383,32.20000076293945,688400
2014-07-01,32.20000076293945,32.849998474121094,32.189998626708984,32.70000076293945,998200
2014-07-02,32.709999084472656,32.9900016784668,32.599998474121094,32.70000076293945,541000
2014-07-03,32.849998474121094,33.380001068115234,32.849998474121094,33.220001220703125,292700
2014-07-07,33.04999923706055,33.08000183105469,32.27000045776367,32.290000915527344,552800
2014-07-08,32.20000076293945,32.33000183105469,31.809999465942383,31.8799991607666,572200
2014-07-09,32.040000915527344,32.189998626708984,31.799999237060547,31.8799991607666,315800
2014-07-10,31.469999313354492,31.760000228881836,31.190000534057617,31.65999984741211,668200
2014-07-11,31.6299991607666,31.90999984741211,31.299999237060547,31.760000228881836,641200
2014-07-14,32.2599983215332,35.029998779296875,31.8700008392334,34.97999954223633,14602800
2014-07-15,35.029998779296875,37.0,34.88999938964844,35.15999984741211,6656500
2014-07-16,35.31999969482422,35.75,34.939998626708984,35.0,2584800
2014-07-17,35.029998779296875,35.310001373291016,34.720001220703125,35.0,1947500
2014-07-18,34.97999954223633,35.709999084472656,34.66999816894531,35.41999816894531,1210600
2014-07-21,35.38999938964844,35.54999923706055,35.09000015258789,35.36000061035156,1006800
2014-07-22,35.400001525878906,35.709999084472656,35.2400016784668,35.369998931884766,1312200
2014-07-23,35.290000915527344,35.310001373291016,34.68000030517578,35.09000015258789,1704900
2014-07-24,35.11000061035156,35.13999938964844,34.68000030517578,34.810001373291016,2566500
2014-07-25,34.79999923706055,35.58000183105469,34.47999954223633,35.04999923706055,1457600
2014-07-28,35.040000915527344,35.13999938964844,34.47999954223633,34.849998474121094,1738300
2014-07-29,35.099998474121094,35.13999938964844,34.65999984741211,34.720001220703125,2360300
2014-07-30,34.90999984741211,34.90999984741211,34.47999954223633,34.529998779296875,1353900
2014-07-31,34.15999984741211,34.36000061035156,33.81999969482422,33.95000076293945,2771300
2014-08-01,33.84000015258789,34.279998779296875,33.77000045776367,34.09000015258789,3643200
2014-08-04,34.130001068115234,34.540000915527344,33.959999084472656,34.43000030517578,2590800
2014-08-05,34.08000183105469,35.470001220703125,34.0099983215332,34.380001068115234,3264500
2014-08-06,33.25,34.66999816894531,33.25,34.45000076293945,1218800
2014-08-07,34.599998474121094,34.72999954223633,34.02000045776367,34.09000015258789,1834400
2014-08-08,34.029998779296875,34.540000915527344,34.0,34.52000045776367,975000
2014-08-11,34.619998931884766,35.150001525878906,34.619998931884766,34.900001525878906,776900
2014-08-12,35.2400016784668,35.86000061035156,34.93000030517578,35.08000183105469,2113400
2014-08-13,35.41999816894531,36.27000045776367,35.20000076293945,36.2599983215332,2432100
2014-08-14,36.04999923706055,36.33000183105469,35.70000076293945,36.130001068115234,1216100
2014-08-15,36.36000061035156,36.650001525878906,36.09000015258789,36.45000076293945,1944300
2014-08-18,36.58000183105469,37.08000183105469,36.47999954223633,37.04999923706055,1025800
2014-08-19,37.099998474121094,37.59000015258789,37.060001373291016,37.29999923706055,1116500
2014-08-20,37.25,37.63999938964844,36.90999984741211,37.0099983215332,2126600
2014-08-21,37.029998779296875,37.13999938964844,36.540000915527344,36.91999816894531,1370300
2014-08-22,36.91999816894531,37.599998474121094,36.900001525878906,37.220001220703125,1471100
2014-08-25,37.369998931884766,37.709999084472656,37.31999969482422,37.66999816894531,663300
2014-08-26,37.709999084472656,38.2400016784668,37.560001373291016,38.130001068115234,1483200
2014-08-27,38.02000045776367,38.119998931884766,37.47999954223633,37.689998626708984,942200
2014-08-28,37.630001068115234,37.88999938964844,37.45000076293945,37.84000015258789,861900
2014-08-29,37.81999969482422,37.869998931884766,37.459999084472656,37.84000015258789,635700
2014-09-02,37.81999969482422,38.0,37.2400016784668,37.56999969482422,1726400
2014-09-03,37.720001220703125,37.79999923706055,37.150001525878906,37.220001220703125,922100
2014-09-04,37.40999984741211,37.83000183105469,36.810001373291016,37.0,1748000
2014-09-05,36.959999084472656,37.439998626708984,36.790000915527344,37.369998931884766,970500
2014-09-08,37.22999954223633,37.58000183105469,37.0,37.5099983215332,1113200
2014-09-09,37.58000183105469,37.61000061035156,37.15999984741211,37.29999923706055,1215300
2014-09-10,37.25,37.59000015258789,37.119998931884766,37.380001068115234,1035300
2014-09-11,37.13999938964844,37.849998474121094,37.040000915527344,37.58000183105469,853100
2014-09-12,37.5099983215332,37.61000061035156,37.0099983215332,37.16999816894531,744600
2014-09-15,37.18000030517578,37.20000076293945,36.849998474121094,36.970001220703125,530900
2014-09-16,36.75,37.540000915527344,36.75,37.13999938964844,1197700
2014-09-17,37.2599983215332,37.52000045776367,37.0099983215332,37.20000076293945,726900
2014-09-18,37.29999923706055,37.630001068115234,36.97999954223633,37.529998779296875,817000
2014-09-19,37.61000061035156,37.63999938964844,36.810001373291016,36.9900016784668,922600
2014-09-22,36.900001525878906,36.939998626708984,35.90999984741211,35.9900016784668,778600
2014-09-23,35.900001525878906,36.06999969482422,35.459999084472656,35.459999084472656,823600
2014-09-24,35.41999816894531,35.47999954223633,35.0099983215332,35.36000061035156,752000
2014-09-25,35.29999923706055,35.369998931884766,34.16999816894531,34.43000030517578,1000300
2014-09-26,34.459999084472656,34.790000915527344,34.16999816894531,34.54999923706055,868200
2014-09-29,34.15999984741211,34.709999084472656,34.040000915527344,34.38999938964844,735000
2014-09-30,34.380001068115234,34.52000045776367,33.72999954223633,33.75,1005200
2014-10-01,33.790000915527344,33.84000015258789,32.650001525878906,32.81999969482422,1302400
2014-10-02,32.779998779296875,32.939998626708984,32.08000183105469,32.77000045776367,1376800
2014-10-03,33.099998474121094,33.22999954223633,32.75,32.900001525878906,1238100
2014-10-06,33.0,33.09000015258789,32.290000915527344,32.310001373291016,773400
2014-10-07,32.099998474121094,32.310001373291016,31.760000228881836,31.770000457763672,1143700
2014-10-08,31.780000686645508,32.0,31.270000457763672,31.979999542236328,1377700
2014-10-09,31.989999771118164,32.02000045776367,31.1200008392334,31.1200008392334,1506700
2014-10-10,30.969999313354492,31.0,29.25,29.270000457763672,2185500
2014-10-13,29.309999465942383,29.68000030517578,27.950000762939453,28.280000686645508,3091300
2014-10-14,28.5,29.059999465942383,27.84000015258789,28.1200008392334,2765900
2014-10-15,27.75,28.579999923706055,27.229999542236328,28.34000015258789,3389900
2014-10-16,28.299999237060547,29.56999969482422,28.280000686645508,28.979999542236328,5323800
2014-10-17,29.25,30.559999465942383,29.239999771118164,30.040000915527344,4840800
2014-10-20,29.770000457763672,30.399999618530273,29.3799991607666,30.399999618530273,3203400
2014-10-21,30.700000762939453,31.549999237060547,30.5,31.549999237060547,1721000
2014-10-22,31.649999618530273,31.68000030517578,31.100000381469727,31.170000076293945,2685900
2014-10-23,31.670000076293945,32.529998779296875,31.469999313354492,31.969999313354492,2126600
2014-10-24,31.93000030517578,32.72999954223633,31.81999969482422,32.599998474121094,1818300
2014-10-27,32.34000015258789,32.41999816894531,32.02000045776367,32.34000015258789,1784200
2014-10-28,32.369998931884766,32.58000183105469,31.450000762939453,31.540000915527344,2846900
2014-10-29,31.649999618530273,31.889999389648438,30.940000534057617,31.510000228881836,3998000
2014-10-30,31.459999084472656,32.220001220703125,31.299999237060547,32.130001068115234,2655600
2014-10-31,32.56999969482422,32.779998779296875,32.150001525878906,32.54999923706055,1999600
2014-11-03,32.68000030517578,33.34000015258789,32.34000015258789,32.88999938964844,2195200
2014-11-04,32.70000076293945,32.97999954223633,32.2400016784668,32.31999969482422,2276900
2014-11-05,32.630001068115234,32.75,32.209999084472656,32.56999969482422,1121300
2014-11-06,32.599998474121094,32.939998626708984,32.47999954223633,32.779998779296875,1143000
2014-11-07,32.7599983215332,33.09000015258789,32.72999954223633,33.0,1162600
2014-11-10,32.97999954223633,33.4900016784668,32.599998474121094,32.779998779296875,1287400
2014-11-11,32.400001525878906,32.5099983215332,30.1299991607666,30.489999771118164,4762600
2014-11-12,30.600000381469727,32.41999816894531,30.280000686645508,32.220001220703125,3255000
2014-11-13,32.27000045776367,32.70000076293945,31.81999969482422,32.130001068115234,1487400
2014-11-14,32.119998931884766,32.560001373291016,31.5,32.310001373291016,1265100
2014-11-17,32.220001220703125,32.349998474121094,31.760000228881836,32.0,1387500
2014-11-18,32.040000915527344,32.93000030517578,32.02000045776367,32.400001525878906,2019500
2014-11-19,32.380001068115234,32.54999923706055,31.950000762939453,32.40999984741211,1160800
2014-11-20,32.16999816894531,33.439998626708984,32.16999816894531,33.400001525878906,1287800
2014-11-21,33.869998931884766,34.119998931884766,33.310001373291016,33.72999954223633,1200100
2014-11-24,33.720001220703125,33.84000015258789,33.380001068115234,33.70000076293945,1224400
2014-11-25,33.869998931884766,34.2400016784668,33.529998779296875,33.90999984741211,1927800
2014-11-26,33.88999938964844,33.93000030517578,33.41999816894531,33.59000015258789,1768800
2014-11-28,33.34000015258789,33.34000015258789,31.780000686645508,32.0099983215332,1213500
2014-12-01,31.829999923706055,31.899999618530273,28.760000228881836,29.65999984741211,4903800
2014-12-02,29.530000686645508,30.549999237060547,29.479999542236328,30.549999237060547,1970700
2014-12-03,30.780000686645508,31.309999465942383,30.510000228881836,30.959999084472656,1492200
2014-12-04,30.829999923706055,31.229999542236328,30.440000534057617,30.5,1346200
2014-12-05,30.450000762939453,31.030000686645508,30.219999313354492,30.81999969482422,941100
2014-12-08,30.760000228881836,31.15999984741211,30.040000915527344,30.170000076293945,1661500
2014-12-09,29.700000762939453,30.399999618530273,29.530000686645508,30.3700008392334,1180200
2014-12-10,30.030000686645508,30.059999465942383,29.239999771118164,29.31999969482422,1410700
2014-12-11,29.479999542236328,30.219999313354492,29.309999465942383,29.520000457763672,1469100
2014-12-12,29.200000762939453,29.649999618530273,28.889999389648438,29.399999618530273,2385300
2014-12-15,29.65999984741211,30.260000228881836,29.190000534057617,29.219999313354492,1541800
2014-12-16,28.959999084472656,29.709999084472656,28.479999542236328,28.520000457763672,2039600
2014-12-17,28.600000381469727,29.110000610351562,28.170000076293945,29.040000915527344,2071700
2014-12-18,29.6200008392334,29.739999771118164,28.700000762939453,29.690000534057617,1689900
2014-12-19,29.6299991607666,29.739999771118164,29.209999084472656,29.229999542236328,2448400
2014-12-22,29.229999542236328,29.889999389648438,28.809999465942383,29.889999389648438,1076500
2014-12-23,30.0,30.510000228881836,29.959999084472656,30.399999618530273,881800
2014-12-24,30.420000076293945,30.639999389648438,30.1299991607666,30.459999084472656,407000
2014-12-26,30.56999969482422,30.75,30.25,30.290000915527344,560800
2014-12-29,30.25,31.100000381469727,30.25,30.889999389648438,669500
2014-12-30,30.700000762939453,31.010000228881836,30.6299991607666,30.770000457763672,532800
2014-12-31,30.809999465942383,30.90999984741211,30.270000457763672,30.3700008392334,545000
2015-01-02,30.3700008392334,30.969999313354492,30.100000381469727,30.350000381469727,566500
2015-01-05,30.0,30.0,28.790000915527344,29.020000457763672,1011000
2015-01-06,29.209999084472656,29.600000381469727,28.610000610351562,28.729999542236328,1163400
2015-01-07,29.09000015258789,29.559999465942383,28.739999771118164,29.31999969482422,961100
2015-01-08,29.479999542236328,30.280000686645508,29.350000381469727,30.229999542236328,1659700
2015-01-09,30.729999542236328,30.899999618530273,28.56999969482422,28.700000762939453,2391200
2015-01-12,28.700000762939453,28.719999313354492,27.510000228881836,27.8799991607666,4475000
2015-01-13,28.020000457763672,28.440000534057617,26.770000457763672,27.010000228881836,1975000
2015-01-14,26.43000030517578,26.489999771118164,25.469999313354492,26.0,3416100
2015-01-15,26.1200008392334,26.3799991607666,24.860000610351562,24.920000076293945,2493700
2015-01-16,24.81999969482422,26.059999465942383,24.81999969482422,25.799999237060547,2254700
2015-01-20,25.75,25.84000015258789,25.31999969482422,25.799999237060547,1443900
2015-01-21,25.770000457763672,26.34000015258789,25.760000228881836,26.079999923706055,2029200
2015-01-22,26.149999618530273,26.399999618530273,25.549999237060547,26.239999771118164,2225900
2015-01-23,26.149999618530273,26.920000076293945,25.920000076293945,25.959999084472656,1825500
2015-01-26,26.010000228881836,26.690000534057617,25.709999084472656,26.65999984741211,1159500
2015-01-27,26.110000610351562,26.65999984741211,25.940000534057617,26.649999618530273,1103500
2015-01-28,26.799999237060547,26.84000015258789,26.190000534057617,26.229999542236328,1552700
2015-01-29,26.329999923706055,26.360000610351562,25.610000610351562,25.950000762939453,1905500
2015-01-30,25.739999771118164,25.860000610351562,25.200000762939453,25.420000076293945,1946400
2015-02-02,25.649999618530273,26.450000762939453,25.479999542236328,26.399999618530273,1940100
2015-02-03,26.690000534057617,27.68000030517578,26.6200008392334,27.6200008392334,1824800
2015-02-04,27.399999618530273,27.530000686645508,26.940000534057617,27.100000381469727,1053800
2015-02-05,27.260000228881836,27.670000076293945,27.170000076293945,27.489999771118164,679200
2015-02-06,27.649999618530273,27.850000381469727,27.489999771118164,27.600000381469727,1138400
2015-02-09,27.469999313354492,27.889999389648438,27.3799991607666,27.56999969482422,1518900
2015-02-10,27.0,28.15999984741211,26.65999984741211,27.149999618530273,2575100
2015-02-11,26.989999771118164,27.15999984741211,26.520000457763672,26.989999771118164,1187700
2015-02-12,27.079999923706055,27.149999618530273,26.510000228881836,26.969999313354492,1526900
2015-02-13,27.200000762939453,27.809999465942383,27.079999923706055,27.790000915527344,2125900
2015-02-17,27.739999771118164,27.950000762939453,27.25,27.93000030517578,2889500
2015-02-18,27.809999465942383,28.540000915527344,27.700000762939453,28.18000030517578,2892900
2015-02-19,27.940000534057617,28.450000762939453,27.719999313354492,28.3700008392334,2347300
2015-02-20,28.34000015258789,29.18000030517578,28.299999237060547,29.149999618530273,2041500
2015-02-23,29.010000228881836,29.1299991607666,28.719999313354492,29.0,1706200
2015-02-24,29.040000915527344,29.579999923706055,28.940000534057617,29.420000076293945,1875900
2015-02-25,29.540000915527344,30.010000228881836,29.440000534057617,30.0,2185900
2015-02-26,29.93000030517578,30.0,29.690000534057617,29.899999618530273,1364400
2015-02-27,29.889999389648438,30.229999542236328,29.770000457763672,30.059999465942383,2506100
2015-03-02,29.969999313354492,30.260000228881836,29.81999969482422,30.229999542236328,2289600
2015-03-03,30.09000015258789,30.450000762939453,30.059999465942383,30.139999389648438,2028500
2015-03-04,30.0,30.1200008392334,29.780000686645508,30.049999237060547,1756800
2015-03-05,30.010000228881836,30.030000686645508,29.329999923706055,29.399999618530273,1442300
2015-03-06,29.229999542236328,29.850000381469727,29.139999389648438,29.3700008392334,2089100
2015-03-09,29.399999618530273,29.420000076293945,28.90999984741211,29.020000457763672,1146500
2015-03-10,28.780000686645508,29.450000762939453,28.610000610351562,29.350000381469727,1911700
2015-03-11,29.3799991607666,29.440000534057617,28.950000762939453,29.360000610351562,2056200
2015-03-12,29.43000030517578,29.8799991607666,29.290000915527344,29.579999923706055,1041300
2015-03-13,29.40999984741211,29.540000915527344,28.84000015258789,29.09000015258789,1602000
2015-03-16,29.1299991607666,29.34000015258789,28.760000228881836,29.329999923706055,1405500
2015-03-17,29.139999389648438,29.729999542236328,29.010000228881836,29.65999984741211,1275500
2015-03-18,29.510000228881836,30.549999237060547,29.40999984741211,30.389999389648438,1575100
2015-03-19,30.149999618530273,30.329999923706055,29.489999771118164,30.209999084472656,1537200
2015-03-20,30.489999771118164,31.139999389648438,30.40999984741211,31.09000015258789,2502500
2015-03-23,31.030000686645508,31.31999969482422,30.959999084472656,31.200000762939453,1210800
2015-03-24,31.190000534057617,31.190000534057617,30.860000610351562,31.06999969482422,1372800
2015-03-25,31.229999542236328,31.229999542236328,30.84000015258789,30.940000534057617,981700
2015-03-26,30.84000015258789,31.06999969482422,30.700000762939453,30.790000915527344,760200
2015-03-27,30.790000915527344,30.84000015258789,30.43000030517578,30.6200008392334,924300
2015-03-30,30.760000228881836,31.059999465942383,30.450000762939453,30.959999084472656,1336900
2015-03-31,30.84000015258789,30.950000762939453,30.510000228881836,30.81999969482422,2084200
2015-04-01,30.790000915527344,31.040000915527344,30.65999984741211,30.899999618530273,1199800
2015-04-02,30.860000610351562,31.450000762939453,30.670000076293945,31.079999923706055,776600
2015-04-06,30.979999542236328,31.719999313354492,30.93000030517578,31.530000686645508,1627700
2015-04-07,31.510000228881836,31.75,31.3799991607666,31.579999923706055,1043500
2015-04-08,31.59000015258789,31.81999969482422,31.3700008392334,31.649999618530273,1155600
2015-04-09,31.639999389648438,32.34000015258789,31.639999389648438,32.290000915527344,1085600
2015-04-10,32.40999984741211,32.689998626708984,32.22999954223633,32.630001068115234,1038300
2015-04-13,32.630001068115234,33.27000045776367,32.5,32.869998931884766,1489900
2015-04-14,32.849998474121094,33.16999816894531,32.709999084472656,33.150001525878906,807300
2015-04-15,33.27000045776367,33.93000030517578,33.099998474121094,33.68000030517578,1590900
2015-04-16,33.4900016784668,33.58000183105469,33.22999954223633,33.38999938964844,1337000
2015-04-17,33.18000030517578,33.36000061035156,32.720001220703125,32.790000915527344,1301200
2015-04-20,32.86000061035156,33.11000061035156,32.560001373291016,32.630001068115234,856900
2015-04-21,32.709999084472656,32.84000015258789,32.45000076293945,32.58000183105469,782800
2015-04-22,32.59000015258789,33.02000045776367,32.27000045776367,32.939998626708984,788700
2015-04-23,32.900001525878906,33.439998626708984,32.709999084472656,33.400001525878906,985900
2015-04-24,33.400001525878906,33.400001525878906,33.11000061035156,33.18000030517578,629500
2015-04-27,33.279998779296875,33.630001068115234,33.130001068115234,33.20000076293945,1284900
2015-04-28,33.11000061035156,33.31999969482422,32.58000183105469,32.970001220703125,1385900
2015-04-29,32.810001373291016,33.02000045776367,32.58000183105469,32.7599983215332,1136200
2015-04-30,32.61000061035156,32.77000045776367,31.420000076293945,31.559999465942383,2369000
2015-05-01,31.420000076293945,31.959999084472656,31.190000534057617,31.889999389648438,1297500
2015-05-04,31.90999984741211,32.29999923706055,31.770000457763672,31.920000076293945,1105100
2015-05-05,31.90999984741211,32.279998779296875,31.1299991607666,31.25,1102800
2015-05-06,31.459999084472656,31.5,30.940000534057617,31.139999389648438,960300
2015-05-07,31.1200008392334,31.760000228881836,31.1200008392334,31.600000381469727,1299700
2015-05-08,32.0,32.18000030517578,31.469999313354492,31.610000610351562,1199000
2015-05-11,31.540000915527344,31.850000381469727,31.43000030517578,31.75,1419100
2015-05-12,31.239999771118164,32.16999816894531,30.299999237060547,30.969999313354492,3914700
2015-05-13,31.25,33.540000915527344,31.100000381469727,33.16999816894531,3496900
2015-05-14,33.40999984741211,34.0,33.22999954223633,33.86000061035156,2258000
2015-05-15,33.7599983215332,33.869998931884766,33.189998626708984,33.58000183105469,1475600
2015-05-18,33.5099983215332,34.0,33.29999923706055,33.959999084472656,1436900
2015-05-19,33.959999084472656,34.0,33.16999816894531,33.54999923706055,1212900
2015-05-20,33.54999923706055,33.97999954223633,33.349998474121094,33.779998779296875,1681100
2015-05-21,33.86000061035156,34.150001525878906,33.279998779296875,33.29999923706055,1936600
2015-05-22,33.150001525878906,33.369998931884766,32.86000061035156,32.95000076293945,1129900
2015-05-26,32.75,32.779998779296875,32.099998474121094,32.34000015258789,1154000
2015-05-27,32.709999084472656,32.849998474121094,32.290000915527344,32.5,2500800
2015-05-28,32.349998474121094,32.689998626708984,32.0099983215332,32.68000030517578,1082500
2015-05-29,32.630001068115234,33.13999938964844,32.290000915527344,33.029998779296875,1548000
2015-06-01,33.0099983215332,33.65999984741211,32.90999984741211,33.540000915527344,1397100
2015-06-02,33.349998474121094,33.79999923706055,33.25,33.599998474121094,914300
2015-06-03,33.439998626708984,34.02000045776367,33.2599983215332,33.900001525878906,1124700
2015-06-04,33.540000915527344,33.84000015258789,33.439998626708984,33.54999923706055,1244200
2015-06-05,33.560001373291016,34.369998931884766,33.4900016784668,34.290000915527344,1169500
2015-06-08,34.20000076293945,34.290000915527344,33.439998626708984,33.45000076293945,886700
2015-06-09,33.560001373291016,33.790000915527344,33.369998931884766,33.619998931884766,865900
2015-06-10,33.95000076293945,34.189998626708984,33.619998931884766,33.939998626708984,936500
2015-06-11,33.900001525878906,33.900001525878906,33.36000061035156,33.66999816894531,958100
2015-06-12,33.52000045776367,33.810001373291016,33.34000015258789,33.689998626708984,618800
2015-06-15,33.38999938964844,33.439998626708984,32.470001220703125,33.119998931884766,1628900
2015-06-16,33.06999969482422,33.470001220703125,32.63999938964844,33.38999938964844,890200
2015-06-17,33.54999923706055,33.95000076293945,33.189998626708984,33.560001373291016,1116600
2015-06-18,33.599998474121094,34.209999084472656,33.54999923706055,34.130001068115234,1081600
2015-06-19,34.11000061035156,34.869998931884766,34.0,34.5099983215332,2408900
2015-06-22,34.900001525878906,35.2400016784668,34.779998779296875,35.150001525878906,1209000
2015-06-23,35.119998931884766,35.400001525878906,35.0,35.36000061035156,807700
2015-06-24,35.25,35.25,34.349998474121094,34.65999984741211,759700
2015-06-25,34.689998626708984,34.75,34.279998779296875,34.369998931884766,743100
2015-06-26,34.380001068115234,34.63999938964844,34.20000076293945,34.22999954223633,1395600
2015-06-29,33.880001068115234,34.09000015258789,32.83000183105469,32.970001220703125,1276500
2015-06-30,33.2599983215332,33.43000030517578,32.68000030517578,33.08000183105469,1634500
2015-07-01,33.209999084472656,33.25,32.720001220703125,33.099998474121094,1283000
2015-07-02,33.2599983215332,33.5,32.68000030517578,32.7400016784668,883000
2015-07-06,32.29999923706055,32.90999984741211,32.06999969482422,32.310001373291016,1146900
2015-07-07,32.38999938964844,32.689998626708984,31.540000915527344,32.54999923706055,1524200
2015-07-08,32.20000076293945,32.439998626708984,31.149999618530273,31.209999084472656,1755800
2015-07-09,31.700000762939453,31.780000686645508,30.760000228881836,30.979999542236328,2205800
2015-07-10,31.40999984741211,31.479999542236328,30.889999389648438,31.010000228881836,1832500
2015-07-13,31.280000686645508,32.13999938964844,31.280000686645508,31.950000762939453,1416300
2015-07-14,31.90999984741211,32.380001068115234,31.809999465942383,32.31999969482422,845600
2015-07-15,32.18000030517578,32.220001220703125,31.68000030517578,31.739999771118164,1247500
2015-07-16,32.11000061035156,32.119998931884766,31.540000915527344,31.700000762939453,974100
2015-07-17,31.670000076293945,31.719999313354492,30.959999084472656,31.190000534057617,764600
2015-07-20,31.200000762939453,31.40999984741211,30.8799991607666,31.200000762939453,1343400
2015-07-21,31.170000076293945,31.68000030517578,31.170000076293945,31.440000534057617,840700
2015-07-22,31.25,31.75,31.25,31.559999465942383,1137500
2015-07-23,31.700000762939453,31.770000457763672,31.010000228881836,31.049999237060547,898700
2015-07-24,31.110000610351562,31.1299991607666,30.1200008392334,30.190000534057617,2128500
2015-07-27,29.90999984741211,29.989999771118164,29.110000610351562,29.549999237060547,1187800
2015-07-28,29.729999542236328,30.260000228881836,29.639999389648438,30.139999389648438,1003700
2015-07-29,30.139999389648438,30.739999771118164,30.040000915527344,30.670000076293945,647600
2015-07-30,30.489999771118164,30.809999465942383,30.219999313354492,30.780000686645508,496300
2015-07-31,30.719999313354492,30.920000076293945,30.59000015258789,30.829999923706055,1259600
2015-08-03,30.649999618530273,30.860000610351562,30.43000030517578,30.600000381469727,732800
2015-08-04,30.68000030517578,30.920000076293945,30.43000030517578,30.690000534057617,1457500
2015-08-05,30.979999542236328,31.329999923706055,30.479999542236328,30.530000686645508,1147500
2015-08-06,30.520000457763672,30.780000686645508,30.139999389648438,30.440000534057617,1435000
2015-08-07,30.329999923706055,30.729999542236328,30.110000610351562,30.260000228881836,1900000
2015-08-10,30.5,31.329999923706055,30.489999771118164,31.170000076293945,1242800
2015-08-11,28.6200008392334,30.579999923706055,28.0,30.579999923706055,4355000
2015-08-12,29.959999084472656,29.989999771118164,27.139999389648438,29.459999084472656,6482100
2015-08-13,29.389999389648438,29.8700008392334,28.940000534057617,28.969999313354492,1798800
2015-08-14,28.8700008392334,29.889999389648438,28.799999237060547,29.0,2180900
2015-08-17,28.530000686645508,28.90999984741211,27.700000762939453,28.639999389648438,3327000
2015-08-18,28.389999389648438,29.600000381469727,28.389999389648438,29.190000534057617,1908300
2015-08-19,28.959999084472656,29.280000686645508,28.700000762939453,29.100000381469727,1222400
2015-08-20,28.690000534057617,28.8799991607666,28.059999465942383,28.059999465942383,1420500
2015-08-21,27.860000610351562,28.06999969482422,27.110000610351562,27.25,1771900
2015-08-24,24.040000915527344,27.219999313354492,24.040000915527344,25.809999465942383,2116400
2015-08-25,26.579999923706055,26.579999923706055,25.790000915527344,25.8799991607666,2471600
2015-08-26,26.780000686645508,26.780000686645508,25.670000076293945,26.149999618530273,1471100
2015-08-27,26.5,27.020000457763672,26.290000915527344,26.8700008392334,2130400
2015-08-28,26.829999923706055,27.540000915527344,26.75,27.1299991607666,1730700
2015-08-31,27.010000228881836,27.780000686645508,26.68000030517578,27.5,1547700
2015-09-01,26.649999618530273,27.219999313354492,26.3700008392334,26.520000457763672,1056800
2015-09-02,26.809999465942383,26.950000762939453,26.040000915527344,26.600000381469727,1241800
2015-09-03,26.780000686645508,27.15999984741211,26.520000457763672,26.739999771118164,1107500
2015-09-04,26.110000610351562,26.43000030517578,26.0,26.190000534057617,818300
2015-09-08,26.6299991607666,27.100000381469727,26.5,27.059999465942383,1286800
2015-09-09,27.299999237060547,27.440000534057617,27.06999969482422,27.110000610351562,1473700
2015-09-10,27.020000457763672,27.350000381469727,26.8799991607666,27.110000610351562,1520100
2015-09-11,27.020000457763672,27.3799991607666,26.75,27.290000915527344,939200
2015-09-14,27.149999618530273,27.25,26.8799991607666,27.059999465942383,1379800
2015-09-15,27.15999984741211,27.559999465942383,27.15999984741211,27.5,1717300
2015-09-16,27.59000015258789,27.81999969482422,27.489999771118164,27.719999313354492,1272100
2015-09-17,27.68000030517578,28.0,27.489999771118164,27.540000915527344,1081300
2015-09-18,27.139999389648438,27.540000915527344,27.049999237060547,27.239999771118164,2390200
2015-09-21,27.389999389648438,27.559999465942383,27.15999984741211,27.489999771118164,2057800
2015-09-22,26.8700008392334,27.059999465942383,26.31999969482422,26.540000915527344,2023500
2015-09-23,26.600000381469727,26.65999984741211,25.719999313354492,25.84000015258789,2067000
2015-09-24,25.59000015258789,26.219999313354492,25.25,26.190000534057617,2302700
2015-09-25,26.350000381469727,26.739999771118164,26.209999084472656,26.420000076293945,1358600
2015-09-28,26.149999618530273,26.3700008392334,25.639999389648438,26.219999313354492,1366800
2015-09-29,26.200000762939453,26.829999923706055,26.110000610351562,26.799999237060547,1718200
2015-09-30,27.1200008392334,27.540000915527344,27.020000457763672,27.510000228881836,1421900
2015-10-01,27.5,27.719999313354492,27.110000610351562,27.309999465942383,1826900
2015-10-02,26.81999969482422,27.920000076293945,26.440000534057617,27.90999984741211,1270900
2015-10-05,28.25,29.200000762939453,28.079999923706055,29.020000457763672,1837600
2015-10-06,28.920000076293945,29.6200008392334,28.90999984741211,29.389999389648438,934900
2015-10-07,29.559999465942383,30.06999969482422,29.209999084472656,29.670000076293945,1215400
2015-10-08,29.610000610351562,30.239999771118164,29.530000686645508,30.06999969482422,960500
2015-10-09,30.219999313354492,30.5,29.5,29.68000030517578,1438900
2015-10-12,29.719999313354492,29.729999542236328,29.1299991607666,29.549999237060547,881300
2015-10-13,29.25,30.020000457763672,29.209999084472656,29.309999465942383,680900
2015-10-14,29.260000228881836,29.40999984741211,28.920000076293945,29.209999084472656,703600
2015-10-15,29.219999313354492,29.6299991607666,28.8799991607666,29.56999969482422,489700
2015-10-16,29.440000534057617,29.440000534057617,28.09000015258789,28.360000610351562,1528800
2015-10-19,28.139999389648438,28.860000610351562,28.139999389648438,28.84000015258789,840900
2015-10-20,28.8700008392334,29.56999969482422,28.790000915527344,29.18000030517578,809200
2015-10-21,29.260000228881836,29.270000457763672,28.829999923706055,28.899999618530273,649900
2015-10-22,28.950000762939453,29.479999542236328,28.829999923706055,29.309999465942383,787200
2015-10-23,29.5,29.729999542236328,29.280000686645508,29.579999923706055,711000
2015-10-26,29.459999084472656,29.81999969482422,28.969999313354492,29.0,1078300
2015-10-27,28.690000534057617,29.1299991607666,28.350000381469727,28.479999542236328,791000
2015-10-28,28.790000915527344,29.690000534057617,28.399999618530273,29.690000534057617,1198200
2015-10-29,29.479999542236328,30.06999969482422,28.969999313354492,29.25,900200
2015-10-30,29.309999465942383,29.790000915527344,28.920000076293945,29.469999313354492,825800
2015-11-02,29.450000762939453,30.270000457763672,29.040000915527344,30.170000076293945,1093100
2015-11-03,30.719999313354492,30.719999313354492,29.8700008392334,30.1299991607666,1324900
2015-11-04,30.229999542236328,30.43000030517578,29.920000076293945,30.25,1482600
2015-11-05,30.15999984741211,30.75,29.8799991607666,30.690000534057617,1462900
2015-11-06,30.5,30.809999465942383,30.040000915527344,30.6200008392334,1116200
2015-11-09,30.600000381469727,30.65999984741211,29.969999313354492,30.31999969482422,2119100
2015-11-10,31.0,31.389999389648438,29.459999084472656,30.8799991607666,2650600
2015-11-11,31.0,31.450000762939453,30.5,31.399999618530273,1624000
2015-11-12,31.020000457763672,31.030000686645508,29.809999465942383,30.0,1895400
2015-11-13,30.0,30.540000915527344,29.8799991607666,29.959999084472656,1402800
2015-11-16,29.700000762939453,30.43000030517578,29.43000030517578,30.3799991607666,1096300
2015-11-17,30.489999771118164,30.690000534057617,29.93000030517578,30.360000610351562,1199300
2015-11-18,30.579999923706055,31.209999084472656,30.360000610351562,31.110000610351562,1535100
2015-11-19,31.030000686645508,31.31999969482422,30.90999984741211,31.219999313354492,975500
2015-11-20,31.389999389648438,31.530000686645508,30.959999084472656,30.989999771118164,649800
2015-11-23,30.84000015258789,31.139999389648438,30.709999084472656,30.959999084472656,1194300
2015-11-24,30.899999618530273,31.149999618530273,30.6299991607666,31.06999969482422,1709800
2015-11-25,31.0,31.260000228881836,30.93000030517578,31.200000762939453,728200
2015-11-27,31.100000381469727,31.75,31.100000381469727,31.709999084472656,388600
2015-11-30,31.790000915527344,31.959999084472656,31.43000030517578,31.829999923706055,1127300
2015-12-01,31.899999618530273,32.29999923706055,31.739999771118164,32.09000015258789,1895300
2015-12-02,32.349998474121094,33.119998931884766,32.0099983215332,32.060001373291016,1482300
2015-12-03,32.2599983215332,32.2599983215332,31.479999542236328,31.59000015258789,990300
2015-12-04,31.559999465942383,32.150001525878906,31.440000534057617,31.979999542236328,1716600
2015-12-07,31.719999313354492,31.920000076293945,31.049999237060547,31.1299991607666,608700
2015-12-08,30.670000076293945,30.8799991607666,30.139999389648438,30.399999618530273,1103300
2015-12-09,30.399999618530273,30.8799991607666,30.020000457763672,30.06999969482422,681100
2015-12-10,30.040000915527344,30.399999618530273,30.020000457763672,30.209999084472656,943800
2015-12-11,29.690000534057617,29.989999771118164,29.270000457763672,29.420000076293945,701500
2015-12-14,29.469999313354492,29.469999313354492,28.75,28.90999984741211,1034400
2015-12-15,29.329999923706055,29.959999084472656,29.25,29.920000076293945,1435700
2015-12-16,30.0,30.209999084472656,29.440000534057617,29.93000030517578,1064100
2015-12-17,29.709999084472656,29.739999771118164,29.170000076293945,29.239999771118164,1010600
2015-12-18,29.139999389648438,29.549999237060547,29.030000686645508,29.229999542236328,1778300
2015-12-21,29.290000915527344,29.299999237060547,28.950000762939453,29.260000228881836,954700
2015-12-22,29.260000228881836,29.75,29.25,29.610000610351562,514900
2015-12-23,29.899999618530273,30.65999984741211,29.899999618530273,30.6200008392334,631100
2015-12-24,30.459999084472656,30.739999771118164,30.309999465942383,30.40999984741211,309900
2015-12-28,30.209999084472656,30.600000381469727,30.079999923706055,30.540000915527344,484400
2015-12-29,30.670000076293945,30.940000534057617,30.459999084472656,30.889999389648438,451700
2015-12-30,30.639999389648438,30.920000076293945,30.059999465942383,30.399999618530273,391000
2015-12-31,30.219999313354492,30.459999084472656,29.969999313354492,30.030000686645508,464700
2016-01-04,29.600000381469727,29.899999618530273,29.219999313354492,29.860000610351562,934400
2016-01-05,29.860000610351562,29.979999542236328,29.3799991607666,29.649999618530273,706400
2016-01-06,29.020000457763672,29.450000762939453,28.979999542236328,29.190000534057617,705700
2016-01-07,28.299999237060547,28.860000610351562,28.040000915527344,28.31999969482422,1957600
2016-01-08,28.399999618530273,28.549999237060547,27.739999771118164,27.809999465942383,840400
2016-01-11,27.8700008392334,28.0,27.139999389648438,27.309999465942383,862000
2016-01-12,27.670000076293945,27.739999771118164,27.290000915527344,27.65999984741211,1187000
2016-01-13,27.809999465942383,27.940000534057617,26.90999984741211,27.049999237060547,2340600
2016-01-14,27.170000076293945,27.360000610351562,26.489999771118164,26.860000610351562,942800
2016-01-15,25.989999771118164,26.450000762939453,25.700000762939453,26.1299991607666,1563600
2016-01-19,26.479999542236328,26.479999542236328,25.40999984741211,25.729999542236328,1219900
2016-01-20,25.360000610351562,25.510000228881836,24.25,25.1299991607666,1614500
2016-01-21,25.170000076293945,25.579999923706055,24.709999084472656,24.84000015258789,1629700
2016-01-22,25.540000915527344,26.139999389648438,25.40999984741211,25.979999542236328,1405900
2016-01-25,25.790000915527344,26.020000457763672,25.219999313354492,25.260000228881836,590600
2016-01-26,25.56999969482422,26.31999969482422,25.309999465942383,26.270000457763672,603700
2016-01-27,26.059999465942383,26.520000457763672,25.920000076293945,26.040000915527344,521600
2016-01-28,26.719999313354492,26.719999313354492,26.06999969482422,26.34000015258789,494700
2016-01-29,26.389999389648438,27.440000534057617,26.020000457763672,27.440000534057617,1125700
2016-02-01,27.010000228881836,27.3700008392334,26.860000610351562,26.940000534057617,954200
2016-02-02,26.239999771118164,26.75,25.75,25.81999969482422,1272900
2016-02-03,26.170000076293945,26.34000015258789,25.149999618530273,25.829999923706055,884600
2016-02-04,25.940000534057617,26.850000381469727,25.739999771118164,26.43000030517578,1548200
2016-02-05,26.420000076293945,26.639999389648438,25.709999084472656,25.829999923706055,672500
2016-02-08,25.43000030517578,25.489999771118164,23.8799991607666,24.360000610351562,1299200
2016-02-09,23.75,24.84000015258789,22.979999542236328,23.780000686645508,1918300
2016-02-10,24.260000228881836,24.600000381469727,24.030000686645508,24.100000381469727,1089200
2016-02-11,23.450000762939453,23.780000686645508,22.799999237060547,23.149999618530273,1321600
2016-02-12,23.489999771118164,24.690000534057617,23.270000457763672,24.469999313354492,1285600
2016-02-16,24.709999084472656,25.200000762939453,24.350000381469727,25.139999389648438,931600
2016-02-17,25.260000228881836,26.440000534057617,25.1299991607666,26.06999969482422,1299900
2016-02-18,26.260000228881836,26.440000534057617,25.899999618530273,26.110000610351562,724900
2016-02-19,25.90999984741211,26.1299991607666,25.510000228881836,26.059999465942383,490400
2016-02-22,26.450000762939453,26.940000534057617,26.450000762939453,26.770000457763672,529800
2016-02-23,26.399999618530273,27.059999465942383,26.25,26.260000228881836,600600
2016-02-24,25.639999389648438,26.690000534057617,25.459999084472656,26.670000076293945,527600
2016-02-25,26.68000030517578,27.40999984741211,26.530000686645508,27.34000015258789,1075400
2016-02-26,27.510000228881836,27.979999542236328,27.510000228881836,27.90999984741211,914900
2016-02-29,27.350000381469727,28.010000228881836,27.15999984741211,27.459999084472656,854600
2016-03-01,27.780000686645508,28.829999923706055,27.639999389648438,28.68000030517578,795600
2016-03-02,28.579999923706055,28.989999771118164,28.360000610351562,28.950000762939453,686900
2016-03-03,29.059999465942383,29.450000762939453,28.8700008392334,29.299999237060547,706700
2016-03-04,29.40999984741211,29.729999542236328,29.100000381469727,29.350000381469727,896100
2016-03-07,29.34000015258789,29.760000228881836,29.1299991607666,29.649999618530273,1293300
2016-03-08,29.399999618530273,29.530000686645508,28.260000228881836,28.299999237060547,971600
2016-03-09,28.559999465942383,29.1200008392334,28.280000686645508,28.93000030517578,706400
2016-03-10,29.0,29.360000610351562,28.81999969482422,29.219999313354492,598800
2016-03-11,29.530000686645508,30.40999984741211,29.530000686645508,30.399999618530273,935900
2016-03-14,30.030000686645508,30.360000610351562,29.81999969482422,30.1200008392334,546300
2016-03-15,29.709999084472656,30.030000686645508,29.559999465942383,29.899999618530273,447900
2016-03-16,29.8799991607666,30.739999771118164,29.8799991607666,30.59000015258789,761500
2016-03-17,30.600000381469727,31.579999923706055,30.549999237060547,31.469999313354492,898700
2016-03-18,31.899999618530273,31.899999618530273,31.280000686645508,31.520000457763672,1424800
2016-03-21,30.93000030517578,31.200000762939453,30.760000228881836,31.0,691800
2016-03-22,30.639999389648438,31.360000610351562,30.639999389648438,31.31999969482422,984100
2016-03-23,31.31999969482422,31.31999969482422,30.559999465942383,30.559999465942383,639500
2016-03-24,30.309999465942383,30.649999618530273,30.200000762939453,30.59000015258789,438700
2016-03-28,30.639999389648438,30.770000457763672,30.329999923706055,30.540000915527344,560200
2016-03-29,30.389999389648438,31.260000228881836,30.239999771118164,31.239999771118164,889300
2016-03-30,31.5,31.5,30.81999969482422,30.969999313354492,477400
2016-03-31,31.010000228881836,31.010000228881836,30.68000030517578,30.790000915527344,685600
2016-04-01,30.350000381469727,30.950000762939453,30.280000686645508,30.809999465942383,626700
2016-04-04,30.84000015258789,30.8700008392334,30.40999984741211,30.469999313354492,444100
2016-04-05,30.18000030517578,30.31999969482422,29.68000030517578,29.700000762939453,607000
2016-04-06,29.729999542236328,29.860000610351562,29.459999084472656,29.81999969482422,507200
2016-04-07,29.690000534057617,29.81999969482422,29.059999465942383,29.25,763300
2016-04-08,29.719999313354492,30.18000030517578,29.469999313354492,29.559999465942383,467700
2016-04-11,29.809999465942383,30.420000076293945,29.729999542236328,29.770000457763672,476200
2016-04-12,29.809999465942383,30.530000686645508,29.780000686645508,30.270000457763672,452000
2016-04-13,30.459999084472656,30.690000534057617,30.270000457763672,30.56999969482422,684600
2016-04-14,30.829999923706055,30.860000610351562,30.329999923706055,30.3700008392334,784800
2016-04-15,30.209999084472656,30.610000610351562,30.020000457763672,30.3799991607666,745800
2016-04-18,30.079999923706055,30.700000762939453,29.940000534057617,30.540000915527344,312800
2016-04-19,30.75,30.850000381469727,30.309999465942383,30.56999969482422,926500
2016-04-20,30.549999237060547,30.670000076293945,30.1299991607666,30.559999465942383,450800
2016-04-21,30.690000534057617,31.059999465942383,30.59000015258789,30.600000381469727,723100
2016-04-22,30.729999542236328,31.1200008392334,30.56999969482422,31.100000381469727,1074600
2016-04-25,30.8700008392334,31.40999984741211,30.8700008392334,31.399999618530273,1585500
2016-04-26,31.489999771118164,32.349998474121094,31.420000076293945,32.099998474121094,1548800
2016-04-27,32.060001373291016,33.060001373291016,32.060001373291016,33.0,1254700
2016-04-28,32.75,33.13999938964844,32.2400016784668,32.27000045776367,757900
2016-04-29,32.27000045776367,32.68000030517578,31.969999313354492,32.4900016784668,1135800
2016-05-02,32.4900016784668,32.81999969482422,32.13999938964844,32.810001373291016,715900
2016-05-03,32.27000045776367,32.40999984741211,31.729999542236328,32.36000061035156,1560400
2016-05-04,32.209999084472656,32.56999969482422,31.780000686645508,32.060001373291016,562500
2016-05-05,32.290000915527344,32.63999938964844,31.940000534057617,32.04999923706055,1239700
2016-05-06,31.75,32.220001220703125,31.68000030517578,32.15999984741211,1953100
2016-05-09,32.040000915527344,32.380001068115234,31.299999237060547,31.34000015258789,1698600
2016-05-10,32.72999954223633,32.779998779296875,31.770000457763672,31.950000762939453,1788600
2016-05-11,32.02000045776367,32.790000915527344,32.02000045776367,32.470001220703125,1204900
2016-05-12,32.650001525878906,33.209999084472656,32.459999084472656,32.529998779296875,1387000
2016-05-13,32.459999084472656,32.9900016784668,31.75,31.950000762939453,1042400
2016-05-16,32.099998474121094,32.81999969482422,31.950000762939453,32.63999938964844,973300
2016-05-17,32.540000915527344,32.9900016784668,32.38999938964844,32.400001525878906,1070500
2016-05-18,32.18000030517578,32.43000030517578,31.610000610351562,31.790000915527344,685700
2016-05-19,31.459999084472656,31.780000686645508,31.049999237060547,31.469999313354492,636800
2016-05-20,31.690000534057617,31.950000762939453,31.5,31.6200008392334,562900
2016-05-23,31.5,31.65999984741211,31.31999969482422,31.420000076293945,549100
2016-05-24,31.6299991607666,32.11000061035156,31.350000381469727,32.099998474121094,985500
2016-05-25,32.40999984741211,32.560001373291016,32.13999938964844,32.369998931884766,880400
2016-05-26,32.5,32.630001068115234,32.0099983215332,32.0099983215332,687500
2016-05-27,31.889999389648438,32.209999084472656,31.829999923706055,32.13999938964844,610400
2016-05-31,32.13999938964844,32.52000045776367,31.969999313354492,32.11000061035156,865500
2016-06-01,31.93000030517578,32.16999816894531,31.729999542236328,32.09000015258789,641200
2016-06-02,31.81999969482422,32.08000183105469,31.670000076293945,32.04999923706055,619300
2016-06-03,32.119998931884766,32.119998931884766,31.530000686645508,31.989999771118164,652400
2016-06-06,32.220001220703125,32.709999084472656,31.950000762939453,32.560001373291016,1075800
2016-06-07,32.56999969482422,32.81999969482422,32.5,32.75,622500
2016-06-08,32.900001525878906,33.290000915527344,32.720001220703125,33.119998931884766,1409800
2016-06-09,32.79999923706055,33.22999954223633,32.63999938964844,33.220001220703125,837800
2016-06-10,32.66999816894531,32.81999969482422,32.380001068115234,32.7400016784668,1213500
2016-06-13,32.40999984741211,32.849998474121094,31.950000762939453,31.959999084472656,1474800
2016-06-14,31.90999984741211,32.209999084472656,31.469999313354492,31.5,1032500
2016-06-15,31.610000610351562,31.950000762939453,31.459999084472656,31.719999313354492,923500
2016-06-16,31.5,31.81999969482422,31.020000457763672,31.790000915527344,969700
2016-06-17,31.979999542236328,32.33000183105469,31.790000915527344,32.18000030517578,1176200
2016-06-20,32.720001220703125,33.119998931884766,32.619998931884766,32.84000015258789,1211700
2016-06-21,32.790000915527344,33.06999969482422,32.43000030517578,32.83000183105469,769000
2016-06-22,32.970001220703125,33.08000183105469,32.5099983215332,32.5099983215332,556100
2016-06-23,33.11000061035156,34.04999923706055,33.09000015258789,33.939998626708984,1548200
2016-06-24,32.189998626708984,32.41999816894531,30.579999923706055,30.8700008392334,2122500
2016-06-27,30.170000076293945,30.280000686645508,29.31999969482422,29.450000762939453,1792600
2016-06-28,29.899999618530273,30.219999313354492,29.610000610351562,30.18000030517578,1255200
2016-06-29,30.700000762939453,30.75,30.219999313354492,30.709999084472656,1214700
2016-06-30,30.860000610351562,31.770000457763672,30.600000381469727,31.770000457763672,1265200
2016-07-01,31.780000686645508,32.27000045776367,31.440000534057617,31.610000610351562,789600
2016-07-05,31.15999984741211,31.31999969482422,30.639999389648438,31.030000686645508,800900
2016-07-06,30.770000457763672,31.450000762939453,30.6200008392334,31.43000030517578,792800
2016-07-07,31.56999969482422,31.969999313354492,31.459999084472656,31.760000228881836,930700
2016-07-08,32.11000061035156,32.959999084472656,32.06999969482422,32.849998474121094,1023200
2016-07-11,33.0,33.45000076293945,32.900001525878906,32.97999954223633,645200
2016-07-12,33.380001068115234,34.0099983215332,33.189998626708984,33.97999954223633,1340800
2016-07-13,34.209999084472656,34.290000915527344,33.84000015258789,33.97999954223633,758300
2016-07-14,34.25,34.66999816894531,34.209999084472656,34.279998779296875,590100
2016-07-15,34.4900016784668,34.66999816894531,34.209999084472656,34.349998474121094,758000
2016-07-18,34.220001220703125,34.779998779296875,34.099998474121094,34.58000183105469,686700
2016-07-19,34.5,34.720001220703125,34.130001068115234,34.279998779296875,1311500
2016-07-20,34.20000076293945,34.88999938964844,33.900001525878906,34.81999969482422,1031200
2016-07-21,34.86000061035156,35.209999084472656,34.84000015258789,35.15999984741211,1085300
2016-07-22,35.0099983215332,35.0099983215332,34.599998474121094,34.77000045776367,741600
2016-07-25,34.59000015258789,35.029998779296875,34.45000076293945,35.0,562500
2016-07-26,35.0,35.900001525878906,34.95000076293945,35.86000061035156,985200
2016-07-27,35.900001525878906,36.20000076293945,35.849998474121094,36.16999816894531,1068500
2016-07-28,35.939998626708984,36.119998931884766,35.66999816894531,35.939998626708984,434100
2016-07-29,35.900001525878906,35.91999816894531,35.31999969482422,35.4900016784668,1393600
2016-08-01,35.29999923706055,35.810001373291016,34.93000030517578,35.34000015258789,1145300
2016-08-02,35.349998474121094,35.369998931884766,34.54999923706055,34.779998779296875,869500
2016-08-03,34.790000915527344,35.11000061035156,34.72999954223633,35.11000061035156,376900
2016-08-04,34.97999954223633,35.220001220703125,34.869998931884766,34.880001068115234,607500
2016-08-05,35.119998931884766,35.90999984741211,34.939998626708984,35.79999923706055,1250200
2016-08-08,35.900001525878906,36.02000045776367,35.40999984741211,35.43000030517578,1184800
2016-08-09,35.43000030517578,35.79999923706055,34.65999984741211,34.709999084472656,1876600
2016-08-10,35.029998779296875,35.099998474121094,34.45000076293945,34.7599983215332,2700500
2016-08-11,34.779998779296875,35.5099983215332,34.779998779296875,35.11000061035156,3527900
2016-08-12,35.04999923706055,35.13999938964844,34.31999969482422,34.540000915527344,987800
2016-08-15,34.779998779296875,35.209999084472656,34.619998931884766,35.09000015258789,786500
2016-08-16,34.90999984741211,34.959999084472656,33.31999969482422,33.439998626708984,4833300
2016-08-17,33.279998779296875,33.33000183105469,31.649999618530273,31.969999313354492,3795000
2016-08-18,32.0,32.529998779296875,31.809999465942383,32.5099983215332,2346000
2016-08-19,32.290000915527344,32.5099983215332,31.850000381469727,32.5,2078300
2016-08-22,31.739999771118164,32.45000076293945,31.190000534057617,32.22999954223633,1107000
2016-08-23,32.560001373291016,32.869998931884766,32.4900016784668,32.689998626708984,1445000
2016-08-24,32.70000076293945,32.869998931884766,32.16999816894531,32.18000030517578,877600
2016-08-25,32.119998931884766,32.439998626708984,32.09000015258789,32.18000030517578,604400
2016-08-26,32.349998474121094,32.439998626708984,31.84000015258789,31.889999389648438,833700
2016-08-29,31.889999389648438,32.33000183105469,31.8700008392334,32.150001525878906,546600
2016-08-30,32.130001068115234,32.2599983215332,31.739999771118164,31.84000015258789,914200
2016-08-31,31.729999542236328,31.729999542236328,30.709999084472656,30.829999923706055,1415400
2016-09-01,30.81999969482422,31.100000381469727,30.040000915527344,30.440000534057617,1298100
2016-09-02,30.760000228881836,30.799999237060547,30.31999969482422,30.65999984741211,744000
2016-09-06,30.75,30.920000076293945,30.219999313354492,30.420000076293945,780000
2016-09-07,30.260000228881836,30.510000228881836,29.760000228881836,30.389999389648438,844500
2016-09-08,30.3700008392334,30.649999618530273,30.100000381469727,30.139999389648438,924500
2016-09-09,29.860000610351562,29.920000076293945,28.809999465942383,28.860000610351562,1004100
2016-09-12,28.459999084472656,29.309999465942383,28.459999084472656,29.06999969482422,1099000
2016-09-13,28.700000762939453,28.860000610351562,28.100000381469727,28.3799991607666,1363600
2016-09-14,28.25,28.389999389648438,27.84000015258789,28.079999923706055,1711800
2016-09-15,27.979999542236328,28.440000534057617,27.979999542236328,28.299999237060547,677500
2016-09-16,27.84000015258789,28.079999923706055,27.649999618530273,27.90999984741211,1192200
2016-09-19,28.110000610351562,28.530000686645508,28.06999969482422,28.190000534057617,620400
2016-09-20,28.290000915527344,28.3799991607666,27.59000015258789,27.600000381469727,1038600
2016-09-21,27.709999084472656,28.209999084472656,27.559999465942383,28.170000076293945,1557900
2016-09-22,28.59000015258789,28.809999465942383,28.3799991607666,28.760000228881836,932900
2016-09-23,28.670000076293945,29.229999542236328,28.530000686645508,28.540000915527344,1127100
2016-09-26,28.290000915527344,29.34000015258789,28.229999542236328,28.969999313354492,1058800
2016-09-27,28.209999084472656,28.950000762939453,28.209999084472656,28.920000076293945,974500
2016-09-28,28.979999542236328,29.530000686645508,28.75,29.479999542236328,1288200
2016-09-29,29.469999313354492,29.770000457763672,29.299999237060547,29.420000076293945,916400
2016-09-30,29.559999465942383,29.90999984741211,29.360000610351562,29.729999542236328,1250100
2016-10-03,29.59000015258789,29.829999923706055,29.3700008392334,29.709999084472656,819300
2016-10-04,29.799999237060547,30.0,29.110000610351562,29.139999389648438,987200
2016-10-05,29.469999313354492,29.670000076293945,29.360000610351562,29.559999465942383,852900
2016-10-06,29.420000076293945,29.43000030517578,28.979999542236328,29.299999237060547,1086500
2016-10-07,29.219999313354492,29.31999969482422,28.729999542236328,28.739999771118164,727800
2016-10-10,28.739999771118164,29.309999465942383,28.739999771118164,28.850000381469727,1065400
2016-10-11,28.579999923706055,28.700000762939453,27.81999969482422,27.81999969482422,1391800
2016-10-12,27.799999237060547,28.0,27.520000457763672,27.8799991607666,2378200
2016-10-13,27.5,27.940000534057617,27.329999923706055,27.829999923706055,780500
2016-10-14,28.059999465942383,28.100000381469727,27.549999237060547,27.610000610351562,660400
2016-10-17,27.989999771118164,28.049999237060547,27.489999771118164,27.84000015258789,995200
2016-10-18,28.299999237060547,28.34000015258789,27.93000030517578,27.940000534057617,889100
2016-10-19,28.030000686645508,28.049999237060547,27.559999465942383,27.860000610351562,564000
2016-10-20,27.649999618530273,27.8700008392334,27.260000228881836,27.270000457763672,1277700
2016-10-21,27.0,27.31999969482422,26.559999465942383,26.989999771118164,2217100
2016-10-24,27.3700008392334,27.56999969482422,27.079999923706055,27.219999313354492,1085000
2016-10-25,27.209999084472656,27.209999084472656,26.459999084472656,27.040000915527344,1383500
2016-10-26,26.81999969482422,27.709999084472656,26.760000228881836,27.5,1296600
2016-10-27,27.600000381469727,27.670000076293945,27.170000076293945,27.3700008392334,1068500
2016-10-28,27.399999618530273,28.260000228881836,27.399999618530273,27.8799991607666,825500
2016-10-31,27.950000762939453,27.989999771118164,27.649999618530273,27.850000381469727,1096200
2016-11-01,28.079999923706055,28.079999923706055,27.190000534057617,27.420000076293945,863400
2016-11-02,27.299999237060547,27.75,27.049999237060547,27.110000610351562,620600
2016-11-03,27.190000534057617,27.31999969482422,26.729999542236328,27.239999771118164,787800
2016-11-04,27.09000015258789,27.3700008392334,26.649999618530273,26.920000076293945,610700
2016-11-07,27.579999923706055,27.690000534057617,27.270000457763672,27.450000762939453,620500
2016-11-08,27.43000030517578,28.190000534057617,27.110000610351562,27.8700008392334,1018400
2016-11-09,29.940000534057617,32.2400016784668,29.59000015258789,31.3799991607666,4368100
2016-11-10,31.850000381469727,33.209999084472656,31.81999969482422,32.209999084472656,2953000
2016-11-11,32.06999969482422,32.27000045776367,31.639999389648438,32.220001220703125,2527900
2016-11-14,31.940000534057617,37.189998626708984,30.450000762939453,36.95000076293945,9287500
2016-11-15,36.2400016784668,37.970001220703125,36.11000061035156,37.66999816894531,4540000
2016-11-16,37.060001373291016,37.720001220703125,36.79999923706055,37.529998779296875,3252500
2016-11-17,37.540000915527344,37.93000030517578,37.08000183105469,37.209999084472656,2277500
2016-11-18,37.13999938964844,37.619998931884766,36.630001068115234,36.70000076293945,2572300
2016-11-21,36.97999954223633,37.2599983215332,36.439998626708984,37.02000045776367,1968500
2016-11-22,37.02000045776367,37.650001525878906,36.869998931884766,37.130001068115234,2767200
2016-11-23,37.18000030517578,37.619998931884766,37.16999816894531,37.599998474121094,1457400
2016-11-25,37.7400016784668,37.79999923706055,37.470001220703125,37.66999816894531,530800
2016-11-28,37.63999938964844,37.7400016784668,36.720001220703125,36.970001220703125,1567900
2016-11-29,36.83000183105469,37.20000076293945,36.13999938964844,36.220001220703125,2453500
2016-11-30,36.599998474121094,37.189998626708984,36.20000076293945,36.349998474121094,2334800
2016-12-01,36.709999084472656,37.2400016784668,36.529998779296875,36.66999816894531,1470100
2016-12-02,36.7400016784668,36.959999084472656,36.099998474121094,36.939998626708984,970500
2016-12-05,37.25,37.439998626708984,37.08000183105469,37.31999969482422,1802100
2016-12-06,37.209999084472656,38.58000183105469,37.209999084472656,38.279998779296875,2005800
2016-12-07,38.63999938964844,39.04999923706055,38.33000183105469,39.0,1470000
2016-12-08,39.209999084472656,40.54999923706055,39.04999923706055,40.130001068115234,2220700
2016-12-09,40.099998474121094,40.15999984741211,39.459999084472656,40.119998931884766,1014800
2016-12-12,40.119998931884766,40.720001220703125,39.4900016784668,39.560001373291016,1092800
2016-12-13,40.11000061035156,40.22999954223633,38.77000045776367,38.939998626708984,1274300
2016-12-14,38.93000030517578,39.0,38.040000915527344,38.11000061035156,1639200
2016-12-15,38.08000183105469,38.66999816894531,37.630001068115234,38.15999984741211,1187600
2016-12-16,38.22999954223633,38.459999084472656,37.84000015258789,37.91999816894531,1818000
2016-12-19,37.52000045776367,38.36000061035156,37.380001068115234,37.95000076293945,991500
2016-12-20,38.13999938964844,38.279998779296875,37.709999084472656,37.88999938964844,1300500
2016-12-21,37.88999938964844,38.0099983215332,37.560001373291016,37.7599983215332,798400
2016-12-22,37.63999938964844,37.970001220703125,37.5,37.709999084472656,736100
2016-12-23,37.72999954223633,37.900001525878906,37.38999938964844,37.630001068115234,270200
2016-12-27,37.720001220703125,37.790000915527344,37.439998626708984,37.72999954223633,307100
2016-12-28,37.91999816894531,37.91999816894531,36.810001373291016,36.90999984741211,634600
2016-12-29,36.88999938964844,37.189998626708984,36.2599983215332,36.369998931884766,830900
2016-12-30,36.439998626708984,36.86000061035156,36.279998779296875,36.36000061035156,963100
2017-01-03,36.720001220703125,37.40999984741211,36.43000030517578,37.0,910100
2017-01-04,37.970001220703125,38.540000915527344,37.75,38.369998931884766,1666700
2017-01-05,38.29999923706055,38.47999954223633,37.439998626708984,37.56999969482422,1035100
2017-01-06,37.630001068115234,37.86000061035156,36.93000030517578,36.93000030517578,612800
2017-01-09,36.880001068115234,36.900001525878906,36.02000045776367,36.029998779296875,797300
2017-01-10,36.209999084472656,37.189998626708984,35.880001068115234,37.150001525878906,843500
2017-01-11,37.279998779296875,37.459999084472656,36.58000183105469,36.959999084472656,1058600
2017-01-12,36.709999084472656,36.77000045776367,34.61000061035156,35.52000045776367,2980900
2017-01-13,35.529998779296875,36.2400016784668,35.529998779296875,35.959999084472656,978800
2017-01-17,36.0099983215332,36.29999923706055,35.2400016784668,35.29999923706055,605700
2017-01-18,35.470001220703125,35.75,35.2599983215332,35.70000076293945,853300
2017-01-19,35.79999923706055,36.150001525878906,35.04999923706055,35.36000061035156,692100
2017-01-20,35.56999969482422,35.779998779296875,35.220001220703125,35.45000076293945,583500
2017-01-23,35.38999938964844,35.4900016784668,34.75,35.310001373291016,737100
2017-01-24,35.630001068115234,37.599998474121094,35.599998474121094,37.41999816894531,1795000
2017-01-25,38.06999969482422,39.31999969482422,37.900001525878906,39.130001068115234,2021800
2017-01-26,39.2400016784668,39.5,38.22999954223633,38.59000015258789,1003100
2017-01-27,38.54999923706055,38.869998931884766,37.720001220703125,37.869998931884766,854300
2017-01-30,37.5,37.5,36.439998626708984,37.0,1211100
2017-01-31,36.9900016784668,37.380001068115234,36.2400016784668,36.93000030517578,949900
2017-02-01,37.31999969482422,37.709999084472656,36.7400016784668,37.20000076293945,749400
2017-02-02,37.06999969482422,37.150001525878906,36.290000915527344,36.54999923706055,766900
2017-02-03,37.040000915527344,37.61000061035156,36.63999938964844,37.220001220703125,770700
2017-02-06,37.130001068115234,37.349998474121094,36.75,37.150001525878906,1826300
2017-02-07,38.849998474121094,39.27000045776367,37.52000045776367,38.119998931884766,1949100
2017-02-08,38.04999923706055,38.04999923706055,36.75,37.029998779296875,1306700
2017-02-09,37.029998779296875,38.25,36.869998931884766,38.09000015258789,1691400
2017-02-10,38.18000030517578,38.40999984741211,37.45000076293945,38.400001525878906,1370000
2017-02-13,38.599998474121094,38.79999923706055,37.79999923706055,37.90999984741211,862300
2017-02-14,37.7599983215332,38.369998931884766,37.18000030517578,38.34000015258789,772000
2017-02-15,38.290000915527344,38.939998626708984,38.189998626708984,38.849998474121094,842400
2017-02-16,38.689998626708984,38.90999984741211,37.869998931884766,38.400001525878906,470200
2017-02-17,38.16999816894531,38.2400016784668,37.29999923706055,37.75,752400
2017-02-21,37.97999954223633,38.66999816894531,37.86000061035156,38.40999984741211,816300
2017-02-22,38.18000030517578,38.380001068115234,37.72999954223633,37.9900016784668,1060900
2017-02-23,38.189998626708984,38.189998626708984,36.029998779296875,36.349998474121094,1840500
2017-02-24,36.08000183105469,36.13999938964844,35.290000915527344,35.77000045776367,1695900
2017-02-27,35.77000045776367,37.15999984741211,35.66999816894531,37.150001525878906,1637900
2017-02-28,37.04999923706055,37.22999954223633,36.20000076293945,36.349998474121094,1575100
2017-03-01,37.31999969482422,38.150001525878906,37.119998931884766,37.84000015258789,1833600
2017-03-02,37.880001068115234,37.88999938964844,36.91999816894531,36.959999084472656,935100
2017-03-03,36.86000061035156,37.59000015258789,36.709999084472656,37.11000061035156,1289300
2017-03-06,36.790000915527344,36.900001525878906,36.119998931884766,36.5099983215332,1184400
2017-03-07,36.54999923706055,36.72999954223633,36.13999938964844,36.369998931884766,841700
2017-03-08,36.54999923706055,36.7400016784668,35.77000045776367,35.810001373291016,1695300
2017-03-09,35.68000030517578,35.88999938964844,34.849998474121094,35.11000061035156,874100
2017-03-10,35.619998931884766,36.09000015258789,35.41999816894531,36.06999969482422,961400
2017-03-13,36.099998474121094,36.91999816894531,36.02000045776367,36.25,882300
2017-03-14,35.970001220703125,35.97999954223633,34.959999084472656,35.720001220703125,804400
2017-03-15,35.900001525878906,36.560001373291016,35.63999938964844,36.349998474121094,1316400
2017-03-16,36.650001525878906,36.84000015258789,35.939998626708984,36.08000183105469,968300
2017-03-17,36.209999084472656,36.279998779296875,35.2599983215332,35.650001525878906,2070400
2017-03-20,35.599998474121094,35.70000076293945,34.97999954223633,35.130001068115234,501400
2017-03-21,35.400001525878906,35.4900016784668,33.689998626708984,34.08000183105469,977100
2017-03-22,33.79999923706055,34.61000061035156,33.79999923706055,34.459999084472656,1080700
2017-03-23,34.45000076293945,34.88999938964844,34.25,34.540000915527344,668700
2017-03-24,34.599998474121094,34.900001525878906,33.93000030517578,34.099998474121094,595500
2017-03-27,33.459999084472656,33.9900016784668,33.11000061035156,33.86000061035156,990300
2017-03-28,33.7599983215332,34.720001220703125,33.7599983215332,34.52000045776367,777400
2017-03-29,34.439998626708984,35.13999938964844,34.2599983215332,35.040000915527344,644900
2017-03-30,35.18000030517578,35.9900016784668,35.18000030517578,35.619998931884766,822700
2017-03-31,35.5,36.02000045776367,35.349998474121094,35.59000015258789,580800
2017-04-03,35.75,36.08000183105469,34.5,34.869998931884766,662300
2017-04-04,34.77000045776367,35.40999984741211,34.70000076293945,34.86000061035156,925300
2017-04-05,35.2599983215332,35.709999084472656,34.79999923706055,35.0099983215332,1511600
2017-04-06,35.0099983215332,35.65999984741211,34.900001525878906,35.38999938964844,536900
2017-04-07,33.68000030517578,33.97999954223633,32.68000030517578,33.02000045776367,3609400
2017-04-10,32.97999954223633,34.209999084472656,32.959999084472656,33.779998779296875,1202600
2017-04-11,33.68000030517578,34.060001373291016,33.279998779296875,33.83000183105469,1056300
2017-04-12,33.56999969482422,33.61000061035156,32.630001068115234,32.97999954223633,907300
2017-04-13,32.810001373291016,33.18000030517578,32.5,32.61000061035156,1556900
2017-04-17,32.650001525878906,33.380001068115234,32.290000915527344,33.369998931884766,1428100
2017-04-18,33.04999923706055,33.849998474121094,32.83000183105469,33.75,1233300
2017-04-19,34.0,34.22999954223633,33.36000061035156,33.439998626708984,920700
2017-04-20,33.77000045776367,33.77000045776367,33.13999938964844,33.459999084472656,1397400
2017-04-21,33.41999816894531,33.459999084472656,32.79999923706055,33.40999984741211,928500
2017-04-24,34.16999816894531,34.470001220703125,33.86000061035156,34.27000045776367,1132700
2017-04-25,34.689998626708984,34.880001068115234,34.349998474121094,34.66999816894531,485100
2017-04-26,34.61000061035156,35.060001373291016,34.61000061035156,34.709999084472656,1484500
2017-04-27,34.65999984741211,34.93000030517578,34.349998474121094,34.849998474121094,1540400
2017-04-28,34.95000076293945,34.95000076293945,34.02000045776367,34.209999084472656,1225000
2017-05-01,34.34000015258789,34.47999954223633,33.83000183105469,33.9900016784668,1234000
2017-05-02,34.0099983215332,34.209999084472656,33.7599983215332,34.189998626708984,790100
2017-05-03,33.869998931884766,33.970001220703125,33.130001068115234,33.63999938964844,944500
2017-05-04,33.619998931884766,33.7400016784668,33.189998626708984,33.650001525878906,1054300
2017-05-05,33.650001525878906,33.81999969482422,33.15999984741211,33.810001373291016,629300
2017-05-08,33.540000915527344,33.599998474121094,32.7599983215332,33.20000076293945,1547900
2017-05-09,33.849998474121094,35.25,33.2400016784668,34.20000076293945,2069700
2017-05-10,34.20000076293945,34.29999923706055,33.220001220703125,33.29999923706055,1254400
2017-05-11,33.18000030517578,33.369998931884766,32.5099983215332,33.209999084472656,1354900
2017-05-12,32.97999954223633,33.209999084472656,31.780000686645508,32.099998474121094,1945700
2017-05-15,32.310001373291016,32.650001525878906,32.130001068115234,32.31999969482422,788600
2017-05-16,32.34000015258789,32.38999938964844,31.979999542236328,32.349998474121094,968800
2017-05-17,32.349998474121094,32.40999984741211,31.739999771118164,32.290000915527344,2170700
2017-05-18,31.979999542236328,32.52000045776367,31.899999618530273,32.43000030517578,1478300
2017-05-19,32.619998931884766,33.2400016784668,32.56999969482422,32.650001525878906,897600
2017-05-22,32.810001373291016,32.880001068115234,32.290000915527344,32.459999084472656,1131300
2017-05-23,32.650001525878906,32.650001525878906,32.20000076293945,32.54999923706055,1514900
2017-05-24,32.45000076293945,32.58000183105469,32.189998626708984,32.540000915527344,1255000
2017-05-25,32.68000030517578,32.84000015258789,32.029998779296875,32.34000015258789,990800
2017-05-26,32.11000061035156,32.369998931884766,31.989999771118164,32.18000030517578,1064000
2017-05-30,32.09000015258789,32.68000030517578,32.02000045776367,32.41999816894531,813600
2017-05-31,32.41999816894531,32.54999923706055,31.850000381469727,32.11000061035156,1902100
2017-06-01,32.27000045776367,32.970001220703125,32.04999923706055,32.84000015258789,779800
2017-06-02,32.90999984741211,33.06999969482422,32.470001220703125,32.95000076293945,788400
2017-06-05,32.900001525878906,32.939998626708984,32.38999938964844,32.43000030517578,653100
2017-06-06,32.16999816894531,32.52000045776367,31.889999389648438,32.31999969482422,818700
2017-06-07,32.349998474121094,32.470001220703125,32.119998931884766,32.31999969482422,904200
2017-06-08,32.279998779296875,32.790000915527344,32.15999984741211,32.4900016784668,848000
2017-06-09,32.58000183105469,33.95000076293945,32.40999984741211,33.7599983215332,958300
2017-06-12,33.68000030517578,34.04999923706055,33.38999938964844,33.38999938964844,750400
2017-06-13,33.38999938964844,34.220001220703125,33.220001220703125,33.56999969482422,822200
2017-06-14,33.56999969482422,33.599998474121094,32.83000183105469,33.29999923706055,610400
2017-06-15,32.70000076293945,33.400001525878906,32.45000076293945,32.560001373291016,602000
2017-06-16,32.41999816894531,32.63999938964844,32.22999954223633,32.61000061035156,1509100
2017-06-19,32.77000045776367,32.810001373291016,32.40999984741211,32.7599983215332,565900
2017-06-20,32.5,32.529998779296875,31.989999771118164,32.38999938964844,866500
2017-06-21,32.470001220703125,32.5099983215332,31.829999923706055,31.93000030517578,824500
2017-06-22,31.969999313354492,32.40999984741211,31.899999618530273,32.34000015258789,575700
2017-06-23,32.33000183105469,32.529998779296875,31.889999389648438,32.27000045776367,2686500
2017-06-26,32.029998779296875,33.119998931884766,32.029998779296875,32.619998931884766,885000
2017-06-27,32.75,32.97999954223633,32.290000915527344,32.290000915527344,979500
2017-06-28,32.619998931884766,33.060001373291016,32.40999984741211,32.63999938964844,663100
2017-06-29,32.84000015258789,32.900001525878906,31.65999984741211,32.029998779296875,976100
2017-06-30,32.16999816894531,32.529998779296875,32.08000183105469,32.33000183105469,909800
2017-07-03,32.52000045776367,33.06999969482422,32.27000045776367,32.849998474121094,356500
2017-07-05,32.75,33.0,32.40999984741211,32.58000183105469,552800
2017-07-06,32.38999938964844,32.70000076293945,32.13999938964844,32.20000076293945,1166500
2017-07-07,32.41999816894531,32.70000076293945,32.09000015258789,32.650001525878906,477000
2017-07-10,32.459999084472656,33.029998779296875,32.290000915527344,32.52000045776367,945700
2017-07-11,32.459999084472656,32.529998779296875,32.0099983215332,32.189998626708984,775000
2017-07-12,32.58000183105469,33.15999984741211,32.52000045776367,32.650001525878906,721700
2017-07-13,32.72999954223633,32.86000061035156,32.33000183105469,32.709999084472656,458700
2017-07-14,32.720001220703125,33.11000061035156,32.70000076293945,32.779998779296875,662200
2017-07-17,32.790000915527344,33.06999969482422,32.560001373291016,32.81999969482422,745800
2017-07-18,32.689998626708984,32.880001068115234,32.25,32.4900016784668,1044000
2017-07-19,32.38999938964844,32.81999969482422,32.31999969482422,32.66999816894531,632200
2017-07-20,32.75,33.08000183105469,32.2599983215332,32.27000045776367,438600
2017-07-21,32.22999954223633,32.34000015258789,31.950000762939453,32.02000045776367,493500
2017-07-24,31.6200008392334,31.719999313354492,30.6200008392334,31.15999984741211,2160800
2017-07-25,31.459999084472656,32.439998626708984,31.459999084472656,31.979999542236328,1143400
2017-07-26,31.979999542236328,31.979999542236328,31.510000228881836,31.709999084472656,496400
2017-07-27,31.719999313354492,31.899999618530273,31.530000686645508,31.829999923706055,423200
2017-07-28,31.700000762939453,31.829999923706055,31.350000381469727,31.579999923706055,409400
2017-07-31,31.6200008392334,32.16999816894531,31.549999237060547,31.899999618530273,615300
2017-08-01,32.02000045776367,32.099998474121094,31.690000534057617,31.899999618530273,577000
2017-08-02,31.799999237060547,32.130001068115234,31.40999984741211,31.579999923706055,641400
2017-08-03,31.600000381469727,31.75,31.270000457763672,31.559999465942383,634100
2017-08-04,31.68000030517578,31.68000030517578,31.139999389648438,31.149999618530273,745000
2017-08-07,31.200000762939453,31.600000381469727,31.079999923706055,31.329999923706055,1049400
2017-08-08,31.81999969482422,34.5,31.6200008392334,33.849998474121094,2376900
2017-08-09,33.79999923706055,33.79999923706055,32.83000183105469,33.0099983215332,1450600
2017-08-10,32.439998626708984,33.0099983215332,31.959999084472656,31.959999084472656,1238800
2017-08-11,31.68000030517578,32.63999938964844,31.670000076293945,32.2599983215332,1069300
2017-08-14,32.529998779296875,33.08000183105469,32.400001525878906,32.439998626708984,974500
2017-08-15,32.41999816894531,32.470001220703125,31.799999237060547,31.81999969482422,576000
2017-08-16,32.02000045776367,32.15999984741211,31.440000534057617,31.520000457763672,732400
2017-08-17,31.34000015258789,31.889999389648438,31.06999969482422,31.09000015258789,701400
2017-08-18,30.889999389648438,30.959999084472656,30.549999237060547,30.579999923706055,768900
2017-08-21,30.559999465942383,30.670000076293945,30.149999618530273,30.469999313354492,1137600
2017-08-22,30.59000015258789,31.3700008392334,30.510000228881836,31.25,927400
2017-08-23,31.0,31.350000381469727,30.829999923706055,30.979999542236328,574800
2017-08-24,31.139999389648438,31.350000381469727,30.979999542236328,31.06999969482422,544300
2017-08-25,31.040000915527344,31.739999771118164,31.020000457763672,31.59000015258789,619800
2017-08-28,31.770000457763672,31.889999389648438,31.40999984741211,31.780000686645508,643700
2017-08-29,31.479999542236328,32.400001525878906,31.479999542236328,32.2599983215332,965000
2017-08-30,32.16999816894531,32.900001525878906,31.940000534057617,32.619998931884766,735500
2017-08-31,32.83000183105469,33.58000183105469,32.83000183105469,33.5,604900
2017-09-01,33.65999984741211,33.790000915527344,33.5,33.5,423100
2017-09-05,33.43000030517578,33.790000915527344,32.7400016784668,32.790000915527344,741800
2017-09-06,33.060001373291016,33.43000030517578,32.880001068115234,33.22999954223633,583600
2017-09-07,33.279998779296875,33.31999969482422,32.810001373291016,33.22999954223633,551100
2017-09-08,33.099998474121094,33.290000915527344,32.66999816894531,33.060001373291016,836200
2017-09-11,33.36000061035156,33.66999816894531,33.2599983215332,33.380001068115234,744400
2017-09-12,33.63999938964844,34.13999938964844,33.470001220703125,34.06999969482422,737500
2017-09-13,34.0,34.040000915527344,33.70000076293945,33.900001525878906,506800
2017-09-14,33.900001525878906,34.02000045776367,33.54999923706055,33.849998474121094,389300
2017-09-15,33.83000183105469,34.060001373291016,33.75,33.939998626708984,782300
2017-09-18,34.04999923706055,34.41999816894531,33.95000076293945,34.220001220703125,551900
2017-09-19,34.25,35.040000915527344,34.25,35.0099983215332,787000
2017-09-20,35.04999923706055,35.20000076293945,34.599998474121094,35.0,717800
2017-09-21,34.9900016784668,35.099998474121094,34.790000915527344,34.939998626708984,441400
2017-09-22,35.209999084472656,35.79999923706055,35.029998779296875,35.540000915527344,1232100
2017-09-25,35.4900016784668,36.869998931884766,35.369998931884766,36.470001220703125,1164300
2017-09-26,36.540000915527344,36.86000061035156,36.470001220703125,36.5099983215332,838300
2017-09-27,36.75,37.25,36.38999938964844,37.040000915527344,1314700
2017-09-28,36.93000030517578,37.06999969482422,36.689998626708984,37.0099983215332,769900
2017-09-29,36.91999816894531,37.08000183105469,36.70000076293945,36.810001373291016,630200
2017-10-02,36.83000183105469,37.11000061035156,36.66999816894531,37.060001373291016,1026800
2017-10-03,37.06999969482422,37.130001068115234,36.72999954223633,36.779998779296875,798200
2017-10-04,36.63999938964844,36.900001525878906,36.380001068115234,36.5099983215332,1108600
2017-10-05,36.459999084472656,36.95000076293945,36.459999084472656,36.56999969482422,688100
2017-10-06,36.36000061035156,36.68000030517578,36.279998779296875,36.369998931884766,570800
2017-10-09,36.470001220703125,36.619998931884766,36.040000915527344,36.16999816894531,693400
2017-10-10,36.43000030517578,36.4900016784668,36.119998931884766,36.25,552900
2017-10-11,36.310001373291016,36.45000076293945,35.88999938964844,35.970001220703125,441400
2017-10-12,35.90999984741211,36.130001068115234,35.83000183105469,35.939998626708984,576700
2017-10-13,36.18000030517578,36.18000030517578,35.630001068115234,35.689998626708984,610400
2017-10-16,35.9900016784668,36.34000015258789,35.77000045776367,35.790000915527344,570000
2017-10-17,35.75,35.93000030517578,35.599998474121094,35.66999816894531,370700
2017-10-18,35.689998626708984,35.849998474121094,35.380001068115234,35.400001525878906,464900
2017-10-19,35.15999984741211,35.40999984741211,35.119998931884766,35.25,486400
2017-10-20,35.45000076293945,35.540000915527344,35.25,35.31999969482422,548000
2017-10-23,35.31999969482422,35.68000030517578,35.08000183105469,35.15999984741211,374400
2017-10-24,35.119998931884766,35.29999923706055,34.90999984741211,35.0,669000
2017-10-25,34.91999816894531,35.20000076293945,34.369998931884766,34.720001220703125,675600
2017-10-26,34.70000076293945,35.38999938964844,34.70000076293945,35.16999816894531,529900
2017-10-27,35.08000183105469,35.400001525878906,34.790000915527344,35.22999954223633,481700
2017-10-30,35.16999816894531,35.43000030517578,35.0099983215332,35.16999816894531,379200
2017-10-31,35.38999938964844,35.540000915527344,34.939998626708984,35.060001373291016,606300
2017-11-01,35.27000045776367,35.4900016784668,34.970001220703125,35.220001220703125,485700
2017-11-02,35.15999984741211,35.7400016784668,35.09000015258789,35.439998626708984,692800
2017-11-03,35.290000915527344,35.959999084472656,35.290000915527344,35.709999084472656,426100
2017-11-06,35.7599983215332,36.310001373291016,35.029998779296875,36.119998931884766,1766300
2017-11-07,36.31999969482422,36.5,35.86000061035156,36.09000015258789,766300
2017-11-08,36.040000915527344,36.06999969482422,35.599998474121094,35.79999923706055,454200
2017-11-09,35.43000030517578,35.68000030517578,35.0,35.630001068115234,595800
2017-11-10,35.5099983215332,35.70000076293945,35.34000015258789,35.59000015258789,1235200
2017-11-13,34.68000030517578,35.79999923706055,34.04999923706055,35.630001068115234,1429900
2017-11-14,35.20000076293945,35.41999816894531,33.619998931884766,34.209999084472656,1694000
2017-11-15,33.939998626708984,34.369998931884766,33.15999984741211,34.040000915527344,1352100
2017-11-16,34.29999923706055,34.560001373291016,34.099998474121094,34.5099983215332,725300
2017-11-17,34.349998474121094,34.90999984741211,34.349998474121094,34.720001220703125,519300
2017-11-20,34.790000915527344,36.060001373291016,34.77000045776367,36.0,7913500
2017-11-21,36.2400016784668,36.91999816894531,36.04999923706055,36.650001525878906,796600
2017-11-22,36.790000915527344,36.970001220703125,36.220001220703125,36.33000183105469,506400
2017-11-24,36.400001525878906,36.400001525878906,35.810001373291016,36.099998474121094,267400
2017-11-27,36.15999984741211,36.290000915527344,35.90999984741211,36.22999954223633,710900
2017-11-28,36.22999954223633,36.88999938964844,36.0099983215332,36.880001068115234,1305400
2017-11-29,36.88999938964844,37.599998474121094,36.849998474121094,37.15999984741211,1033200
2017-11-30,37.220001220703125,37.63999938964844,37.06999969482422,37.5,1080000
2017-12-01,37.47999954223633,37.709999084472656,36.349998474121094,37.689998626708984,1165400
2017-12-04,37.849998474121094,38.66999816894531,37.7400016784668,37.9900016784668,1028400
2017-12-05,37.349998474121094,37.970001220703125,37.34000015258789,37.4900016784668,888600
2017-12-06,37.4900016784668,37.97999954223633,37.47999954223633,37.880001068115234,871300
2017-12-07,38.13999938964844,38.29999923706055,37.650001525878906,38.09000015258789,960900
2017-12-08,38.25,38.61000061035156,38.029998779296875,38.56999969482422,651800
2017-12-11,38.5099983215332,38.7400016784668,38.279998779296875,38.5099983215332,922600
2017-12-12,38.70000076293945,39.2400016784668,37.599998474121094,38.81999969482422,1064700
2017-12-13,38.470001220703125,38.75,37.779998779296875,38.279998779296875,1152100
2017-12-14,38.2599983215332,38.2599983215332,37.41999816894531,37.4900016784668,1267500
2017-12-15,37.400001525878906,37.97999954223633,36.779998779296875,36.93000030517578,2107400
2017-12-18,37.2400016784668,37.65999984741211,37.130001068115234,37.56999969482422,779000
2017-12-19,37.369998931884766,37.56999969482422,37.119998931884766,37.20000076293945,813700
2017-12-20,37.290000915527344,37.400001525878906,36.7400016784668,37.06999969482422,708600
2017-12-21,37.0,37.29999923706055,36.79999923706055,37.099998474121094,502000
2017-12-22,37.20000076293945,37.310001373291016,36.810001373291016,37.279998779296875,472400
2017-12-26,37.119998931884766,37.56999969482422,37.119998931884766,37.459999084472656,425300
2017-12-27,37.43000030517578,37.56999969482422,37.029998779296875,37.380001068115234,539000
2017-12-28,37.59000015258789,37.599998474121094,37.27000045776367,37.380001068115234,333400
2017-12-29,37.369998931884766,37.77000045776367,37.130001068115234,37.150001525878906,558700
2018-01-02,37.34000015258789,37.959999084472656,37.20000076293945,37.720001220703125,855100
2018-01-03,38.189998626708984,38.959999084472656,38.13999938964844,38.61000061035156,884500
2018-01-04,38.900001525878906,39.36000061035156,38.63999938964844,38.95000076293945,1119700
2018-01-05,39.0,39.04999923706055,37.959999084472656,38.279998779296875,459100
2018-01-08,38.43000030517578,38.45000076293945,38.0,38.290000915527344,582400
2018-01-09,38.5,38.5,38.0099983215332,38.099998474121094,626400
2018-01-10,38.0,38.31999969482422,37.75,38.02000045776367,724000
2018-01-11,38.11000061035156,38.970001220703125,37.97999954223633,38.939998626708984,714400
2018-01-12,38.93000030517578,39.279998779296875,38.7599983215332,39.06999969482422,625300
2018-01-16,38.880001068115234,39.5099983215332,38.63999938964844,38.86000061035156,897300
2018-01-17,39.099998474121094,39.099998474121094,38.58000183105469,38.68000030517578,559700
2018-01-18,38.849998474121094,39.11000061035156,38.65999984741211,38.790000915527344,551500
2018-01-19,38.68000030517578,39.2400016784668,38.52000045776367,39.209999084472656,452400
2018-01-22,39.0,39.29999923706055,38.81999969482422,39.16999816894531,713100
2018-01-23,39.040000915527344,39.459999084472656,38.54999923706055,39.279998779296875,789000
2018-01-24,39.33000183105469,39.70000076293945,38.93000030517578,39.2599983215332,785400
2018-01-25,39.459999084472656,39.459999084472656,38.86000061035156,39.2599983215332,561200
2018-01-26,39.31999969482422,39.43000030517578,38.88999938964844,39.41999816894531,641300
2018-01-29,39.380001068115234,39.869998931884766,39.29999923706055,39.619998931884766,930500
2018-01-30,39.279998779296875,39.470001220703125,38.54999923706055,39.04999923706055,1074700
2018-01-31,39.75,39.900001525878906,38.81999969482422,39.11000061035156,859200
2018-02-01,38.88999938964844,39.31999969482422,38.68000030517578,38.939998626708984,541100
2018-02-02,38.70000076293945,38.880001068115234,37.66999816894531,37.9900016784668,1164700
2018-02-05,37.61000061035156,37.90999984741211,35.790000915527344,35.810001373291016,1678700
2018-02-06,35.369998931884766,36.88999938964844,33.880001068115234,36.09000015258789,2286300
2018-02-07,36.0,36.7599983215332,35.81999969482422,36.380001068115234,1211800
2018-02-08,36.36000061035156,36.38999938964844,34.5,34.5,1766400
2018-02-09,34.86000061035156,35.0099983215332,33.7400016784668,34.56999969482422,1507400
2018-02-12,35.060001373291016,35.209999084472656,34.15999984741211,34.939998626708984,1289000
2018-02-13,35.040000915527344,35.45000076293945,34.4900016784668,34.900001525878906,1142300
2018-02-14,34.5099983215332,35.33000183105469,34.09000015258789,35.2599983215332,1146200
2018-02-15,35.54999923706055,35.54999923706055,34.72999954223633,35.279998779296875,772000
2018-02-16,35.119998931884766,35.65999984741211,35.06999969482422,35.36000061035156,1210700
2018-02-20,35.2400016784668,35.70000076293945,34.93000030517578,35.130001068115234,924200
2018-02-21,35.18000030517578,35.560001373291016,34.939998626708984,34.959999084472656,647300
2018-02-22,35.369998931884766,35.9900016784668,34.9900016784668,35.7599983215332,2382100
2018-02-23,35.88999938964844,36.38999938964844,35.36000061035156,36.369998931884766,2253600
2018-02-26,36.38999938964844,36.81999969482422,35.790000915527344,36.75,1046400
2018-02-27,36.66999816894531,37.189998626708984,36.09000015258789,36.09000015258789,674800
2018-02-28,36.099998474121094,36.31999969482422,35.5,35.5099983215332,772100
2018-03-01,35.47999954223633,35.75,34.66999816894531,34.9900016784668,752400
2018-03-02,34.56999969482422,35.75,34.38999938964844,35.68000030517578,1060800
2018-03-05,35.369998931884766,36.25,35.220001220703125,36.15999984741211,1056300
2018-03-06,36.27000045776367,36.5099983215332,35.97999954223633,36.38999938964844,662100
2018-03-07,35.9900016784668,36.47999954223633,35.91999816894531,36.43000030517578,728600
2018-03-08,36.5,36.540000915527344,35.7400016784668,36.29999923706055,478300
2018-03-09,36.5,37.0099983215332,36.41999816894531,36.7599983215332,1122500
2018-03-12,36.599998474121094,36.77000045776367,36.349998474121094,36.380001068115234,700500
2018-03-13,36.56999969482422,37.220001220703125,36.27000045776367,36.400001525878906,868800
2018-03-14,36.689998626708984,36.900001525878906,36.209999084472656,36.36000061035156,942400
2018-03-15,36.380001068115234,36.7400016784668,36.04999923706055,36.38999938964844,801000
2018-03-16,36.380001068115234,36.959999084472656,36.380001068115234,36.65999984741211,1762100
2018-03-19,36.56999969482422,36.75,35.939998626708984,36.369998931884766,754500
2018-03-20,36.52000045776367,36.84000015258789,36.45000076293945,36.5099983215332,583900
2018-03-21,36.529998779296875,37.529998779296875,36.529998779296875,37.189998626708984,683000
2018-03-22,36.75,37.279998779296875,36.09000015258789,36.09000015258789,1077000
2018-03-23,36.13999938964844,36.150001525878906,34.43000030517578,34.4900016784668,819300
2018-03-26,35.06999969482422,35.58000183105469,34.52000045776367,35.5099983215332,776700
2018-03-27,35.720001220703125,35.77000045776367,34.52000045776367,34.7400016784668,673400
2018-03-28,34.81999969482422,35.09000015258789,34.599998474121094,34.72999954223633,506700
2018-03-29,34.93000030517578,35.84000015258789,34.93000030517578,35.630001068115234,633700
2018-04-02,35.4900016784668,35.70000076293945,34.38999938964844,34.81999969482422,500900
2018-04-03,35.029998779296875,35.68000030517578,34.849998474121094,35.58000183105469,902800
2018-04-04,34.869998931884766,36.0,34.869998931884766,35.93000030517578,828900
2018-04-05,36.04999923706055,36.29999923706055,35.869998931884766,36.02000045776367,533800
2018-04-06,35.709999084472656,35.959999084472656,34.470001220703125,34.970001220703125,414500
2018-04-09,35.33000183105469,35.75,35.029998779296875,35.04999923706055,501200
2018-04-10,35.7400016784668,36.06999969482422,35.369998931884766,35.88999938964844,532800
2018-04-11,35.54999923706055,35.9900016784668,35.41999816894531,35.900001525878906,323100
2018-04-12,36.060001373291016,36.380001068115234,36.0,36.08000183105469,348200
2018-04-13,36.31999969482422,36.34000015258789,35.720001220703125,36.02000045776367,417000
2018-04-16,36.16999816894531,36.45000076293945,36.02000045776367,36.34000015258789,308700
2018-04-17,36.5,36.81999969482422,36.45000076293945,36.619998931884766,550700
2018-04-18,36.70000076293945,36.95000076293945,36.599998474121094,36.75,415800
2018-04-19,36.79999923706055,36.970001220703125,36.36000061035156,36.5099983215332,431700
2018-04-20,36.4900016784668,36.61000061035156,35.86000061035156,36.0099983215332,368500
2018-04-23,36.040000915527344,36.619998931884766,35.97999954223633,36.08000183105469,968600
2018-04-24,36.29999923706055,36.65999984741211,35.470001220703125,35.70000076293945,707800
2018-04-25,35.65999984741211,35.81999969482422,35.31999969482422,35.4900016784668,712000
2018-04-26,35.650001525878906,35.68000030517578,34.689998626708984,34.939998626708984,1780700
2018-04-27,34.849998474121094,35.11000061035156,34.61000061035156,35.040000915527344,589100
2018-04-30,35.08000183105469,35.36000061035156,34.40999984741211,34.439998626708984,560900
2018-05-01,34.45000076293945,34.59000015258789,33.970001220703125,34.470001220703125,726300
2018-05-02,34.470001220703125,34.939998626708984,34.279998779296875,34.43000030517578,764100
2018-05-03,34.38999938964844,34.58000183105469,33.529998779296875,34.04999923706055,675200
2018-05-04,33.56999969482422,34.25,33.0,34.099998474121094,1681100
2018-05-07,34.20000076293945,34.869998931884766,33.90999984741211,34.529998779296875,1179100
2018-05-08,34.83000183105469,35.7599983215332,34.20000076293945,35.400001525878906,1685700
2018-05-09,35.439998626708984,35.459999084472656,34.0099983215332,34.290000915527344,1559400
2018-05-10,34.18000030517578,34.18000030517578,33.70000076293945,33.900001525878906,1853900
2018-05-11,34.0,34.11000061035156,33.06999969482422,33.25,1523000
2018-05-14,33.25,33.529998779296875,32.81999969482422,32.959999084472656,1411800
2018-05-15,32.88999938964844,33.41999816894531,32.68000030517578,33.400001525878906,1109300
2018-05-16,33.52000045776367,33.900001525878906,33.34000015258789,33.72999954223633,795600
2018-05-17,33.720001220703125,33.959999084472656,33.310001373291016,33.38999938964844,1040000
2018-05-18,33.470001220703125,33.619998931884766,33.06999969482422,33.06999969482422,682600
2018-05-21,33.2400016784668,33.5099983215332,33.09000015258789,33.349998474121094,1006500
2018-05-22,33.290000915527344,33.619998931884766,33.2599983215332,33.33000183105469,869500
2018-05-23,33.04999923706055,33.16999816894531,32.47999954223633,32.7599983215332,946400
2018-05-24,32.70000076293945,32.86000061035156,32.38999938964844,32.72999954223633,662400
2018-05-25,32.779998779296875,32.84000015258789,32.290000915527344,32.459999084472656,1015800
2018-05-29,32.20000076293945,32.810001373291016,32.20000076293945,32.66999816894531,733700
2018-05-30,32.88999938964844,33.630001068115234,32.83000183105469,33.45000076293945,1217900
2018-05-31,33.38999938964844,33.439998626708984,32.84000015258789,33.0,716700
2018-06-01,33.27000045776367,33.40999984741211,33.04999923706055,33.150001525878906,650000
2018-06-04,33.33000183105469,33.65999984741211,33.18000030517578,33.529998779296875,742200
2018-06-05,33.470001220703125,33.939998626708984,33.369998931884766,33.90999984741211,956100
2018-06-06,33.95000076293945,34.189998626708984,33.790000915527344,34.119998931884766,1010300
2018-06-07,34.279998779296875,34.369998931884766,33.93000030517578,34.220001220703125,1299500
2018-06-08,34.290000915527344,34.75,33.79999923706055,34.72999954223633,1040600
2018-06-11,34.68000030517578,34.689998626708984,34.349998474121094,34.439998626708984,444500
2018-06-12,34.47999954223633,34.630001068115234,34.29999923706055,34.40999984741211,453900
2018-06-13,34.400001525878906,34.400001525878906,33.869998931884766,33.900001525878906,682400
2018-06-14,34.060001373291016,34.2400016784668,33.45000076293945,33.630001068115234,986700
2018-06-15,33.470001220703125,33.58000183105469,33.130001068115234,33.380001068115234,1608600
2018-06-18,33.150001525878906,33.75,33.13999938964844,33.599998474121094,563600
2018-06-19,33.25,33.7400016784668,33.02000045776367,33.619998931884766,731700
2018-06-20,33.619998931884766,34.040000915527344,33.189998626708984,33.9900016784668,618400
2018-06-21,33.88999938964844,33.97999954223633,33.31999969482422,33.599998474121094,1209300
2018-06-22,34.029998779296875,34.20000076293945,33.439998626708984,33.4900016784668,812500
2018-06-25,33.33000183105469,33.40999984741211,32.45000076293945,32.93000030517578,1016700
2018-06-26,32.959999084472656,33.40999984741211,32.56999969482422,33.16999816894531,722100
2018-06-27,33.31999969482422,33.91999816894531,33.119998931884766,33.130001068115234,798100
2018-06-28,33.06999969482422,33.099998474121094,32.380001068115234,32.79999923706055,752800
2018-06-29,32.97999954223633,33.439998626708984,32.900001525878906,33.029998779296875,590800
2018-07-02,32.56999969482422,32.83000183105469,32.380001068115234,32.72999954223633,765600
2018-07-03,32.95000076293945,32.95000076293945,32.36000061035156,32.400001525878906,376200
2018-07-05,32.59000015258789,32.7400016784668,31.90999984741211,32.689998626708984,991800
2018-07-06,32.540000915527344,33.06999969482422,32.41999816894531,32.9900016784668,467700
2018-07-09,33.18000030517578,33.40999984741211,33.0099983215332,33.189998626708984,570400
2018-07-10,33.15999984741211,33.220001220703125,32.7599983215332,33.150001525878906,496600
2018-07-11,30.950000762939453,32.9900016784668,30.950000762939453,32.36000061035156,597300
2018-07-12,32.529998779296875,32.61000061035156,31.940000534057617,32.34000015258789,645400
2018-07-13,32.36000061035156,32.68000030517578,32.2400016784668,32.56999969482422,520900
2018-07-16,32.43000030517578,32.52000045776367,31.84000015258789,32.09000015258789,758300
2018-07-17,32.0,32.540000915527344,32.0,32.40999984741211,476200
2018-07-18,32.5099983215332,32.90999984741211,32.40999984741211,32.90999984741211,720600
2018-07-19,32.66999816894531,33.22999954223633,32.52000045776367,33.16999816894531,571600
2018-07-20,33.02000045776367,33.09000015258789,32.52000045776367,32.61000061035156,711700
2018-07-23,32.459999084472656,32.7599983215332,32.43000030517578,32.599998474121094,579000
2018-07-24,32.77000045776367,33.0,32.40999984741211,32.52000045776367,557200
2018-07-25,32.400001525878906,32.779998779296875,32.16999816894531,32.77000045776367,476300
2018-07-26,32.810001373291016,33.25,32.470001220703125,32.77000045776367,362800
2018-07-27,32.90999984741211,33.0,32.4900016784668,32.529998779296875,468400
2018-07-30,32.65999984741211,33.279998779296875,32.65999984741211,32.86000061035156,471700
2018-07-31,33.04999923706055,33.65999984741211,32.939998626708984,33.560001373291016,550800
2018-08-01,33.38999938964844,33.7599983215332,32.970001220703125,33.380001068115234,437200
2018-08-02,33.040000915527344,33.70000076293945,32.97999954223633,33.56999969482422,488900
2018-08-03,33.61000061035156,34.209999084472656,33.529998779296875,33.63999938964844,428500
2018-08-06,33.97999954223633,34.599998474121094,33.97999954223633,34.310001373291016,782800
2018-08-07,33.97999954223633,35.0,32.97999954223633,33.150001525878906,1905100
2018-08-08,33.13999938964844,34.060001373291016,32.97999954223633,33.93000030517578,945600
2018-08-09,34.02000045776367,34.18000030517578,33.5,33.72999954223633,733700
2018-08-10,33.34000015258789,33.81999969482422,33.22999954223633,33.630001068115234,1330700
2018-08-13,33.599998474121094,33.599998474121094,32.58000183105469,32.65999984741211,917200
2018-08-14,32.68000030517578,33.099998474121094,32.54999923706055,32.93000030517578,859600
2018-08-15,32.310001373291016,32.459999084472656,31.93000030517578,32.119998931884766,1218900
2018-08-16,32.16999816894531,32.88999938964844,32.130001068115234,32.68000030517578,794600
2018-08-17,32.720001220703125,33.040000915527344,32.63999938964844,32.90999984741211,672600
2018-08-20,32.95000076293945,33.22999954223633,32.810001373291016,33.130001068115234,980500
2018-08-21,33.310001373291016,33.7400016784668,33.310001373291016,33.52000045776367,515300
2018-08-22,33.540000915527344,33.849998474121094,33.400001525878906,33.630001068115234,436700
2018-08-23,33.599998474121094,33.689998626708984,33.349998474121094,33.4900016784668,668200
2018-08-24,33.540000915527344,33.66999816894531,33.27000045776367,33.52000045776367,887000
2018-08-27,33.68000030517578,34.119998931884766,33.400001525878906,33.56999969482422,824300
2018-08-28,33.599998474121094,33.88999938964844,33.45000076293945,33.650001525878906,631800
2018-08-29,33.66999816894531,33.9900016784668,33.4900016784668,33.93000030517578,549100
2018-08-30,33.939998626708984,34.04999923706055,33.31999969482422,33.54999923706055,618700
2018-08-31,33.38999938964844,33.68000030517578,33.27000045776367,33.63999938964844,535700
2018-09-04,33.5099983215332,33.61000061035156,32.61000061035156,33.0,723200
2018-09-05,32.869998931884766,33.29999923706055,32.790000915527344,33.2599983215332,849200
2018-09-06,33.290000915527344,33.599998474121094,33.02000045776367,33.02000045776367,604500
2018-09-07,32.88999938964844,33.02000045776367,32.56999969482422,32.790000915527344,531600
2018-09-10,32.97999954223633,33.06999969482422,32.66999816894531,32.75,959400
2018-09-11,32.619998931884766,32.77000045776367,32.0099983215332,32.2400016784668,969100
2018-09-12,32.209999084472656,32.279998779296875,31.90999984741211,32.22999954223633,1085200
2018-09-13,32.369998931884766,32.709999084472656,32.189998626708984,32.310001373291016,1061900
2018-09-14,32.2400016784668,32.63999938964844,32.16999816894531,32.439998626708984,1239400
2018-09-17,32.4900016784668,32.84000015258789,32.43000030517578,32.59000015258789,565300
2018-09-18,32.59000015258789,32.779998779296875,32.34000015258789,32.650001525878906,590500
2018-09-19,32.58000183105469,33.13999938964844,32.58000183105469,32.7400016784668,405200
2018-09-20,32.869998931884766,33.349998474121094,32.86000061035156,33.0099983215332,645800
2018-09-21,33.029998779296875,33.400001525878906,32.970001220703125,33.029998779296875,1081600
2018-09-24,32.97999954223633,33.0099983215332,32.63999938964844,32.84000015258789,561000
2018-09-25,32.84000015258789,33.040000915527344,32.4900016784668,32.709999084472656,792700
2018-09-26,32.689998626708984,32.900001525878906,32.439998626708984,32.5099983215332,730000
2018-09-27,32.5,32.77000045776367,32.369998931884766,32.619998931884766,525600
2018-09-28,32.56999969482422,32.88999938964844,32.54999923706055,32.65999984741211,643400
2018-10-01,32.75,33.11000061035156,32.65999984741211,32.779998779296875,519400
2018-10-02,32.68000030517578,33.060001373291016,32.63999938964844,32.84000015258789,591000
2018-10-03,32.97999954223633,33.029998779296875,32.540000915527344,32.77000045776367,898300
2018-10-04,32.61000061035156,32.88999938964844,32.40999984741211,32.72999954223633,581700
2018-10-05,32.65999984741211,32.790000915527344,32.40999984741211,32.459999084472656,926600
2018-10-08,32.22999954223633,32.540000915527344,32.150001525878906,32.439998626708984,573100
2018-10-09,32.400001525878906,32.68000030517578,32.310001373291016,32.36000061035156,560800
2018-10-10,32.29999923706055,32.41999816894531,31.850000381469727,31.93000030517578,1153200
2018-10-11,31.40999984741211,31.59000015258789,30.790000915527344,30.790000915527344,1283300
2018-10-12,31.0,31.260000228881836,30.3700008392334,30.75,1235100
2018-10-15,30.760000228881836,31.1299991607666,30.6200008392334,30.90999984741211,598800
2018-10-16,31.030000686645508,31.700000762939453,30.93000030517578,31.65999984741211,750200
2018-10-17,31.549999237060547,31.719999313354492,31.1200008392334,31.549999237060547,807200
2018-10-18,31.40999984741211,31.600000381469727,30.889999389648438,31.059999465942383,649200
2018-10-19,31.040000915527344,31.469999313354492,31.010000228881836,31.139999389648438,628200
2018-10-22,31.34000015258789,31.6200008392334,31.010000228881836,31.049999237060547,787000
2018-10-23,30.68000030517578,31.31999969482422,30.440000534057617,30.989999771118164,903100
2018-10-24,30.989999771118164,31.270000457763672,29.940000534057617,29.969999313354492,1167400
2018-10-25,30.290000915527344,30.6299991607666,29.989999771118164,30.399999618530273,709200
2018-10-26,29.90999984741211,30.530000686645508,29.399999618530273,30.1299991607666,944000
2018-10-29,30.639999389648438,30.75,29.3799991607666,29.770000457763672,966500
2018-10-30,29.780000686645508,29.8799991607666,29.229999542236328,29.469999313354492,1637000
2018-10-31,29.8700008392334,30.15999984741211,29.1299991607666,29.139999389648438,1158300
2018-11-01,29.270000457763672,30.450000762939453,29.200000762939453,30.389999389648438,736400
2018-11-02,30.670000076293945,31.100000381469727,30.600000381469727,30.860000610351562,1083500
2018-11-05,31.059999465942383,32.22999954223633,31.020000457763672,32.0,1232300
2018-11-06,31.860000610351562,32.880001068115234,31.799999237060547,32.689998626708984,1125900
2018-11-07,32.88999938964844,33.709999084472656,32.68000030517578,33.58000183105469,1276400
2018-11-08,33.619998931884766,33.84000015258789,33.290000915527344,33.47999954223633,850100
2018-11-09,33.11000061035156,33.220001220703125,32.41999816894531,32.720001220703125,993100
2018-11-12,31.0,32.29999923706055,29.43000030517578,30.979999542236328,2715700
2018-11-13,31.010000228881836,32.540000915527344,31.010000228881836,31.440000534057617,2020900
2018-11-14,31.579999923706055,32.70000076293945,31.540000915527344,32.4900016784668,2154300
2018-11-15,32.33000183105469,34.2400016784668,32.33000183105469,34.15999984741211,1815000
2018-11-16,33.86000061035156,34.13999938964844,32.849998474121094,32.939998626708984,2495400
2018-11-19,32.779998779296875,33.25,31.989999771118164,32.22999954223633,1475400
2018-11-20,31.889999389648438,31.889999389648438,30.280000686645508,30.790000915527344,1877500
2018-11-21,31.059999465942383,31.799999237060547,30.809999465942383,31.530000686645508,1028600
2018-11-23,31.18000030517578,32.11000061035156,31.18000030517578,31.709999084472656,658200
2018-11-26,32.0099983215332,32.900001525878906,31.780000686645508,32.86000061035156,1038100
2018-11-27,32.7400016784668,32.93000030517578,31.760000228881836,32.130001068115234,955400
2018-11-28,32.0,32.209999084472656,31.350000381469727,31.579999923706055,1727400
2018-11-29,31.559999465942383,31.8799991607666,31.239999771118164,31.40999984741211,1272500
2018-11-30,31.329999923706055,32.27000045776367,31.290000915527344,32.15999984741211,1186200
2018-12-03,32.630001068115234,32.9900016784668,31.309999465942383,31.5,951500
2018-12-04,31.450000762939453,31.540000915527344,30.040000915527344,30.110000610351562,1112000
2018-12-06,29.56999969482422,29.670000076293945,28.889999389648438,29.440000534057617,1262200
2018-12-07,29.459999084472656,29.829999923706055,28.3700008392334,28.579999923706055,1308100
2018-12-10,28.420000076293945,28.510000228881836,27.90999984741211,28.1299991607666,897800
2018-12-11,28.729999542236328,29.1299991607666,28.049999237060547,28.139999389648438,998700
2018-12-12,28.670000076293945,29.059999465942383,28.479999542236328,28.649999618530273,705800
2018-12-13,28.989999771118164,29.049999237060547,28.15999984741211,28.290000915527344,821500
2018-12-14,27.8700008392334,28.270000457763672,27.729999542236328,27.90999984741211,1336900
2018-12-17,27.770000457763672,28.010000228881836,27.149999618530273,27.5,1423500
2018-12-18,27.610000610351562,27.899999618530273,27.06999969482422,27.170000076293945,982300
2018-12-19,27.020000457763672,27.389999389648438,26.329999923706055,26.6200008392334,1203900
2018-12-20,26.489999771118164,26.739999771118164,25.450000762939453,25.969999313354492,1731900
2018-12-21,25.84000015258789,26.31999969482422,25.18000030517578,25.34000015258789,2929100
2018-12-24,25.239999771118164,25.459999084472656,24.8700008392334,24.920000076293945,728700
2018-12-26,25.0,26.399999618530273,24.829999923706055,26.3700008392334,773000
2018-12-27,25.8700008392334,26.329999923706055,25.6299991607666,26.31999969482422,1021200
2018-12-28,26.31999969482422,26.6200008392334,25.969999313354492,26.25,837200
2018-12-31,26.270000457763672,26.68000030517578,26.209999084472656,26.5,1028400
2019-01-02,26.09000015258789,27.100000381469727,25.979999542236328,26.8799991607666,1041300
2019-01-03,26.799999237060547,27.149999618530273,26.31999969482422,26.3700008392334,1027700
2019-01-04,26.8700008392334,27.770000457763672,26.65999984741211,27.739999771118164,862900
2019-01-07,27.549999237060547,28.520000457763672,27.549999237060547,28.270000457763672,1207900
2019-01-08,28.549999237060547,28.899999618530273,28.399999618530273,28.610000610351562,815700
2019-01-09,28.770000457763672,29.100000381469727,28.469999313354492,28.809999465942383,813600
2019-01-10,28.649999618530273,29.290000915527344,28.479999542236328,29.270000457763672,436500
2019-01-11,29.020000457763672,29.40999984741211,28.989999771118164,29.190000534057617,578500
2019-01-14,28.829999923706055,29.43000030517578,28.809999465942383,29.15999984741211,633200
2019-01-15,29.219999313354492,29.399999618530273,29.030000686645508,29.059999465942383,552700
2019-01-16,29.040000915527344,29.459999084472656,29.040000915527344,29.149999618530273,685400
2019-01-17,29.149999618530273,29.520000457763672,29.06999969482422,29.200000762939453,921300
2019-01-18,29.530000686645508,30.200000762939453,29.309999465942383,30.15999984741211,797100
2019-01-22,30.0,30.0,29.350000381469727,29.649999618530273,576200
2019-01-23,29.940000534057617,30.0,29.15999984741211,29.56999969482422,451700
2019-01-24,29.600000381469727,30.1200008392334,29.600000381469727,30.010000228881836,530800
2019-01-25,30.260000228881836,30.649999618530273,30.15999984741211,30.549999237060547,552000
2019-01-28,30.209999084472656,30.68000030517578,30.18000030517578,30.200000762939453,917100
2019-01-29,30.219999313354492,30.5,30.010000228881836,30.1200008392334,657600
2019-01-30,30.309999465942383,30.559999465942383,29.760000228881836,30.329999923706055,646300
2019-01-31,30.290000915527344,30.799999237060547,30.049999237060547,30.610000610351562,566300
2019-02-01,30.540000915527344,30.760000228881836,30.170000076293945,30.399999618530273,817900
2019-02-04,30.329999923706055,31.270000457763672,30.200000762939453,31.030000686645508,997500
2019-02-05,31.530000686645508,32.0,29.65999984741211,30.170000076293945,1889400
2019-02-06,30.200000762939453,30.59000015258789,29.700000762939453,30.079999923706055,1527700
2019-02-07,29.790000915527344,29.889999389648438,28.610000610351562,28.899999618530273,1583300
2019-02-08,28.700000762939453,28.979999542236328,28.110000610351562,28.799999237060547,1109900
2019-02-11,28.809999465942383,29.100000381469727,28.360000610351562,29.06999969482422,878700
2019-02-12,29.399999618530273,30.020000457763672,29.270000457763672,29.8799991607666,1057300
2019-02-13,29.90999984741211,30.280000686645508,29.510000228881836,30.1299991607666,823400
2019-02-14,29.950000762939453,30.389999389648438,29.8799991607666,30.049999237060547,730400
2019-02-15,30.260000228881836,30.6299991607666,30.15999984741211,30.440000534057617,1741400
2019-02-19,30.229999542236328,30.729999542236328,30.1200008392334,30.520000457763672,1018900
2019-02-20,30.56999969482422,31.079999923706055,30.489999771118164,30.979999542236328,1556200
2019-02-21,30.889999389648438,31.25,30.760000228881836,30.90999984741211,479200
2019-02-22,31.0,31.450000762939453,30.959999084472656,31.149999618530273,670100
2019-02-25,31.25,31.489999771118164,31.09000015258789,31.219999313354492,562100
2019-02-26,31.149999618530273,31.399999618530273,30.829999923706055,30.8700008392334,770300
2019-02-27,30.639999389648438,30.93000030517578,30.540000915527344,30.790000915527344,470300
2019-02-28,30.81999969482422,31.09000015258789,30.719999313354492,30.959999084472656,858100
2019-03-01,31.200000762939453,31.6299991607666,31.06999969482422,31.530000686645508,1225900
2019-03-04,31.68000030517578,31.8700008392334,30.93000030517578,31.290000915527344,649800
2019-03-05,31.299999237060547,31.440000534057617,30.770000457763672,30.989999771118164,407600
2019-03-06,31.020000457763672,31.190000534057617,30.489999771118164,30.510000228881836,395100
2019-03-07,30.469999313354492,30.469999313354492,29.959999084472656,30.170000076293945,1158700
2019-03-08,29.8700008392334,30.209999084472656,29.690000534057617,30.1299991607666,386600
2019-03-11,29.950000762939453,30.459999084472656,29.719999313354492,30.3799991607666,625600
2019-03-12,30.43000030517578,30.84000015258789,30.229999542236328,30.299999237060547,901700
2019-03-13,30.549999237060547,30.65999984741211,29.8700008392334,30.389999389648438,1019700
2019-03-14,30.479999542236328,30.649999618530273,30.219999313354492,30.31999969482422,951800
2019-03-15,30.3700008392334,30.59000015258789,30.209999084472656,30.31999969482422,1012300
2019-03-18,30.329999923706055,30.889999389648438,30.329999923706055,30.5,662200
2019-03-19,30.729999542236328,30.899999618530273,30.15999984741211,30.260000228881836,422900
2019-03-20,30.15999984741211,30.350000381469727,29.75,30.020000457763672,699700
2019-03-21,29.889999389648438,30.399999618530273,29.809999465942383,30.079999923706055,851900
2019-03-22,29.8700008392334,29.90999984741211,29.25,29.360000610351562,699700
2019-03-25,29.309999465942383,29.719999313354492,28.959999084472656,29.469999313354492,395700
2019-03-26,29.68000030517578,29.899999618530273,29.1299991607666,29.520000457763672,514200
2019-03-27,29.489999771118164,29.68000030517578,29.040000915527344,29.149999618530273,2150800
2019-03-28,29.209999084472656,29.690000534057617,29.15999984741211,29.510000228881836,537500
2019-03-29,29.81999969482422,29.989999771118164,29.450000762939453,29.670000076293945,1178500
2019-04-01,29.959999084472656,30.719999313354492,29.940000534057617,30.639999389648438,579900
2019-04-02,30.790000915527344,30.81999969482422,30.229999542236328,30.510000228881836,633400
2019-04-03,30.700000762939453,30.969999313354492,30.40999984741211,30.549999237060547,725900
2019-04-04,30.610000610351562,31.049999237060547,30.600000381469727,30.979999542236328,702800
2019-04-05,30.940000534057617,31.479999542236328,30.940000534057617,31.25,689300
2019-04-08,31.149999618530273,31.469999313354492,31.049999237060547,31.440000534057617,832100
2019-04-09,31.170000076293945,31.209999084472656,30.799999237060547,30.84000015258789,405800
2019-04-10,30.84000015258789,31.260000228881836,30.719999313354492,31.149999618530273,621100
2019-04-11,31.139999389648438,31.639999389648438,30.969999313354492,31.520000457763672,776000
2019-04-12,31.700000762939453,32.310001373291016,31.600000381469727,31.989999771118164,752600
2019-04-15,31.90999984741211,32.5,31.860000610351562,32.13999938964844,732900
2019-04-16,32.20000076293945,32.529998779296875,32.20000076293945,32.369998931884766,506700
2019-04-17,32.400001525878906,32.709999084472656,32.33000183105469,32.5,980600
2019-04-18,32.52000045776367,32.81999969482422,32.459999084472656,32.790000915527344,504200
2019-04-22,32.72999954223633,32.869998931884766,32.470001220703125,32.810001373291016,427400
2019-04-23,32.75,33.56999969482422,32.65999984741211,33.56999969482422,816900
2019-04-24,33.38999938964844,33.83000183105469,33.349998474121094,33.79999923706055,875300
2019-04-25,33.599998474121094,33.599998474121094,32.91999816894531,32.959999084472656,698200
2019-04-26,33.04999923706055,33.38999938964844,32.81999969482422,33.150001525878906,758500
2019-04-29,33.150001525878906,33.5,33.029998779296875,33.220001220703125,559200
2019-04-30,33.209999084472656,34.150001525878906,33.209999084472656,33.900001525878906,1412100
2019-05-01,33.91999816894531,34.099998474121094,33.43000030517578,33.470001220703125,1181800
2019-05-02,33.06999969482422,33.58000183105469,32.59000015258789,33.11000061035156,1145200
2019-05-03,33.52000045776367,33.77000045776367,33.209999084472656,33.619998931884766,1225900
2019-05-06,32.93000030517578,33.7599983215332,32.79999923706055,33.68000030517578,978900
2019-05-07,33.16999816894531,33.599998474121094,32.7599983215332,33.11000061035156,1332900
2019-05-08,33.29999923706055,34.13999938964844,33.06999969482422,33.7400016784668,1837400
2019-05-09,33.779998779296875,34.279998779296875,33.529998779296875,33.86000061035156,1480500
2019-05-10,33.779998779296875,33.959999084472656,32.959999084472656,33.7400016784668,774200
2019-05-13,33.029998779296875,33.119998931884766,32.72999954223633,32.939998626708984,709700
2019-05-14,33.0099983215332,33.470001220703125,33.0,33.209999084472656,555200
2019-05-15,32.869998931884766,33.400001525878906,32.86000061035156,33.18000030517578,558700
2019-05-16,33.290000915527344,33.59000015258789,33.25,33.290000915527344,386100
2019-05-17,32.97999954223633,33.400001525878906,32.79999923706055,32.84000015258789,682900
2019-05-20,32.630001068115234,32.900001525878906,32.560001373291016,32.75,750300
2019-05-21,33.029998779296875,33.2599983215332,32.88999938964844,32.9900016784668,545500
2019-05-22,32.79999923706055,32.939998626708984,32.27000045776367,32.279998779296875,712100
2019-05-23,31.8799991607666,31.8799991607666,31.350000381469727,31.559999465942383,702900
2019-05-24,31.780000686645508,31.969999313354492,31.399999618530273,31.559999465942383,470900
2019-05-28,31.600000381469727,31.790000915527344,31.219999313354492,31.239999771118164,928800
2019-05-29,31.049999237060547,31.350000381469727,30.969999313354492,31.219999313354492,860100
2019-05-30,31.25,31.739999771118164,31.209999084472656,31.43000030517578,903400
2019-05-31,31.170000076293945,32.0099983215332,30.979999542236328,31.899999618530273,1888700
2019-06-03,31.860000610351562,32.58000183105469,31.75,32.33000183105469,1378300
2019-06-04,32.65999984741211,33.33000183105469,32.540000915527344,33.16999816894531,1237600
2019-06-05,33.130001068115234,33.459999084472656,32.65999984741211,33.290000915527344,1180300
2019-06-06,33.2400016784668,33.400001525878906,32.959999084472656,33.18000030517578,1549900
2019-06-07,33.25,33.65999984741211,33.209999084472656,33.470001220703125,1074100
2019-06-10,33.59000015258789,33.97999954223633,33.40999984741211,33.45000076293945,941000
2019-06-11,33.72999954223633,33.79999923706055,33.33000183105469,33.43000030517578,1244200
2019-06-12,33.22999954223633,33.31999969482422,32.900001525878906,33.20000076293945,898700
2019-06-13,33.369998931884766,33.56999969482422,33.2599983215332,33.41999816894531,825000
2019-06-14,33.369998931884766,33.56999969482422,33.16999816894531,33.400001525878906,1004000
2019-06-17,34.099998474121094,35.7599983215332,34.0,35.16999816894531,3167300
2019-06-18,35.400001525878906,36.0,35.400001525878906,35.81999969482422,1997700
2019-06-19,35.939998626708984,36.599998474121094,35.689998626708984,36.540000915527344,1133400
2019-06-20,37.0,37.58000183105469,36.52000045776367,36.72999954223633,2751700
2019-06-21,36.4900016784668,36.90999984741211,36.2599983215332,36.599998474121094,1868000
2019-06-24,36.68000030517578,36.869998931884766,36.470001220703125,36.540000915527344,978100
2019-06-25,36.61000061035156,36.79999923706055,36.459999084472656,36.59000015258789,1342300
2019-06-26,36.56999969482422,37.02000045776367,36.279998779296875,36.869998931884766,1295000
2019-06-27,36.939998626708984,37.459999084472656,36.869998931884766,37.41999816894531,740700
2019-06-28,37.4900016784668,37.939998626708984,37.310001373291016,37.849998474121094,1454300
2019-07-01,38.0,38.20000076293945,37.599998474121094,37.779998779296875,815900
2019-07-02,37.70000076293945,37.75,37.25,37.38999938964844,922700
2019-07-03,37.45000076293945,37.54999923706055,37.16999816894531,37.459999084472656,297500
2019-07-05,37.22999954223633,37.310001373291016,36.849998474121094,37.290000915527344,553300
2019-07-08,37.04999923706055,37.33000183105469,36.939998626708984,36.95000076293945,526500
2019-07-09,36.720001220703125,37.08000183105469,36.65999984741211,37.0,492200
2019-07-10,37.09000015258789,37.13999938964844,36.560001373291016,36.79999923706055,797500
2019-07-11,36.83000183105469,36.91999816894531,36.41999816894531,36.68000030517578,858800
2019-07-12,36.88999938964844,37.43000030517578,36.869998931884766,37.369998931884766,504700
2019-07-15,37.400001525878906,37.52000045776367,37.22999954223633,37.36000061035156,371500
2019-07-16,37.380001068115234,37.7400016784668,37.040000915527344,37.36000061035156,1016800
2019-07-17,37.290000915527344,37.369998931884766,36.849998474121094,36.939998626708984,399300
2019-07-18,36.84000015258789,36.880001068115234,36.33000183105469,36.5,685800
2019-07-19,36.599998474121094,36.810001373291016,36.380001068115234,36.5099983215332,1070000
2019-07-22,36.560001373291016,36.599998474121094,36.0099983215332,36.02000045776367,733100
2019-07-23,36.25,36.4900016784668,36.15999984741211,36.439998626708984,926500
2019-07-24,36.31999969482422,36.939998626708984,36.29999923706055,36.86000061035156,700400
2019-07-25,37.0,37.2599983215332,36.630001068115234,36.650001525878906,523000
2019-07-26,36.650001525878906,36.97999954223633,36.540000915527344,36.880001068115234,514500
2019-07-29,36.86000061035156,37.08000183105469,36.56999969482422,36.68000030517578,964500
2019-07-30,36.40999984741211,36.779998779296875,36.04999923706055,36.7599983215332,561300
2019-07-31,36.70000076293945,36.900001525878906,35.720001220703125,35.95000076293945,929700
2019-08-01,35.86000061035156,35.939998626708984,34.560001373291016,34.91999816894531,989000
2019-08-02,34.5,34.779998779296875,33.88999938964844,34.400001525878906,1005300
2019-08-05,33.880001068115234,33.91999816894531,33.220001220703125,33.439998626708984,902300
2019-08-06,33.06999969482422,33.880001068115234,32.459999084472656,33.400001525878906,1472400
2019-08-07,32.9900016784668,33.560001373291016,32.29999923706055,33.470001220703125,2022200
2019-08-08,33.790000915527344,34.5099983215332,33.7400016784668,34.439998626708984,1169200
2019-08-09,34.439998626708984,34.47999954223633,33.880001068115234,33.90999984741211,489100
2019-08-12,33.65999984741211,33.790000915527344,33.02000045776367,33.220001220703125,573300
2019-08-13,33.25,33.97999954223633,33.0,33.58000183105469,859500
2019-08-14,32.959999084472656,32.97999954223633,32.290000915527344,32.47999954223633,983100
2019-08-15,32.470001220703125,32.75,32.279998779296875,32.439998626708984,705100
2019-08-16,32.689998626708984,33.029998779296875,32.4900016784668,32.939998626708984,832500
2019-08-19,34.099998474121094,34.209999084472656,32.279998779296875,33.939998626708984,836100
2019-08-20,33.70000076293945,33.970001220703125,33.54999923706055,33.75,582800
2019-08-21,34.099998474121094,34.2400016784668,33.77000045776367,33.81999969482422,624100
2019-08-22,33.959999084472656,34.119998931884766,33.4900016784668,33.599998474121094,507500
2019-08-23,33.400001525878906,34.040000915527344,33.189998626708984,33.400001525878906,1208400
2019-08-26,33.68000030517578,33.849998474121094,33.310001373291016,33.70000076293945,1005900
2019-08-27,33.779998779296875,34.099998474121094,33.04999923706055,33.18000030517578,1020700
2019-08-28,33.16999816894531,33.83000183105469,33.040000915527344,33.63999938964844,1133200
2019-08-29,33.9900016784668,35.22999954223633,33.95000076293945,35.18000030517578,1386300
2019-08-30,35.38999938964844,35.72999954223633,35.209999084472656,35.47999954223633,684800
2019-09-03,35.119998931884766,35.13999938964844,34.630001068115234,34.91999816894531,765100
2019-09-04,35.33000183105469,36.220001220703125,35.220001220703125,36.130001068115234,898300
2019-09-05,36.5,37.61000061035156,36.5,37.08000183105469,1104700
2019-09-06,37.11000061035156,37.77000045776367,37.11000061035156,37.529998779296875,1169500
2019-09-09,37.70000076293945,38.34000015258789,37.34000015258789,38.2400016784668,1387700
2019-09-10,38.310001373291016,38.40999984741211,37.790000915527344,38.0,1266900
2019-09-11,38.09000015258789,38.40999984741211,37.93000030517578,38.38999938964844,782800
2019-09-12,38.27000045776367,38.75,37.95000076293945,38.029998779296875,1077600
2019-09-13,38.189998626708984,38.31999969482422,37.7400016784668,37.79999923706055,827500
2019-09-16,37.40999984741211,38.369998931884766,37.40999984741211,38.13999938964844,872600
2019-09-17,37.939998626708984,38.650001525878906,37.77000045776367,38.43000030517578,989200
2019-09-18,38.33000183105469,38.61000061035156,38.06999969482422,38.310001373291016,919900
2019-09-19,38.34000015258789,38.43000030517578,37.7400016784668,37.869998931884766,1056000
2019-09-20,38.099998474121094,38.290000915527344,37.29999923706055,37.560001373291016,1761300
2019-09-23,37.189998626708984,37.88999938964844,37.0,37.619998931884766,877900
2019-09-24,37.75,37.790000915527344,37.06999969482422,37.209999084472656,1051400
2019-09-25,37.189998626708984,37.720001220703125,37.099998474121094,37.47999954223633,1403400
2019-09-26,37.41999816894531,37.70000076293945,37.220001220703125,37.45000076293945,821000
2019-09-27,37.52000045776367,37.650001525878906,37.11000061035156,37.290000915527344,629700
2019-09-30,37.310001373291016,37.689998626708984,37.279998779296875,37.560001373291016,834000
2019-10-01,37.779998779296875,37.869998931884766,36.68000030517578,36.70000076293945,1033500
2019-10-02,36.529998779296875,36.709999084472656,36.04999923706055,36.08000183105469,1330100
2019-10-03,36.0,36.41999816894531,35.81999969482422,36.400001525878906,1015100
2019-10-04,36.36000061035156,37.0099983215332,36.36000061035156,36.959999084472656,476700
2019-10-07,36.869998931884766,37.150001525878906,36.650001525878906,36.790000915527344,454500
2019-10-08,36.40999984741211,36.61000061035156,36.13999938964844,36.29999923706055,511000
2019-10-09,36.720001220703125,37.0099983215332,36.400001525878906,36.599998474121094,857000
2019-10-10,36.66999816894531,37.189998626708984,36.61000061035156,36.81999969482422,466100
2019-10-11,37.38999938964844,37.880001068115234,37.11000061035156,37.15999984741211,923800
2019-10-14,39.720001220703125,40.25,38.599998474121094,39.5,4532600
2019-10-15,39.5,40.560001373291016,39.040000915527344,40.099998474121094,2138400
2019-10-16,39.7599983215332,40.849998474121094,39.7400016784668,40.54999923706055,1240700
2019-10-17,40.66999816894531,41.25,40.56999969482422,41.08000183105469,950700
2019-10-18,40.939998626708984,41.459999084472656,40.779998779296875,41.060001373291016,1428900
2019-10-21,41.31999969482422,41.849998474121094,41.0099983215332,41.029998779296875,1400600
2019-10-22,41.119998931884766,41.31999969482422,40.41999816894531,40.939998626708984,1241400
2019-10-23,41.0099983215332,41.02000045776367,40.59000015258789,40.83000183105469,514600
2019-10-24,40.77000045776367,40.83000183105469,40.369998931884766,40.59000015258789,718200
2019-10-25,40.40999984741211,40.7400016784668,40.029998779296875,40.369998931884766,1314000
2019-10-28,40.56999969482422,40.95000076293945,40.349998474121094,40.560001373291016,1038600
2019-10-29,40.34000015258789,41.130001068115234,40.34000015258789,40.900001525878906,827600
2019-10-30,40.93000030517578,40.93000030517578,40.5099983215332,40.88999938964844,664900
2019-10-31,40.66999816894531,40.7599983215332,39.869998931884766,40.0099983215332,1263300
2019-11-01,40.0,40.93000030517578,40.0,40.869998931884766,1120400
2019-11-04,41.15999984741211,41.70000076293945,40.88999938964844,41.61000061035156,827200
2019-11-05,42.20000076293945,42.869998931884766,42.04999923706055,42.209999084472656,1580600
2019-11-06,42.08000183105469,42.130001068115234,41.58000183105469,41.9900016784668,1192000
2019-11-07,42.150001525878906,42.619998931884766,42.02000045776367,42.22999954223633,1414000
2019-11-08,42.11000061035156,42.59000015258789,42.060001373291016,42.439998626708984,754900
2019-11-11,42.45000076293945,43.15999984741211,41.900001525878906,43.0,1277000
2019-11-12,42.9900016784668,44.36000061035156,42.5,43.11000061035156,2270200
2019-11-13,42.83000183105469,43.099998474121094,42.189998626708984,42.2400016784668,1138200
2019-11-14,42.40999984741211,43.65999984741211,42.38999938964844,43.5099983215332,1392100
2019-11-15,43.7599983215332,43.869998931884766,43.029998779296875,43.189998626708984,940800
2019-11-18,42.84000015258789,42.849998474121094,42.47999954223633,42.650001525878906,961200
2019-11-19,42.810001373291016,42.880001068115234,42.52000045776367,42.59000015258789,750400
2019-11-20,42.310001373291016,42.849998474121094,42.150001525878906,42.63999938964844,1145900
2019-11-21,42.709999084472656,42.790000915527344,42.209999084472656,42.40999984741211,808900
2019-11-22,42.650001525878906,42.95000076293945,42.38999938964844,42.65999984741211,1500500
2019-11-25,42.83000183105469,43.43000030517578,42.68000030517578,42.959999084472656,1097900
2019-11-26,42.97999954223633,43.220001220703125,42.63999938964844,42.86000061035156,798900
2019-11-27,43.220001220703125,44.15999984741211,43.209999084472656,43.84000015258789,1398300
2019-11-29,43.75,43.900001525878906,43.310001373291016,43.33000183105469,357400
2019-12-02,43.15999984741211,43.529998779296875,42.54999923706055,42.650001525878906,868200
2019-12-03,42.099998474121094,42.529998779296875,42.0,42.5099983215332,884000
2019-12-04,42.52000045776367,42.650001525878906,41.90999984741211,41.93000030517578,880500
2019-12-05,42.099998474121094,42.310001373291016,41.72999954223633,41.970001220703125,940000
2019-12-06,42.380001068115234,42.68000030517578,41.91999816894531,42.150001525878906,1098700
2019-12-09,42.09000015258789,42.40999984741211,41.91999816894531,42.29999923706055,786000
2019-12-10,42.470001220703125,42.959999084472656,42.380001068115234,42.689998626708984,1144200
2019-12-11,42.869998931884766,43.09000015258789,42.70000076293945,42.81999969482422,1539800
2019-12-12,42.86000061035156,43.65999984741211,42.65999984741211,43.349998474121094,1281300
2019-12-13,43.470001220703125,43.630001068115234,42.779998779296875,42.880001068115234,895400
2019-12-16,43.209999084472656,43.380001068115234,42.97999954223633,43.060001373291016,1002800
2019-12-17,43.0099983215332,43.439998626708984,42.9900016784668,43.2599983215332,787900
2019-12-18,43.040000915527344,43.310001373291016,42.880001068115234,42.88999938964844,852200
2019-12-19,42.86000061035156,43.220001220703125,42.779998779296875,43.02000045776367,965400
2019-12-20,43.22999954223633,43.709999084472656,43.060001373291016,43.59000015258789,2026500
2019-12-23,43.650001525878906,43.900001525878906,43.400001525878906,43.84000015258789,2014500
2019-12-24,43.900001525878906,43.959999084472656,43.2400016784668,43.290000915527344,660800
2019-12-26,43.36000061035156,43.599998474121094,43.279998779296875,43.599998474121094,555900
2019-12-27,43.599998474121094,43.720001220703125,43.09000015258789,43.15999984741211,795800
2019-12-30,43.15999984741211,43.54999923706055,43.150001525878906,43.369998931884766,494400
2019-12-31,43.29999923706055,43.63999938964844,43.130001068115234,43.130001068115234,653400
2020-01-02,43.29999923706055,43.459999084472656,42.52000045776367,42.97999954223633,855300
2020-01-03,42.400001525878906,42.91999816894531,42.25,42.81999969482422,943800
2020-01-06,42.650001525878906,42.79999923706055,42.2599983215332,42.75,865500
2020-01-07,42.650001525878906,43.22999954223633,42.43000030517578,43.099998474121094,827200
2020-01-08,43.04999923706055,43.900001525878906,42.849998474121094,43.72999954223633,1288200
2020-01-09,43.91999816894531,45.95000076293945,43.900001525878906,45.86000061035156,2524900
2020-01-10,45.83000183105469,46.5099983215332,45.79999923706055,46.15999984741211,1995600
2020-01-13,46.220001220703125,47.2599983215332,45.91999816894531,47.08000183105469,1553300
2020-01-14,49.02000045776367,50.31999969482422,48.61000061035156,49.7400016784668,5970700
2020-01-15,49.709999084472656,50.189998626708984,48.849998474121094,49.41999816894531,3207000
2020-01-16,49.869998931884766,50.27000045776367,49.709999084472656,50.27000045776367,1957200
2020-01-17,50.16999816894531,50.52000045776367,50.06999969482422,50.33000183105469,962000
2020-01-21,49.93000030517578,50.349998474121094,49.66999816894531,49.810001373291016,1259700
2020-01-22,49.790000915527344,49.90999984741211,49.20000076293945,49.58000183105469,939000
2020-01-23,49.5,50.040000915527344,49.20000076293945,49.880001068115234,1227800
2020-01-24,49.939998626708984,49.9900016784668,49.150001525878906,49.65999984741211,644300
2020-01-27,48.599998474121094,49.310001373291016,48.369998931884766,48.81999969482422,926800
2020-01-28,49.150001525878906,49.40999984741211,48.70000076293945,49.220001220703125,1173500
2020-01-29,49.2400016784668,49.779998779296875,49.099998474121094,49.470001220703125,1257400
2020-01-30,48.880001068115234,49.619998931884766,48.72999954223633,49.29999923706055,1171500
2020-01-31,49.0,49.290000915527344,48.09000015258789,48.22999954223633,2742400
2020-02-03,47.0,49.0,47.0,47.599998474121094,2918800
2020-02-04,48.220001220703125,48.84000015258789,47.45000076293945,47.47999954223633,1979100
2020-02-05,47.59000015258789,48.0,47.349998474121094,47.58000183105469,1321600
2020-02-06,47.56999969482422,48.0099983215332,47.290000915527344,47.70000076293945,1778200
2020-02-07,47.560001373291016,47.709999084472656,47.09000015258789,47.099998474121094,1474700
2020-02-10,47.0,47.540000915527344,46.900001525878906,47.18000030517578,837000
2020-02-11,47.56999969482422,47.7599983215332,47.310001373291016,47.36000061035156,869600
2020-02-12,47.709999084472656,48.09000015258789,47.400001525878906,47.79999923706055,1192400
2020-02-13,47.720001220703125,48.060001373291016,47.43000030517578,47.84000015258789,1318000
2020-02-14,47.90999984741211,48.09000015258789,47.61000061035156,47.790000915527344,1077200
2020-02-18,47.40999984741211,47.77000045776367,47.16999816894531,47.2400016784668,1810500
2020-02-19,47.72999954223633,51.45000076293945,47.72999954223633,50.75,4873900
2020-02-20,50.529998779296875,52.08000183105469,50.4900016784668,51.369998931884766,3287700
2020-02-21,51.0,52.06999969482422,50.93000030517578,51.91999816894531,1730000
2020-02-24,49.810001373291016,50.65999984741211,49.7400016784668,50.4900016784668,1942300
2020-02-25,50.5099983215332,50.72999954223633,48.93000030517578,49.0099983215332,1637200
2020-02-26,49.13999938964844,49.43000030517578,47.849998474121094,47.86000061035156,1452700
2020-02-27,46.88999938964844,47.88999938964844,45.33000183105469,46.11000061035156,2764600
2020-02-28,44.79999923706055,45.349998474121094,43.650001525878906,44.939998626708984,2804300
2020-03-02,45.119998931884766,45.77000045776367,43.869998931884766,45.650001525878906,2614000
2020-03-03,45.86000061035156,48.310001373291016,45.0,47.66999816894531,2764800
2020-03-04,48.33000183105469,52.400001525878906,48.310001373291016,49.97999954223633,6351700
2020-03-05,48.790000915527344,49.90999984741211,47.029998779296875,47.22999954223633,3073900
2020-03-06,45.22999954223633,45.70000076293945,43.4900016784668,44.779998779296875,4157700
2020-03-09,41.189998626708984,42.2400016784668,38.189998626708984,38.529998779296875,4399900
2020-03-10,40.20000076293945,40.88999938964844,36.11000061035156,39.43000030517578,4160800
2020-03-11,38.150001525878906,38.41999816894531,35.65999984741211,36.400001525878906,4357700
2020-03-12,34.0,34.0,30.0,30.850000381469727,4647400
2020-03-13,32.90999984741211,33.439998626708984,31.219999313354492,33.400001525878906,2438100
2020-03-16,29.8799991607666,29.8799991607666,24.350000381469727,27.760000228881836,5507900
2020-03-17,28.229999542236328,28.43000030517578,26.280000686645508,27.93000030517578,3944900
2020-03-18,25.780000686645508,25.780000686645508,21.760000228881836,23.81999969482422,3224300
2020-03-19,23.520000457763672,26.18000030517578,21.770000457763672,25.600000381469727,2385300
2020-03-20,26.399999618530273,27.610000610351562,25.290000915527344,25.549999237060547,3389400
2020-03-23,25.43000030517578,26.520000457763672,23.579999923706055,24.520000457763672,1333400
2020-03-24,26.0,27.479999542236328,25.440000534057617,25.860000610351562,3306600
2020-03-25,26.690000534057617,28.969999313354492,25.43000030517578,27.059999465942383,2837600
2020-03-26,27.559999465942383,30.68000030517578,27.1299991607666,29.639999389648438,2159800
2020-03-27,28.56999969482422,29.290000915527344,27.790000915527344,28.75,3173300
2020-03-30,28.530000686645508,29.389999389648438,27.149999618530273,28.579999923706055,5099100
2020-03-31,28.440000534057617,30.040000915527344,27.649999618530273,29.850000381469727,5408100
2020-04-01,28.329999923706055,28.530000686645508,26.760000228881836,27.190000534057617,1911800
2020-04-02,27.059999465942383,28.780000686645508,26.969999313354492,27.530000686645508,1320400
2020-04-03,27.440000534057617,27.899999618530273,25.809999465942383,26.190000534057617,1518300
2020-04-06,27.600000381469727,28.790000915527344,27.139999389648438,28.270000457763672,2454000
2020-04-07,30.040000915527344,30.610000610351562,28.84000015258789,29.299999237060547,2789100
2020-04-08,29.860000610351562,31.389999389648438,29.040000915527344,31.31999969482422,1615000
2020-04-09,32.369998931884766,34.709999084472656,31.84000015258789,33.08000183105469,3590900
2020-04-13,33.25,33.459999084472656,31.010000228881836,32.790000915527344,2273800
2020-04-14,33.369998931884766,34.0099983215332,32.65999984741211,33.61000061035156,1293800
2020-04-15,32.130001068115234,32.54999923706055,31.3700008392334,31.829999923706055,1698000
2020-04-16,31.75,31.780000686645508,30.65999984741211,31.1299991607666,1723900
2020-04-17,32.27000045776367,33.09000015258789,32.08000183105469,32.849998474121094,1835000
2020-04-20,31.8799991607666,33.880001068115234,31.760000228881836,32.459999084472656,1810100
2020-04-21,31.40999984741211,32.22999954223633,31.399999618530273,31.579999923706055,1123500
2020-04-22,32.58000183105469,33.20000076293945,31.959999084472656,32.25,1328800
2020-04-23,32.95000076293945,33.84000015258789,32.619998931884766,33.15999984741211,2151000
2020-04-24,33.15999984741211,34.060001373291016,32.59000015258789,33.959999084472656,2596700
2020-04-27,34.25,35.13999938964844,34.06999969482422,34.7599983215332,2688800
2020-04-28,36.13999938964844,36.63999938964844,35.61000061035156,35.900001525878906,2201800
2020-04-29,36.83000183105469,37.47999954223633,36.040000915527344,36.880001068115234,1835400
2020-04-30,36.15999984741211,36.83000183105469,35.52000045776367,36.2599983215332,1689000
2020-05-01,35.52000045776367,35.689998626708984,34.40999984741211,35.0099983215332,1080800
2020-05-04,34.34000015258789,34.779998779296875,33.75,34.400001525878906,1484500
2020-05-05,35.40999984741211,36.4900016784668,35.20000076293945,35.29999923706055,1982500
2020-05-06,35.95000076293945,36.20000076293945,34.5099983215332,35.43000030517578,1730000
2020-05-07,36.0,36.36000061035156,34.56999969482422,35.150001525878906,1385300
2020-05-08,36.15999984741211,36.41999816894531,35.779998779296875,36.13999938964844,1954500
2020-05-11,35.4900016784668,35.66999816894531,34.90999984741211,34.97999954223633,2288200
2020-05-12,35.18000030517578,35.2599983215332,32.849998474121094,32.86000061035156,1121500
2020-05-13,32.5,32.79999923706055,29.729999542236328,30.149999618530273,2208700
2020-05-14,30.06999969482422,31.09000015258789,28.8700008392334,30.989999771118164,2566100
2020-05-15,30.600000381469727,32.189998626708984,30.1299991607666,32.02000045776367,1870600
2020-05-18,33.0,34.83000183105469,33.0,34.689998626708984,1654700
2020-05-19,34.38999938964844,35.11000061035156,33.900001525878906,33.91999816894531,1180700
2020-05-20,34.68000030517578,35.779998779296875,34.59000015258789,35.52000045776367,1601300
2020-05-21,35.560001373291016,36.13999938964844,35.27000045776367,35.630001068115234,2579700
2020-05-22,35.61000061035156,36.150001525878906,35.38999938964844,35.81999969482422,1430100
2020-05-26,37.52000045776367,38.7599983215332,37.400001525878906,38.16999816894531,1597400
2020-05-27,39.650001525878906,39.650001525878906,37.77000045776367,39.20000076293945,2152800
2020-05-28,39.619998931884766,39.619998931884766,38.41999816894531,38.68000030517578,1480000
2020-05-29,38.099998474121094,39.349998474121094,37.970001220703125,38.77000045776367,2447700
2020-06-01,38.86000061035156,39.68000030517578,38.470001220703125,39.209999084472656,1278200
2020-06-02,40.349998474121094,43.59000015258789,40.25,43.47999954223633,4908900
2020-06-03,44.150001525878906,44.68000030517578,42.900001525878906,43.95000076293945,4135700
2020-06-04,43.470001220703125,44.38999938964844,43.18000030517578,44.150001525878906,2023800
2020-06-05,45.2400016784668,46.279998779296875,44.91999816894531,45.439998626708984,2303000
2020-06-08,46.72999954223633,46.72999954223633,44.959999084472656,45.150001525878906,1119900
2020-06-09,43.88999938964844,44.65999984741211,43.29999923706055,44.11000061035156,1734800
2020-06-10,43.959999084472656,43.9900016784668,41.52000045776367,41.619998931884766,1771300
2020-06-11,40.18000030517578,40.2599983215332,38.27000045776367,38.40999984741211,2191800
2020-06-12,40.439998626708984,40.439998626708984,38.54999923706055,39.849998474121094,2214700
