Ticker,Date,Net Flows*
XNTK,2018-09-07,0.0
XLY,2018-09-07,40.45
IVV,2018-09-07,-246.61
EWU,2018-09-07,0.0
IWR,2018-09-07,0.0
IYJ,2018-09-07,-15.52
ILF,2018-09-07,0.0
IJK,2018-09-07,0.0
IXG,2018-09-07,0.0
SPY,2018-09-07,-576.14
XLF,2018-09-07,-24.09
IOO,2018-09-07,4.78
IJJ,2018-09-07,0.0
EWA,2018-09-07,0.0
IGV,2018-09-07,-9.87
IVW,2018-09-07,104.33
IVE,2018-09-07,58.03
IYC,2018-09-07,0.0
XLK,2018-09-07,-162.36
IGN,2018-09-07,0.0
IUSV,2018-09-07,0.0
IGM,2018-09-07,0.0
EWT,2018-09-07,0.0
IWO,2018-09-07,0.0
XLP,2018-09-07,46.3
IGE,2018-09-07,0.0
EWI,2018-09-07,0.0
IJR,2018-09-07,0.0
IDU,2018-09-07,0.0
ICF,2018-09-07,0.0
IUSG,2018-09-07,0.0
XLB,2018-09-07,0.0
EZU,2018-09-07,-92.44
IBB,2018-09-07,-118.36
EWZ,2018-09-07,0.0
IEV,2018-09-07,0.0
IEF,2018-09-07,0.0
EPP,2018-09-07,0.0
DGT,2018-09-07,0.0
IWD,2018-09-07,0.0
SLYV,2018-09-07,0.0
EWG,2018-09-07,0.0
EWY,2018-09-07,0.0
IWN,2018-09-07,0.0
DIA,2018-09-07,-39.03
EWC,2018-09-07,0.0
IYR,2018-09-07,-124.45
IJS,2018-09-07,59.67
XLV,2018-09-07,55.43
IWS,2018-09-07,0.0
IJH,2018-09-07,0.0
EWW,2018-09-07,0.0
EWM,2018-09-07,0.0
EWL,2018-09-07,0.0
IYG,2018-09-07,0.0
EWQ,2018-09-07,0.0
SPTM,2018-09-07,0.0
RWR,2018-09-07,0.0
EWJ,2018-09-07,0.0
EWO,2018-09-07,0.0
IWB,2018-09-07,0.0
EFA,2018-09-07,-237.31
EWN,2018-09-07,0.0
EWP,2018-09-07,0.0
EWS,2018-09-07,0.0
IWV,2018-09-07,0.0
SHY,2018-09-07,-8.32
EWD,2018-09-07,0.0
IJT,2018-09-07,0.0
IWF,2018-09-07,-23.02
OEF,2018-09-07,0.0
SLYG,2018-09-07,0.0
VTI,2018-09-07,74.79
XLI,2018-09-07,-167.31
IWM,2018-09-07,0.0
LQD,2018-09-07,34.51
IWP,2018-09-07,0.0
VXF,2018-09-07,0.0
IXC,2018-09-07,-37.55
IXJ,2018-09-07,0.0
EWH,2018-09-07,-54.3
IXN,2018-09-07,0.0
IXP,2018-09-07,0.0
QQQ,2018-09-07,-227.21
IYE,2018-09-07,0.0
MDY,2018-09-07,0.0
EWK,2018-09-07,0.0
IYF,2018-09-07,-12.42
IYK,2018-09-07,0.0
IYM,2018-09-07,0.0
IYW,2018-09-07,0.0
IYY,2018-09-07,0.0
XLE,2018-09-07,-411.26
IYZ,2018-09-07,2.94
SPYG,2018-09-07,3.76
SOXX,2018-09-07,9.29
IYH,2018-09-07,69.03
SPYV,2018-09-07,0.0
XLU,2018-09-07,87.53
XSVM,2018-09-07,0.0
XSD,2018-09-07,3.85
XMVM,2018-09-07,0.0
PKB,2018-09-07,0.0
JKG,2018-09-07,0.0
FVD,2018-09-07,0.0
FXI,2018-09-07,0.0
PHO,2018-09-07,3.19
XLG,2018-09-07,0.0
PID,2018-09-07,0.0
PEY,2018-09-07,-0.91
PBS,2018-09-07,0.0
IYT,2018-09-07,0.0
MDYV,2018-09-07,0.0
RSP,2018-09-07,0.0
KBE,2018-09-07,2.48
XBI,2018-09-07,-43.48
MDYG,2018-09-07,0.0
JKI,2018-09-07,0.0
JKH,2018-09-07,0.0
EFG,2018-09-07,0.0
PEJ,2018-09-07,0.0
PPA,2018-09-07,0.0
EFV,2018-09-07,0.0
PJP,2018-09-07,0.0
PBE,2018-09-07,0.0
ADRE,2018-09-07,0.0
PXJ,2018-09-07,0.0
KCE,2018-09-07,0.0
VBK,2018-09-07,0.0
DBC,2018-09-07,-13.68
DVY,2018-09-07,0.0
FXE,2018-09-07,0.0
PFM,2018-09-07,0.0
ONEQ,2018-09-07,6.22
XSMO,2018-09-07,0.0
EZA,2018-09-07,0.0
VGK,2018-09-07,0.24
GLD,2018-09-07,-57.04
IAU,2018-09-07,-28.9
PBJ,2018-09-07,0.0
VOX,2018-09-07,2.11
VTV,2018-09-07,0.01
ITOT,2018-09-07,19.88
FEZ,2018-09-07,0.0
SPMD,2018-09-07,0.0
IWC,2018-09-07,0.0
PXE,2018-09-07,0.0
JKJ,2018-09-07,0.0
FDM,2018-09-07,0.0
JKD,2018-09-07,0.0
SUSA,2018-09-07,5.91
PRF,2018-09-07,-5.92
JKK,2018-09-07,0.0
PSI,2018-09-07,-5.45
SPHQ,2018-09-07,0.0
AGG,2018-09-07,21.23
VHT,2018-09-07,4.4
PSJ,2018-09-07,0.0
PWB,2018-09-07,0.0
PUI,2018-09-07,0.0
PWV,2018-09-07,0.0
TIP,2018-09-07,66.89
PXQ,2018-09-07,0.0
RFG,2018-09-07,0.0
RFV,2018-09-07,0.0
RPG,2018-09-07,0.0
JKL,2018-09-07,0.0
SDY,2018-09-07,9.88
XHB,2018-09-07,0.0
SLY,2018-09-07,0.0
TLT,2018-09-07,324.36
VFH,2018-09-07,-3.58
SPLG,2018-09-07,0.0
VAW,2018-09-07,0.0
VB,2018-09-07,16.39
VBR,2018-09-07,0.0
PBW,2018-09-07,1.26
JKF,2018-09-07,0.0
RZG,2018-09-07,0.0
VNQ,2018-09-07,-33.48
XMMO,2018-09-07,0.0
VCR,2018-09-07,0.0
PWC,2018-09-07,0.0
EEM,2018-09-07,0.0
VDC,2018-09-07,0.0
VDE,2018-09-07,-2.51
JKE,2018-09-07,0.0
VV,2018-09-07,0.0
VGT,2018-09-07,0.0
VIS,2018-09-07,0.0
VO,2018-09-07,0.0
VPL,2018-09-07,0.0
VPU,2018-09-07,0.0
KIE,2018-09-07,0.0
VUG,2018-09-07,11.88
PGJ,2018-09-07,0.0
FVL,2018-09-07,0.0
SPEU,2018-09-07,0.0
VWO,2018-09-07,0.01
XME,2018-09-07,5.03
IEO,2018-09-07,0.0
IAK,2018-09-07,0.0
GSP,2018-09-07,0.01
KRE,2018-09-07,-47.44
FXF,2018-09-07,0.0
XOP,2018-09-07,-14.1
IEZ,2018-09-07,0.0
FXC,2018-09-07,0.0
EQWL,2018-09-07,0.0
FXA,2018-09-07,0.0
FXB,2018-09-07,0.0
DLN,2018-09-07,0.0
RZV,2018-09-07,0.0
FTCS,2018-09-07,2.74
FPX,2018-09-07,0.0
RYH,2018-09-07,0.0
IHF,2018-09-07,0.0
VOE,2018-09-07,0.0
FDL,2018-09-07,0.0
DNL,2018-09-07,0.0
DDM,2018-09-07,0.0
SSO,2018-09-07,0.0
RYT,2018-09-07,0.0
QID,2018-09-07,-5.58
DXD,2018-09-07,0.0
DWM,2018-09-07,0.0
IAT,2018-09-07,0.0
RCD,2018-09-07,0.0
PTH,2018-09-07,0.0
SDS,2018-09-07,-8.52
DOL,2018-09-07,0.0
DIM,2018-09-07,0.0
FDN,2018-09-07,0.0
JXI,2018-09-07,2.5
GDX,2018-09-07,0.0
DFJ,2018-09-07,0.0
DOG,2018-09-07,8.38
RHS,2018-09-07,0.0
DXJ,2018-09-07,0.0
DJP,2018-09-07,-7.97
DTH,2018-09-07,0.0
PYZ,2018-09-07,0.0
XRT,2018-09-07,-7.67
RYE,2018-09-07,-2.98
IHE,2018-09-07,0.0
VYM,2018-09-07,0.07
DEW,2018-09-07,0.0
DLS,2018-09-07,0.0
ITB,2018-09-07,0.0
RYU,2018-09-07,0.0
SLX,2018-09-07,0.0
FBT,2018-09-07,0.0
DBV,2018-09-07,0.0
MXI,2018-09-07,-6.53
GSG,2018-09-07,0.0
DFE,2018-09-07,-9.54
PEZ,2018-09-07,0.0
DES,2018-09-07,0.0
PFI,2018-09-07,0.0
QQEW,2018-09-07,0.0
PSQ,2018-09-07,9.01
DON,2018-09-07,0.0
EVX,2018-09-07,0.0
EXI,2018-09-07,0.0
DSI,2018-09-07,0.0
DTN,2018-09-07,0.0
ITA,2018-09-07,0.0
DTD,2018-09-07,4.8
DHS,2018-09-07,0.0
RXI,2018-09-07,0.0
VOT,2018-09-07,7.09
IHI,2018-09-07,10.89
MVV,2018-09-07,0.0
RYF,2018-09-07,0.0
KXI,2018-09-07,5.0
MYY,2018-09-07,0.0
PSL,2018-09-07,0.0
DOO,2018-09-07,0.0
MZZ,2018-09-07,0.0
PRN,2018-09-07,0.0
XPH,2018-09-07,0.0
SH,2018-09-07,9.71
PSP,2018-09-07,0.0
RGI,2018-09-07,0.0
QTEC,2018-09-07,0.0
PTF,2018-09-07,0.0
PXI,2018-09-07,0.0
CVY,2018-09-07,0.0
PZD,2018-09-07,0.0
QLD,2018-09-07,4.81
RPV,2018-09-07,0.0
RYJ,2018-09-07,0.0
RTM,2018-09-07,0.0
SLV,2018-09-07,0.0
USO,2018-09-07,0.0
VIG,2018-09-07,11.0
IAI,2018-09-07,0.0
PRFZ,2018-09-07,0.0
XES,2018-09-07,0.0
XMHQ,2018-09-07,0.0
VEU,2018-09-07,0.07
UYM,2018-09-07,0.0
UYG,2018-09-07,0.0
IEI,2018-09-07,23.97
HYG,2018-09-07,-291.16
GII,2018-09-07,0.0
FYX,2018-09-07,0.0
FNX,2018-09-07,7.2
FXO,2018-09-07,0.0
QCLN,2018-09-07,0.0
REM,2018-09-07,38.78
FXL,2018-09-07,9.31
DGL,2018-09-07,0.0
FXG,2018-09-07,0.0
QSY,2018-09-07,0.0
FXZ,2018-09-07,0.0
IGSB,2018-09-07,-25.94
FRI,2018-09-07,0.0
PFF,2018-09-07,-35.49
GXC,2018-09-07,0.0
SIJ,2018-09-07,0.0
FEX,2018-09-07,0.0
EZM,2018-09-07,2.1
DBB,2018-09-07,-12.75
GBF,2018-09-07,0.0
GWX,2018-09-07,0.0
DBO,2018-09-07,0.0
SZK,2018-09-07,0.0
DIG,2018-09-07,0.0
RSX,2018-09-07,-14.57
CZA,2018-09-07,0.0
REZ,2018-09-07,6.53
DBS,2018-09-07,0.0
EES,2018-09-07,2.01
RWX,2018-09-07,0.0
CWI,2018-09-07,0.0
GVI,2018-09-07,0.0
BLV,2018-09-07,0.0
FAB,2018-09-07,0.0
FAD,2018-09-07,0.0
CSD,2018-09-07,0.0
BIV,2018-09-07,0.0
RESP,2018-09-07,0.0
PDP,2018-09-07,0.0
BSV,2018-09-07,0.0
FXH,2018-09-07,0.0
SAA,2018-09-07,0.0
SMN,2018-09-07,0.0
DEF,2018-09-07,0.0
BND,2018-09-07,7.91
UWM,2018-09-07,0.0
GMF,2018-09-07,-9.67
URE,2018-09-07,0.0
DUG,2018-09-07,0.0
EPS,2018-09-07,0.0
IGIB,2018-09-07,0.0
RXD,2018-09-07,0.0
MBB,2018-09-07,0.0
PGF,2018-09-07,0.0
SMOG,2018-09-07,0.0
PKW,2018-09-07,0.0
QQXT,2018-09-07,0.0
DBA,2018-09-07,-17.03
SSG,2018-09-07,0.0
REW,2018-09-07,0.0
ROM,2018-09-07,0.0
SHV,2018-09-07,-22.06
RWM,2018-09-07,1.87
RXL,2018-09-07,0.0
FXN,2018-09-07,0.0
SBB,2018-09-07,0.0
FXR,2018-09-07,0.0
SCC,2018-09-07,0.0
SDD,2018-09-07,0.0
FXY,2018-09-07,0.0
SDP,2018-09-07,0.0
UPW,2018-09-07,0.0
SKF,2018-09-07,0.0
FXD,2018-09-07,0.0
SPDW,2018-09-07,0.0
SPEM,2018-09-07,0.0
DBE,2018-09-07,-13.46
UDN,2018-09-07,0.0
SRS,2018-09-07,0.0
TLH,2018-09-07,0.0
UNG,2018-09-07,0.0
TUSA,2018-09-07,0.0
UXI,2018-09-07,0.0
TWM,2018-09-07,0.0
FXU,2018-09-07,0.0
UCC,2018-09-07,0.0
FTA,2018-09-07,0.0
DBP,2018-09-07,0.0
UGE,2018-09-07,0.0
USD,2018-09-07,0.0
USIG,2018-09-07,0.0
FTC,2018-09-07,10.4
USRT,2018-09-07,10.18
UUP,2018-09-07,5.04
WIP,2018-09-07,-5.21
ITM,2018-09-07,11.78
IGF,2018-09-07,0.0
PIO,2018-09-07,0.0
PBP,2018-09-07,0.0
SHM,2018-09-07,0.0
GRU,2018-09-07,0.0
PCY,2018-09-07,-13.35
GCC,2018-09-07,0.0
DEM,2018-09-07,-12.78
FDD,2018-09-07,-3.92
RWL,2018-09-07,0.0
FXP,2018-09-07,0.0
EWV,2018-09-07,0.0
TUR,2018-09-07,0.0
GSY,2018-09-07,0.0
EUM,2018-09-07,0.0
EMB,2018-09-07,52.76
EEH,2018-09-07,0.0
NLR,2018-09-07,0.0
WPS,2018-09-07,0.0
IDV,2018-09-07,0.0
EIS,2018-09-07,0.0
DGP,2018-09-07,0.0
DWX,2018-09-07,0.0
PBD,2018-09-07,0.0
THD,2018-09-07,0.0
FFR,2018-09-07,0.0
CMF,2018-09-07,0.0
ACWX,2018-09-07,0.0
IFGL,2018-09-07,0.0
FGD,2018-09-07,0.0
BWX,2018-09-07,0.0
DZZ,2018-09-07,0.0
SPTI,2018-09-07,0.0
BJK,2018-09-07,0.0
PHB,2018-09-07,3.71
SCZ,2018-09-07,0.0
FIW,2018-09-07,-2.55
FCG,2018-09-07,0.0
AIA,2018-09-07,0.0
DGS,2018-09-07,-4.6
PLW,2018-09-07,0.0
CUT,2018-09-07,-1.63
CGW,2018-09-07,0.0
MGK,2018-09-07,3.14
FUE,2018-09-07,0.0
EFZ,2018-09-07,0.0
IDHQ,2018-09-07,0.0
LTL,2018-09-07,0.0
SMB,2018-09-07,0.0
DGZ,2018-09-07,0.0
EPI,2018-09-07,114.55
ECH,2018-09-07,-10.62
EDV,2018-09-07,0.0
BIL,2018-09-07,0.0
EEV,2018-09-07,0.0
IEUS,2018-09-07,0.0
NYF,2018-09-07,0.0
RJA,2018-09-07,0.0
VEA,2018-09-07,0.0
EFU,2018-09-07,0.0
JNK,2018-09-07,-125.06
PZA,2018-09-07,0.0
MLN,2018-09-07,0.0
MUB,2018-09-07,0.0
IFEU,2018-09-07,0.0
MOO,2018-09-07,0.0
PGX,2018-09-07,-0.73
PIE,2018-09-07,0.0
PIN,2018-09-07,0.0
DRW,2018-09-07,5.89
PIZ,2018-09-07,1.37
PVI,2018-09-07,0.0
PWZ,2018-09-07,0.0
ACWI,2018-09-07,0.0
PDN,2018-09-07,0.0
PXF,2018-09-07,73.58
BKF,2018-09-07,0.0
MGV,2018-09-07,0.0
PXH,2018-09-07,6.15
PZT,2018-09-07,0.0
RJI,2018-09-07,0.0
RJN,2018-09-07,0.0
RJZ,2018-09-07,0.0
SCJ,2018-09-07,0.0
RWJ,2018-09-07,0.0
RWK,2018-09-07,0.0
MGC,2018-09-07,0.0
SPAB,2018-09-07,2.78
SPIP,2018-09-07,0.0
USL,2018-09-07,0.0
KOL,2018-09-07,0.0
SPTL,2018-09-07,0.0
TFI,2018-09-07,0.0
FNI,2018-09-07,-3.49
TOK,2018-09-07,0.0
UGA,2018-09-07,0.0
YCS,2018-09-07,0.0
YCL,2018-09-07,0.0
ICLN,2018-09-07,0.0
HYD,2018-09-07,3.14
CYB,2018-09-07,0.0
HAP,2018-09-07,0.0
TMF,2018-09-07,0.0
SPIB,2018-09-07,-23.35
GXF,2018-09-07,-0.01
EFO,2018-09-07,0.0
EDC,2018-09-07,0.0
STPZ,2018-09-07,0.0
EZJ,2018-09-07,0.0
GXG,2018-09-07,0.0
MCRO,2018-09-07,0.0
RWO,2018-09-07,0.0
TECS,2018-09-07,0.0
EUO,2018-09-07,1.16
MIDU,2018-09-07,13.51
EQL,2018-09-07,0.0
FUD,2018-09-07,0.0
TBF,2018-09-07,-3.43
FLM,2018-09-07,0.0
EMIF,2018-09-07,0.0
ISHG,2018-09-07,0.0
SPXU,2018-09-07,-23.54
AAXJ,2018-09-07,0.0
DRN,2018-09-07,0.0
PNQI,2018-09-07,0.0
TZA,2018-09-07,1.64
UGL,2018-09-07,0.0
EPU,2018-09-07,-3.57
EWX,2018-09-07,0.0
SIVR,2018-09-07,0.0
AOA,2018-09-07,0.0
AMJ,2018-09-07,4.74
PSR,2018-09-07,0.0
IWL,2018-09-07,3.34
DDG,2018-09-07,0.0
QAI,2018-09-07,0.0
FAS,2018-09-07,52.05
AOM,2018-09-07,0.0
AGQ,2018-09-07,0.0
AFK,2018-09-07,0.0
BWZ,2018-09-07,0.0
EET,2018-09-07,0.0
AGZ,2018-09-07,0.0
TBT,2018-09-07,-7.3
CWB,2018-09-07,0.0
GLL,2018-09-07,0.0
AOR,2018-09-07,0.0
SPXL,2018-09-07,-2.63
IDX,2018-09-07,0.0
DRV,2018-09-07,0.0
ZSL,2018-09-07,0.0
IGOV,2018-09-07,-2.43
EPV,2018-09-07,0.0
BRF,2018-09-07,0.0
CEW,2018-09-07,0.0
UPRO,2018-09-07,0.0
DZK,2018-09-07,0.0
AOK,2018-09-07,0.0
FAN,2018-09-07,0.0
EDZ,2018-09-07,0.0
IWX,2018-09-07,0.0
SUB,2018-09-07,0.0
LD,2018-09-07,0.0
FAZ,2018-09-07,0.0
LTPZ,2018-09-07,0.0
NIB,2018-09-07,-0.41
PSK,2018-09-07,0.0
SPXS,2018-09-07,2.22
BZQ,2018-09-07,0.0
PST,2018-09-07,0.0
RDOG,2018-09-07,0.0
UCI,2018-09-07,0.0
SEF,2018-09-07,0.0
UBG,2018-09-07,0.0
SPMB,2018-09-07,-30.38
TAN,2018-09-07,0.0
TMV,2018-09-07,0.0
TNA,2018-09-07,4.62
TECL,2018-09-07,78.49
TIPZ,2018-09-07,0.0
TYD,2018-09-07,0.0
WOOD,2018-09-07,0.0
SPLB,2018-09-07,7.87
TYO,2018-09-07,0.0
ULE,2018-09-07,0.0
CSM,2018-09-07,0.0
UAG,2018-09-07,0.0
SCO,2018-09-07,0.0
QABA,2018-09-07,0.0
UCO,2018-09-07,0.0
USV,2018-09-07,0.0
VT,2018-09-07,0.0
VNM,2018-09-07,0.0
VSS,2018-09-07,0.13
XPP,2018-09-07,0.0
ZROZ,2018-09-07,0.0
MUNI,2018-09-07,0.0
PALL,2018-09-07,0.0
MINT,2018-09-07,142.04
PSCM,2018-09-07,0.0
YXI,2018-09-07,0.0
PICB,2018-09-07,0.0
SCHG,2018-09-07,0.0
SPSB,2018-09-07,21.12
MLPI,2018-09-07,0.0
INDY,2018-09-07,97.33
UPV,2018-09-07,0.0
PSCI,2018-09-07,0.0
VGIT,2018-09-07,0.0
IBND,2018-09-07,0.0
MNA,2018-09-07,0.0
CHIM,2018-09-07,-0.0
CHIQ,2018-09-07,-24.36
FTRI,2018-09-07,0.0
EUSA,2018-09-07,0.0
PSCT,2018-09-07,0.0
CHII,2018-09-07,0.0
CHIC,2018-09-07,-0.0
PSCE,2018-09-07,0.0
BIB,2018-09-07,6.58
SIL,2018-09-07,2.44
BIS,2018-09-07,0.0
PCEF,2018-09-07,0.0
INDL,2018-09-07,0.0
DTUL,2018-09-07,0.0
EIDO,2018-09-07,-14.4
AADR,2018-09-07,-2.5
EPOL,2018-09-07,0.0
PSCU,2018-09-07,2.83
BAB,2018-09-07,0.0
COPX,2018-09-07,0.02
YINN,2018-09-07,0.0
BNO,2018-09-07,0.0
PSCC,2018-09-07,0.0
EIRL,2018-09-07,0.0
LBJ,2018-09-07,0.0
SDOW,2018-09-07,4.54
SBM,2018-09-07,0.0
BICK,2018-09-07,0.0
CHIX,2018-09-07,0.0
URTY,2018-09-07,0.0
IWY,2018-09-07,0.0
EMLC,2018-09-07,0.0
SCHV,2018-09-07,2.81
DJCI,2018-09-07,0.0
YANG,2018-09-07,0.0
CPI,2018-09-07,0.0
GRID,2018-09-07,0.0
CQQQ,2018-09-07,2.34
CHIE,2018-09-07,0.0
SCHA,2018-09-07,0.0
GDXJ,2018-09-07,0.0
MLPG,2018-09-07,0.0
PPLT,2018-09-07,0.0
PSCD,2018-09-07,0.0
PSCF,2018-09-07,0.0
PSCH,2018-09-07,21.48
TQQQ,2018-09-07,83.38
REK,2018-09-07,0.0
RETL,2018-09-07,0.0
SCHB,2018-09-07,0.0
SCHR,2018-09-07,0.0
SCHC,2018-09-07,0.0
SCHE,2018-09-07,0.0
ILTB,2018-09-07,0.0
LIT,2018-09-07,-3.28
SCHF,2018-09-07,0.0
SOXL,2018-09-07,0.0
SCHO,2018-09-07,-19.86
EGPT,2018-09-07,0.0
SOXS,2018-09-07,0.0
UMDD,2018-09-07,0.0
SCHP,2018-09-07,32.63
UDOW,2018-09-07,0.0
SCHX,2018-09-07,6.9
SMDD,2018-09-07,0.0
VMBS,2018-09-07,14.1
EUFN,2018-09-07,15.98
SQQQ,2018-09-07,-25.86
SRTY,2018-09-07,-2.14
UBR,2018-09-07,0.0
FTAG,2018-09-07,0.0
UBT,2018-09-07,0.0
UNL,2018-09-07,0.0
GRES,2018-09-07,0.0
SMMU,2018-09-07,0.0
UST,2018-09-07,0.0
VCLT,2018-09-07,8.79
VCSH,2018-09-07,0.03
HEDJ,2018-09-07,-24.73
VGLT,2018-09-07,0.0
IGLB,2018-09-07,0.0
VCIT,2018-09-07,16.75
VGSH,2018-09-07,53.83
XTN,2018-09-07,3.38
XTL,2018-09-07,0.0
HDV,2018-09-07,0.0
FYC,2018-09-07,0.0
GOEX,2018-09-07,0.01
GNR,2018-09-07,0.0
FDT,2018-09-07,0.0
GLTR,2018-09-07,0.0
GLCN,2018-09-07,0.0
SPHB,2018-09-07,0.0
FLN,2018-09-07,0.0
GLIN,2018-09-07,0.0
FBZ,2018-09-07,0.0
VNQI,2018-09-07,0.0
EMAG,2018-09-07,0.0
FEP,2018-09-07,0.0
FEM,2018-09-07,0.0
FCA,2018-09-07,0.0
TBX,2018-09-07,0.0
ECNS,2018-09-07,0.0
BKLN,2018-09-07,0.0
ERUS,2018-09-07,0.0
VXUS,2018-09-07,0.4
CORP,2018-09-07,0.0
FYT,2018-09-07,0.0
VTWV,2018-09-07,0.0
VTWG,2018-09-07,0.0
IVOG,2018-09-07,0.0
FMK,2018-09-07,0.0
BDCS,2018-09-07,0.0
FNY,2018-09-07,0.0
FNK,2018-09-07,0.0
AMLP,2018-09-07,30.49
FJP,2018-09-07,0.0
ASEA,2018-09-07,0.0
FLAT,2018-09-07,0.0
DTUS,2018-09-07,0.0
EWSC,2018-09-07,0.0
FKO,2018-09-07,0.0
ELD,2018-09-07,0.0
ECON,2018-09-07,-3.3
ARGT,2018-09-07,-2.56
VONE,2018-09-07,0.0
BCM,2018-09-07,-0.01
FPA,2018-09-07,0.0
DTYL,2018-09-07,0.0
ZIV,2018-09-07,0.0
VOOG,2018-09-07,0.0
ENZL,2018-09-07,0.0
WTMF,2018-09-07,6.07
HYLD,2018-09-07,0.0
CROP,2018-09-07,0.0
HYMB,2018-09-07,0.0
STIP,2018-09-07,0.0
SCHH,2018-09-07,0.0
IVOO,2018-09-07,0.0
HDGE,2018-09-07,0.0
IVOV,2018-09-07,0.0
TVIX,2018-09-07,0.0
EBND,2018-09-07,0.0
NXTG,2018-09-07,0.0
KBWD,2018-09-07,0.0
KBWY,2018-09-07,0.0
MCHI,2018-09-07,0.0
VQT,2018-09-07,0.0
NORW,2018-09-07,0.08
URA,2018-09-07,-0.75
EPHE,2018-09-07,0.0
VIXM,2018-09-07,0.0
OLEM,2018-09-07,0.0
RALS,2018-09-07,0.0
FLTR,2018-09-07,0.0
SPLV,2018-09-07,0.0
REMX,2018-09-07,0.0
SCHM,2018-09-07,2.91
RSXJ,2018-09-07,0.0
SJB,2018-09-07,0.0
KBWP,2018-09-07,0.0
SPBO,2018-09-07,0.0
CARZ,2018-09-07,0.0
STPP,2018-09-07,0.0
EWZS,2018-09-07,0.0
TYBS,2018-09-07,0.0
UJB,2018-09-07,0.0
USCI,2018-09-07,0.0
VIIX,2018-09-07,1.3
VIOG,2018-09-07,0.0
VIOO,2018-09-07,0.0
VIOV,2018-09-07,0.0
VONG,2018-09-07,27.54
VONV,2018-09-07,13.87
VIXY,2018-09-07,0.0
VOO,2018-09-07,-223.73
VOOV,2018-09-07,0.0
VTHR,2018-09-07,0.0
EDIV,2018-09-07,0.0
VTWO,2018-09-07,0.0
EWMC,2018-09-07,0.0
XHE,2018-09-07,0.0
XVZ,2018-09-07,0.0
GUNR,2018-09-07,0.0
FCAN,2018-09-07,0.0
BBH,2018-09-07,-6.57
FDTS,2018-09-07,0.0
XMPT,2018-09-07,0.0
FEMS,2018-09-07,0.0
FLOT,2018-09-07,25.45
DBJP,2018-09-07,0.0
SMIN,2018-09-07,-6.35
SOCL,2018-09-07,-0.01
FHK,2018-09-07,0.0
FGM,2018-09-07,0.0
XHS,2018-09-07,0.0
FRAK,2018-09-07,0.0
EWGS,2018-09-07,0.0
RING,2018-09-07,0.0
UGLD,2018-09-07,0.0
EFNL,2018-09-07,0.0
EFAV,2018-09-07,0.0
CHEP,2018-09-07,0.0
KBWR,2018-09-07,0.0
EWUS,2018-09-07,0.0
USMV,2018-09-07,0.0
EEMV,2018-09-07,28.92
EEMS,2018-09-07,0.0
CURE,2018-09-07,18.21
CMBS,2018-09-07,0.0
HDG,2018-09-07,0.0
SPGP,2018-09-07,0.0
XAR,2018-09-07,9.71
DBEF,2018-09-07,0.0
FKU,2018-09-07,0.0
PPH,2018-09-07,0.0
SVXY,2018-09-07,0.0
GOVT,2018-09-07,4.91
ACWV,2018-09-07,0.0
DBLV,2018-09-07,0.0
INDA,2018-09-07,10.35
EELV,2018-09-07,-100.88
GREK,2018-09-07,-7.04
MORT,2018-09-07,2.46
DBEM,2018-09-07,-3.44
SLVP,2018-09-07,0.0
CPER,2018-09-07,0.0
FILL,2018-09-07,0.0
RTH,2018-09-07,0.0
FAUS,2018-09-07,0.0
BOIL,2018-09-07,0.0
DBGR,2018-09-07,0.0
FWDB,2018-09-07,0.0
ENOR,2018-09-07,0.0
DFVL,2018-09-07,0.0
DFVS,2018-09-07,0.01
URTH,2018-09-07,0.0
DGLD,2018-09-07,0.0
MOM,2018-09-07,0.0
FLRN,2018-09-07,12.28
DSLV,2018-09-07,-1.89
DVYA,2018-09-07,0.0
INCO,2018-09-07,0.0
DGAZ,2018-09-07,-16.16
SKYY,2018-09-07,0.0
EDEN,2018-09-07,0.0
HYS,2018-09-07,10.02
PFIG,2018-09-07,0.0
BTAL,2018-09-07,0.0
IDLV,2018-09-07,0.0
IPFF,2018-09-07,0.0
KBWB,2018-09-07,-2.85
PICK,2018-09-07,-3.01
KNOW,2018-09-07,0.0
KOLD,2018-09-07,0.0
TDTT,2018-09-07,0.0
LEMB,2018-09-07,0.0
NFTY,2018-09-07,0.0
OIH,2018-09-07,0.0
SCHZ,2018-09-07,0.0
QLTA,2018-09-07,2.53
ROOF,2018-09-07,0.0
EEMA,2018-09-07,0.0
SCHD,2018-09-07,2.66
SDIV,2018-09-07,1.04
SMH,2018-09-07,-26.57
SOIL,2018-09-07,-0.0
UGAZ,2018-09-07,15.31
SPTS,2018-09-07,0.0
SPVM,2018-09-07,0.0
TDTF,2018-09-07,-4.88
UVXY,2018-09-07,-31.48
TILT,2018-09-07,0.0
RINF,2018-09-07,0.0
VEGI,2018-09-07,0.0
FSZ,2018-09-07,0.0
USLV,2018-09-07,0.0
GNMA,2018-09-07,0.0
XSW,2018-09-07,4.51
YYY,2018-09-07,-0.09
XSLV,2018-09-07,0.0
IEMG,2018-09-07,0.0
IEFA,2018-09-07,0.0
IDMO,2018-09-07,0.0
SNLN,2018-09-07,0.07
HYLS,2018-09-07,0.0
GLDI,2018-09-07,-0.04
GAL,2018-09-07,0.0
FTSL,2018-09-07,0.0
AMU,2018-09-07,0.0
DVYE,2018-09-07,0.0
PFXF,2018-09-07,0.98
FPE,2018-09-07,1.92
IBCE,2018-09-07,0.0
EUFX,2018-09-07,0.0
EMLP,2018-09-07,6.03
ICOL,2018-09-07,0.0
GHYG,2018-09-07,0.0
GYLD,2018-09-07,0.0
SYLD,2018-09-07,-0.0
HYEM,2018-09-07,0.0
BSCK,2018-09-07,3.16
XMLV,2018-09-07,-4.92
IQDE,2018-09-07,0.0
DWPP,2018-09-07,0.0
GURU,2018-09-07,0.01
BIZD,2018-09-07,1.72
IHY,2018-09-07,0.0
CEMB,2018-09-07,0.0
BFOR,2018-09-07,0.0
IQDF,2018-09-07,-16.57
BOND,2018-09-07,0.0
SMLV,2018-09-07,0.0
NGE,2018-09-07,0.0
MDIV,2018-09-07,0.0
DGRW,2018-09-07,0.0
RVNU,2018-09-07,0.0
CROC,2018-09-07,0.0
INKM,2018-09-07,0.0
IMLP,2018-09-07,0.0
MLPA,2018-09-07,-4.64
HYXU,2018-09-07,0.0
ALFA,2018-09-07,0.0
RAVI,2018-09-07,0.0
SPHY,2018-09-07,0.0
TDIV,2018-09-07,0.0
DIV,2018-09-07,0.06
HYHG,2018-09-07,0.0
BNDX,2018-09-07,28.66
EEMO,2018-09-07,0.0
EMCB,2018-09-07,0.0
ANGL,2018-09-07,0.0
EMHY,2018-09-07,0.0
MRGR,2018-09-07,0.0
IQDY,2018-09-07,0.0
ISTB,2018-09-07,0.0
VEGA,2018-09-07,0.0
IXUS,2018-09-07,0.0
DWAS,2018-09-07,0.0
IYLD,2018-09-07,0.0
KORU,2018-09-07,0.0
VLU,2018-09-07,0.0
LGLV,2018-09-07,0.0
MMTM,2018-09-07,0.0
SJNK,2018-09-07,24.61
QDF,2018-09-07,0.0
MINC,2018-09-07,0.0
VTIP,2018-09-07,2.45
PHDG,2018-09-07,0.0
QDEF,2018-09-07,0.0
PEX,2018-09-07,0.0
QDYN,2018-09-07,0.0
CXSE,2018-09-07,0.0
QMN,2018-09-07,0.0
MOAT,2018-09-07,0.0
QQQE,2018-09-07,0.0
RLY,2018-09-07,0.0
SDOG,2018-09-07,0.0
FM,2018-09-07,-4.22
MTUM,2018-09-07,17.49
SILJ,2018-09-07,0.0
SIZE,2018-09-07,0.0
CAPE,2018-09-07,0.01
SLVO,2018-09-07,-0.02
SPFF,2018-09-07,0.03
SPGM,2018-09-07,0.0
SRLN,2018-09-07,0.0
SPHD,2018-09-07,0.0
TIPX,2018-09-07,0.0
TLTD,2018-09-07,0.0
TLTE,2018-09-07,0.0
TTT,2018-09-07,0.0
ATMP,2018-09-07,0.0
VLUE,2018-09-07,-126.98
EINC,2018-09-07,0.0
VWOB,2018-09-07,0.0
SDYL,2018-09-07,0.0
WDIV,2018-09-07,0.0
VUSE,2018-09-07,0.0
VRP,2018-09-07,0.0
SLQD,2018-09-07,7.44
FTHI,2018-09-07,0.0
BSJK,2018-09-07,0.0
GQRE,2018-09-07,0.0
AIRR,2018-09-07,0.0
FTEC,2018-09-07,0.0
FSTA,2018-09-07,0.0
HOLD,2018-09-07,0.0
VIDI,2018-09-07,0.0
FNDF,2018-09-07,0.0
FTLB,2018-09-07,0.0
HEWJ,2018-09-07,-6.33
FNDA,2018-09-07,0.0
FNCL,2018-09-07,-6.24
FID,2018-09-07,0.0
ENFR,2018-09-07,0.0
FNDX,2018-09-07,1.97
FENY,2018-09-07,-5.08
FDIS,2018-09-07,0.0
ROBO,2018-09-07,-0.14
DGRE,2018-09-07,0.0
BYLD,2018-09-07,0.0
EMFM,2018-09-07,-0.0
TOLZ,2018-09-07,0.0
ASHR,2018-09-07,0.0
ZMLP,2018-09-07,0.0
QYLD,2018-09-07,1.25
AGZD,2018-09-07,0.0
FNDE,2018-09-07,0.0
FIDU,2018-09-07,0.0
FMF,2018-09-07,0.0
FMAT,2018-09-07,0.0
FTGC,2018-09-07,0.0
BSCL,2018-09-07,0.0
FV,2018-09-07,-1.55
FNDC,2018-09-07,0.0
PGHY,2018-09-07,0.0
DBAW,2018-09-07,0.0
EMSH,2018-09-07,0.0
MLPC,2018-09-07,0.0
DGRS,2018-09-07,0.0
DXJS,2018-09-07,0.0
FUTY,2018-09-07,0.0
FMB,2018-09-07,2.63
HEFA,2018-09-07,0.0
DBEU,2018-09-07,0.0
EDOG,2018-09-07,0.0
HYZD,2018-09-07,7.22
IPO,2018-09-07,0.0
DDIV,2018-09-07,0.0
FTSD,2018-09-07,0.0
GVAL,2018-09-07,0.02
NOBL,2018-09-07,13.39
DXGE,2018-09-07,0.0
EUDG,2018-09-07,0.0
FHLC,2018-09-07,4.56
EURL,2018-09-07,0.0
HAUZ,2018-09-07,0.0
QUAL,2018-09-07,0.0
HEWG,2018-09-07,4.03
HSPX,2018-09-07,0.0
IBDD,2018-09-07,0.0
SHYD,2018-09-07,0.0
FYLD,2018-09-07,-6.19
ICSH,2018-09-07,0.0
FCOM,2018-09-07,0.0
IDOG,2018-09-07,0.0
FNDB,2018-09-07,0.0
IGHG,2018-09-07,0.0
IPKW,2018-09-07,0.0
BSCM,2018-09-07,0.0
ISRA,2018-09-07,0.0
USDU,2018-09-07,0.0
NEAR,2018-09-07,22.55
IHDG,2018-09-07,0.0
KFYP,2018-09-07,-0.0
CN,2018-09-07,0.0
KWEB,2018-09-07,-4.71
LDUR,2018-09-07,0.0
KBA,2018-09-07,-0.02
NFRA,2018-09-07,0.0
QAT,2018-09-07,0.0
USFR,2018-09-07,23.83
UAE,2018-09-07,0.0
PGAL,2018-09-07,0.01
RDIV,2018-09-07,0.0
OUNZ,2018-09-07,0.0
RDVY,2018-09-07,1.58
JPNL,2018-09-07,0.0
RIGS,2018-09-07,0.0
SHYG,2018-09-07,32.62
SPSM,2018-09-07,3.36
SYE,2018-09-07,0.0
MLPX,2018-09-07,-0.34
SYG,2018-09-07,0.0
SYV,2018-09-07,0.0
TFLO,2018-09-07,5.02
ULST,2018-09-07,2.01
ZGBR,2018-09-07,0.0
GAA,2018-09-07,-0.01
PPSC,2018-09-07,0.0
SBIO,2018-09-07,0.0
DBEZ,2018-09-07,0.0
FEUZ,2018-09-07,4.16
IBMI,2018-09-07,0.0
FLGE,2018-09-07,-0.49
WBII,2018-09-07,0.0
FCOR,2018-09-07,0.0
ZDEU,2018-09-07,0.0
VBND,2018-09-07,0.0
ZJPN,2018-09-07,0.0
DWAT,2018-09-07,0.0
IBDL,2018-09-07,1.25
LOWC,2018-09-07,0.0
DIVY,2018-09-07,0.0
DIVA,2018-09-07,0.0
BSJM,2018-09-07,0.0
EMQQ,2018-09-07,0.0
DAX,2018-09-07,0.0
SPUU,2018-09-07,0.0
BBP,2018-09-07,0.0
BBC,2018-09-07,0.0
TAPR,2018-09-07,0.0
ARKK,2018-09-07,11.74
ALTS,2018-09-07,0.0
CFO,2018-09-07,0.0
CSF,2018-09-07,0.0
ASHS,2018-09-07,0.0
FTSM,2018-09-07,0.0
ARKW,2018-09-07,0.0
FBND,2018-09-07,0.0
HEEM,2018-09-07,0.0
FBGX,2018-09-07,0.0
ARKG,2018-09-07,6.51
DIVC,2018-09-07,0.0
RODI,2018-09-07,0.0
FTLS,2018-09-07,0.0
AMZA,2018-09-07,0.0
SKOR,2018-09-07,0.0
LQDH,2018-09-07,9.6
WBIF,2018-09-07,-7.67
EFAD,2018-09-07,0.0
BSCO,2018-09-07,0.0
BSJL,2018-09-07,0.0
FPXI,2018-09-07,0.0
FDIV,2018-09-07,0.0
CFA,2018-09-07,0.0
JPMV,2018-09-07,0.0
DGRO,2018-09-07,11.14
CBON,2018-09-07,0.0
FEMB,2018-09-07,0.0
EQAL,2018-09-07,0.0
CDC,2018-09-07,0.0
LMBS,2018-09-07,0.0
CIZ,2018-09-07,0.0
BSCN,2018-09-07,3.04
WBIG,2018-09-07,0.0
CNXT,2018-09-07,0.0
QEMM,2018-09-07,0.0
COMT,2018-09-07,0.0
IMTM,2018-09-07,0.0
FLTB,2018-09-07,0.0
DEEP,2018-09-07,0.0
CRBN,2018-09-07,0.0
PPLC,2018-09-07,0.0
HACK,2018-09-07,5.98
HEZU,2018-09-07,11.62
HIPS,2018-09-07,0.0
QVAL,2018-09-07,0.0
IEUR,2018-09-07,46.92
IFV,2018-09-07,-9.11
REET,2018-09-07,0.0
SMEZ,2018-09-07,0.0
IPAC,2018-09-07,0.0
MLPO,2018-09-07,0.02
ZCAN,2018-09-07,0.0
IPOS,2018-09-07,0.0
IQLT,2018-09-07,0.0
IUSB,2018-09-07,0.0
IVAL,2018-09-07,0.0
HYGH,2018-09-07,0.0
JPEM,2018-09-07,0.0
WBIE,2018-09-07,0.0
JPGE,2018-09-07,0.0
JPIN,2018-09-07,0.0
KCNY,2018-09-07,0.0
ARKQ,2018-09-07,0.0
QWLD,2018-09-07,0.0
MBSD,2018-09-07,0.0
PDBC,2018-09-07,5.36
EUMV,2018-09-07,0.0
GMOM,2018-09-07,0.02
QEFA,2018-09-07,0.0
SGDM,2018-09-07,0.0
SMLL,2018-09-07,0.0
WBIL,2018-09-07,0.0
WIL,2018-09-07,0.0
XSOE,2018-09-07,0.0
XT,2018-09-07,0.0
XRLV,2018-09-07,0.0
IBMK,2018-09-07,0.0
IBDO,2018-09-07,0.0
KLDW,2018-09-07,0.0
IBDN,2018-09-07,1.22
IBDM,2018-09-07,2.43
RODM,2018-09-07,0.0
HFXJ,2018-09-07,0.0
SMDV,2018-09-07,0.0
HEWY,2018-09-07,0.0
HEWU,2018-09-07,0.0
HFXI,2018-09-07,0.0
CID,2018-09-07,0.0
CDL,2018-09-07,0.0
QVM,2018-09-07,0.0
HEWP,2018-09-07,0.0
HEWC,2018-09-07,0.0
TPYP,2018-09-07,0.0
HAWX,2018-09-07,0.0
YLD,2018-09-07,0.0
HEWI,2018-09-07,0.0
HAUD,2018-09-07,0.0
CIBR,2018-09-07,0.0
IBMJ,2018-09-07,0.0
AFTY,2018-09-07,0.0
PTLC,2018-09-07,3.11
CSA,2018-09-07,0.0
ACWF,2018-09-07,0.0
HDAW,2018-09-07,0.0
NAIL,2018-09-07,0.0
EMBH,2018-09-07,0.0
HDEF,2018-09-07,0.0
DPST,2018-09-07,-4.12
AGGY,2018-09-07,0.0
EURZ,2018-09-07,0.0
SCIU,2018-09-07,-0.0
HTUS,2018-09-07,-0.01
EUSC,2018-09-07,0.0
MEAR,2018-09-07,0.0
SDEM,2018-09-07,-0.01
CHAD,2018-09-07,0.0
CRAK,2018-09-07,0.0
HEWW,2018-09-07,0.0
EWRE,2018-09-07,0.0
HFXE,2018-09-07,0.0
CSB,2018-09-07,2.42
KSA,2018-09-07,-7.17
SRET,2018-09-07,-0.04
LRGF,2018-09-07,0.0
OEUR,2018-09-07,-1.19
FREL,2018-09-07,0.0
ALTY,2018-09-07,-0.01
RISE,2018-09-07,0.0
HEWL,2018-09-07,0.0
ROUS,2018-09-07,0.0
VAMO,2018-09-07,-0.01
CHAU,2018-09-07,0.0
FFTY,2018-09-07,0.0
ICVT,2018-09-07,5.89
IGBH,2018-09-07,0.0
PTNQ,2018-09-07,0.0
INTF,2018-09-07,0.0
IPAY,2018-09-07,0.0
SGDJ,2018-09-07,0.0
ISCF,2018-09-07,0.0
IBDQ,2018-09-07,0.0
ISZE,2018-09-07,0.0
LABU,2018-09-07,9.59
SCIX,2018-09-07,0.0
IVLU,2018-09-07,0.0
JPN,2018-09-07,0.0
KALL,2018-09-07,-0.0
SMLF,2018-09-07,0.0
LABD,2018-09-07,-6.02
FLRT,2018-09-07,0.0
MOTI,2018-09-07,0.0
SMCP,2018-09-07,0.0
NFLT,2018-09-07,0.0
QLS,2018-09-07,0.0
EUDV,2018-09-07,0.0
OUSA,2018-09-07,-1.63
YLCO,2018-09-07,0.01
PAK,2018-09-07,-0.0
PTMC,2018-09-07,0.0
IBDP,2018-09-07,0.0
QED,2018-09-07,0.0
JETS,2018-09-07,0.0
QUS,2018-09-07,0.0
FIBR,2018-09-07,0.0
HSCZ,2018-09-07,0.0
REGL,2018-09-07,0.0
ROAM,2018-09-07,0.0
ROSC,2018-09-07,0.0
SCID,2018-09-07,0.0
CIL,2018-09-07,0.0
SCIJ,2018-09-07,-0.0
TOTL,2018-09-07,0.0
VTEB,2018-09-07,15.24
XCEM,2018-09-07,0.0
WFHY,2018-09-07,0.0
JHMT,2018-09-07,0.0
JHME,2018-09-07,0.0
ONEO,2018-09-07,0.0
JHMA,2018-09-07,0.0
PUTW,2018-09-07,0.0
IQDG,2018-09-07,0.0
SPYX,2018-09-07,7.01
IMOM,2018-09-07,0.0
JHMS,2018-09-07,0.0
IBUY,2018-09-07,0.0
JHMI,2018-09-07,0.0
EMDV,2018-09-07,0.0
GSJY,2018-09-07,0.0
VYMI,2018-09-07,0.0
GAMR,2018-09-07,0.0
WFIG,2018-09-07,0.0
GSIE,2018-09-07,0.0
DEUS,2018-09-07,0.0
JHMC,2018-09-07,0.0
GSLC,2018-09-07,0.0
RFAP,2018-09-07,0.0
VIGI,2018-09-07,0.0
FIHD,2018-09-07,0.0
DDWM,2018-09-07,0.0
CNCR,2018-09-07,0.0
IDLB,2018-09-07,0.0
CEZ,2018-09-07,0.0
CATH,2018-09-07,0.04
TLDH,2018-09-07,0.0
BSJN,2018-09-07,2.61
GTO,2018-09-07,0.0
JHMH,2018-09-07,0.0
SPXE,2018-09-07,0.0
JSMD,2018-09-07,0.0
ASET,2018-09-07,0.0
SPXT,2018-09-07,0.0
DEFA,2018-09-07,0.0
GCOW,2018-09-07,0.0
RFDI,2018-09-07,-17.99
IAGG,2018-09-07,0.0
GEM,2018-09-07,0.0
ASHX,2018-09-07,0.0
GSEU,2018-09-07,0.0
ETHO,2018-09-07,0.0
ITEQ,2018-09-07,0.0
BDCZ,2018-09-07,0.0
QLC,2018-09-07,0.0
DFND,2018-09-07,0.0
JHMU,2018-09-07,0.0
DDLS,2018-09-07,0.0
SPMO,2018-09-07,0.0
JPUS,2018-09-07,0.0
EMGF,2018-09-07,0.0
QMOM,2018-09-07,0.0
JHMF,2018-09-07,0.0
HJPX,2018-09-07,0.0
DJD,2018-09-07,0.0
EMTL,2018-09-07,0.0
RFEU,2018-09-07,0.0
DEEF,2018-09-07,0.0
FIEE,2018-09-07,0.0
JHML,2018-09-07,0.0
JHMM,2018-09-07,1.83
JSML,2018-09-07,0.0
XLRE,2018-09-07,16.93
XITK,2018-09-07,0.0
SPVU,2018-09-07,0.0
LEAD,2018-09-07,0.0
LKOR,2018-09-07,0.0
LVHD,2018-09-07,0.04
MILN,2018-09-07,-0.0
QGTA,2018-09-07,0.0
MJ,2018-09-07,1.71
PTEU,2018-09-07,0.0
RESE,2018-09-07,0.0
MLPB,2018-09-07,0.0
AMUB,2018-09-07,0.0
BSCP,2018-09-07,0.0
NANR,2018-09-07,0.0
ONEV,2018-09-07,0.0
ONEY,2018-09-07,0.0
PSET,2018-09-07,0.0
FVC,2018-09-07,11.56
PY,2018-09-07,0.0
SDG,2018-09-07,0.0
SFHY,2018-09-07,0.0
SHE,2018-09-07,0.0
FUT,2018-09-07,0.0
SFIG,2018-09-07,0.0
SOVB,2018-09-07,0.0
SPXN,2018-09-07,0.0
SPXV,2018-09-07,0.0
SPYD,2018-09-07,1.92
STOT,2018-09-07,0.0
TLEH,2018-09-07,0.0
UCIB,2018-09-07,0.0
USLB,2018-09-07,0.0
FCVT,2018-09-07,0.0
UTES,2018-09-07,0.0
XWEB,2018-09-07,0.0
XSHD,2018-09-07,0.0
VRIG,2018-09-07,0.0
FQAL,2018-09-07,1.72
ESGS,2018-09-07,0.0
FLQH,2018-09-07,0.0
FLEU,2018-09-07,0.0
FINX,2018-09-07,-0.11
FDVV,2018-09-07,0.0
FCEF,2018-09-07,0.0
BNDC,2018-09-07,0.0
FLQD,2018-09-07,0.0
JPHF,2018-09-07,0.0
FAAR,2018-09-07,0.0
DWFI,2018-09-07,0.0
LNGR,2018-09-07,0.0
PSC,2018-09-07,0.0
FLQG,2018-09-07,0.0
CWEB,2018-09-07,0.0
ESGN,2018-09-07,0.0
FDRR,2018-09-07,3.21
BSJO,2018-09-07,0.0
FTXL,2018-09-07,0.0
BFIT,2018-09-07,0.0
BOTZ,2018-09-07,-0.14
EYLD,2018-09-07,-0.0
FVAL,2018-09-07,0.0
RFFC,2018-09-07,0.0
BLHY,2018-09-07,0.0
JPSE,2018-09-07,0.0
ESGE,2018-09-07,0.0
PRNT,2018-09-07,0.0
FALN,2018-09-07,0.0
DIVO,2018-09-07,0.0
FLLV,2018-09-07,0.0
FLCO,2018-09-07,0.0
FTXR,2018-09-07,0.0
TTAC,2018-09-07,0.0
BTEC,2018-09-07,0.0
ADME,2018-09-07,0.0
FTXD,2018-09-07,0.0
FLQE,2018-09-07,0.0
AGGP,2018-09-07,0.0
GENY,2018-09-07,0.0
CNYA,2018-09-07,0.0
LVHI,2018-09-07,-0.0
RORE,2018-09-07,0.0
EEMX,2018-09-07,0.0
FTXH,2018-09-07,0.0
FDLO,2018-09-07,0.0
OILK,2018-09-07,1.27
RFCI,2018-09-07,0.0
CWS,2018-09-07,0.0
GVIP,2018-09-07,0.0
ESGU,2018-09-07,0.0
EFAX,2018-09-07,0.0
GBIL,2018-09-07,0.0
ESG,2018-09-07,0.0
ESGG,2018-09-07,0.0
EFAS,2018-09-07,-0.0
MLPE,2018-09-07,0.0
ACSI,2018-09-07,0.0
MCEF,2018-09-07,0.0
NULV,2018-09-07,0.0
MVIN,2018-09-07,0.0
FDMO,2018-09-07,0.0
TCTL,2018-09-07,0.0
EPRF,2018-09-07,0.0
FTXN,2018-09-07,0.0
KRMA,2018-09-07,0.0
REML,2018-09-07,0.46
HDMV,2018-09-07,0.0
RFEM,2018-09-07,0.0
FTXO,2018-09-07,0.0
HUSV,2018-09-07,0.0
HYXE,2018-09-07,0.0
IBDR,2018-09-07,0.0
IDHD,2018-09-07,0.0
JPHY,2018-09-07,0.0
JPME,2018-09-07,0.0
VNLA,2018-09-07,2.5
RFUN,2018-09-07,0.0
NULG,2018-09-07,0.0
LVHB,2018-09-07,0.0
ESGD,2018-09-07,0.0
NUMG,2018-09-07,0.0
HYLB,2018-09-07,0.0
SPDN,2018-09-07,0.0
NUMV,2018-09-07,0.0
IMTB,2018-09-07,0.0
NUSC,2018-09-07,0.0
FTXG,2018-09-07,0.0
SNSR,2018-09-07,0.02
OLD,2018-09-07,0.0
BSCQ,2018-09-07,0.0
RESD,2018-09-07,0.0
IGRO,2018-09-07,0.0
RFDA,2018-09-07,6.67
NUAG,2018-09-07,0.0
SMMV,2018-09-07,0.0
HYDB,2018-09-07,0.0
GSSC,2018-09-07,0.0
SHAG,2018-09-07,0.0
GOAU,2018-09-07,0.0
YLDE,2018-09-07,-0.0
FLQS,2018-09-07,0.0
TAIL,2018-09-07,-0.0
COMB,2018-09-07,0.0
GIGB,2018-09-07,0.0
AMCA,2018-09-07,0.0
BLES,2018-09-07,0.0
PSMB,2018-09-07,0.0
FLQL,2018-09-07,0.0
FIXD,2018-09-07,0.0
FCAL,2018-09-07,0.0
WBIY,2018-09-07,32.71
CEFS,2018-09-07,0.0
DWLD,2018-09-07,0.0
FFTI,2018-09-07,0.0
DUSA,2018-09-07,0.0
ERM,2018-09-07,0.0
EMXC,2018-09-07,0.0
DMRM,2018-09-07,0.0
XSHQ,2018-09-07,0.0
EDOW,2018-09-07,0.0
BMLP,2018-09-07,0.0
RNDM,2018-09-07,0.0
DFEN,2018-09-07,0.0
AGT,2018-09-07,0.0
CLTL,2018-09-07,0.0
FFHG,2018-09-07,0.0
CCOR,2018-09-07,-0.0
BCI,2018-09-07,0.0
TBLU,2018-09-07,0.0
COM,2018-09-07,0.0
DMRI,2018-09-07,0.0
SQLV,2018-09-07,0.0
BOSS,2018-09-07,-0.0
GRNB,2018-09-07,0.0
ICOW,2018-09-07,0.0
UTSL,2018-09-07,0.0
INFR,2018-09-07,0.0
BVAL,2018-09-07,0.0
BCD,2018-09-07,0.0
GDVD,2018-09-07,0.0
CACG,2018-09-07,0.01
JPST,2018-09-07,0.0
IBD,2018-09-07,0.0
CALF,2018-09-07,0.0
VSDA,2018-09-07,0.0
COWZ,2018-09-07,0.0
RNLC,2018-09-07,0.0
USEQ,2018-09-07,0.0
ARCM,2018-09-07,0.0
CSML,2018-09-07,0.0
DFNL,2018-09-07,0.0
PSMG,2018-09-07,0.0
DMRL,2018-09-07,0.0
IBML,2018-09-07,0.0
PSMM,2018-09-07,0.0
IDEV,2018-09-07,24.8
RNSC,2018-09-07,0.0
MEXX,2018-09-07,0.0
ISMD,2018-09-07,0.0
LVUS,2018-09-07,0.0
VSMV,2018-09-07,0.0
JHMD,2018-09-07,0.0
LRGE,2018-09-07,-0.0
NUEM,2018-09-07,0.0
EQRR,2018-09-07,0.0
NUDM,2018-09-07,0.0
NURE,2018-09-07,0.0
OUSM,2018-09-07,0.0
NUSA,2018-09-07,0.0
USOI,2018-09-07,-0.06
OCIO,2018-09-07,0.0
HYLV,2018-09-07,0.0
PFFR,2018-09-07,0.0
PREF,2018-09-07,0.0
JPGB,2018-09-07,0.0
PSMC,2018-09-07,0.0
FLQM,2018-09-07,0.0
DUSL,2018-09-07,0.0
RNDV,2018-09-07,0.0
RNEM,2018-09-07,0.0
RNMC,2018-09-07,0.0
PAVE,2018-09-07,-0.05
SMMD,2018-09-07,0.0
DMRS,2018-09-07,0.0
SPMV,2018-09-07,0.0
IGEB,2018-09-07,0.0
SUSC,2018-09-07,0.0
TERM,2018-09-07,0.0
TPOR,2018-09-07,0.0
TTAI,2018-09-07,0.0
USMF,2018-09-07,0.0
SUSB,2018-09-07,0.0
VMOT,2018-09-07,0.0
VGFO,2018-09-07,0.0
USVM,2018-09-07,0.0
USTB,2018-09-07,0.0
GSEW,2018-09-07,0.0
FPEI,2018-09-07,0.0
FLGR,2018-09-07,0.0
KEMQ,2018-09-07,-4.29
FLMX,2018-09-07,0.0
PBEE,2018-09-07,0.0
DJPY,2018-09-07,0.0
RBUS,2018-09-07,0.0
FLAU,2018-09-07,0.0
FLGB,2018-09-07,0.0
FFTG,2018-09-07,0.0
DEUR,2018-09-07,0.0
EMTY,2018-09-07,0.0
FFSG,2018-09-07,0.0
MXDU,2018-09-07,0.0
PBTP,2018-09-07,0.0
SECT,2018-09-07,0.0
FLKR,2018-09-07,0.0
BSCR,2018-09-07,0.0
UITB,2018-09-07,0.0
FLEH,2018-09-07,0.0
DALT,2018-09-07,0.0
AIEQ,2018-09-07,0.0
CLIX,2018-09-07,0.0
SPDV,2018-09-07,1.38
FLMB,2018-09-07,0.0
OMFS,2018-09-07,0.0
FLFR,2018-09-07,0.0
FLBR,2018-09-07,0.0
FLMI,2018-09-07,0.0
BAR,2018-09-07,0.0
CHGX,2018-09-07,0.0
FLJH,2018-09-07,0.0
BIBL,2018-09-07,0.0
KGRN,2018-09-07,0.0
PBSM,2018-09-07,0.0
JHSC,2018-09-07,0.0
RVRS,2018-09-07,0.0
CEY,2018-09-07,0.0
BUY,2018-09-07,0.0
DIVB,2018-09-07,0.0
DAUD,2018-09-07,0.0
FLHK,2018-09-07,0.0
MFEM,2018-09-07,0.0
JPED,2018-09-07,0.0
PBND,2018-09-07,0.0
GHYB,2018-09-07,0.0
ENTR,2018-09-07,1.83
FLCA,2018-09-07,0.0
EEMD,2018-09-07,0.0
GUDB,2018-09-07,0.0
HTRB,2018-09-07,25.39
FLEE,2018-09-07,0.0
DIAL,2018-09-07,0.0
IBDS,2018-09-07,0.0
JDIV,2018-09-07,0.0
VTC,2018-09-07,0.0
JMIN,2018-09-07,0.0
FLJP,2018-09-07,0.0
PBUS,2018-09-07,0.0
JMOM,2018-09-07,0.0
FMHI,2018-09-07,0.0
FLCH,2018-09-07,0.0
JQUA,2018-09-07,0.0
PBDM,2018-09-07,0.0
JVAL,2018-09-07,0.0
SDVY,2018-09-07,0.0
LFEQ,2018-09-07,0.0
BSJP,2018-09-07,0.0
DGBP,2018-09-07,0.0
MAGA,2018-09-07,0.0
MFDX,2018-09-07,0.0
USMC,2018-09-07,0.0
OMFL,2018-09-07,0.0
MFUS,2018-09-07,0.0
PILL,2018-09-07,0.0
FLIY,2018-09-07,0.0
PVAL,2018-09-07,0.0
NUBD,2018-09-07,0.0
FFIU,2018-09-07,0.0
DCHF,2018-09-07,0.0
OBOR,2018-09-07,-0.0
FLTW,2018-09-07,0.0
PLCY,2018-09-07,0.0
ACT,2018-09-07,0.0
MMIT,2018-09-07,0.0
PMOM,2018-09-07,0.0
SCHK,2018-09-07,0.0
PWS,2018-09-07,0.0
RBIN,2018-09-07,0.0
IZRL,2018-09-07,0.0
PFFD,2018-09-07,1.26
UEVM,2018-09-07,0.0
MMIN,2018-09-07,0.0
UIVM,2018-09-07,0.0
ULVM,2018-09-07,0.0
USHY,2018-09-07,12.12
XDIV,2018-09-07,-0.0
WLDR,2018-09-07,0.0
VXZ,2018-09-07,0.04
VFLQ,2018-09-07,0.0
USAI,2018-09-07,0.0
VFVA,2018-09-07,0.0
VFMO,2018-09-07,0.0
VFMF,2018-09-07,0.0
UJPY,2018-09-07,0.0
UAUD,2018-09-07,0.0
TMFC,2018-09-07,0.54
SHYL,2018-09-07,0.0
SDCI,2018-09-07,0.0
PULS,2018-09-07,0.0
UCHF,2018-09-07,0.0
PPTY,2018-09-07,0.0
PPEM,2018-09-07,0.0
PPDM,2018-09-07,0.0
MXDE,2018-09-07,0.0
SIMS,2018-09-07,0.0
MSUS,2018-09-07,0.0
LSST,2018-09-07,0.0
SPXB,2018-09-07,0.0
LQDI,2018-09-07,0.0
VFQY,2018-09-07,0.0
LEGR,2018-09-07,0.0
LDRS,2018-09-07,-1.26
FNGD,2018-09-07,0.0
IBMM,2018-09-07,0.0
PPMC,2018-09-07,0.0
FLRU,2018-09-07,0.0
FLIN,2018-09-07,0.0
VSL,2018-09-07,0.0
VETS,2018-09-07,0.0
HTAB,2018-09-07,0.0
FIDI,2018-09-07,0.0
CLRG,2018-09-07,0.0
FIYY,2018-09-07,0.0
BLOK,2018-09-07,0.0
IFRA,2018-09-07,0.0
FITE,2018-09-07,0.0
BDRY,2018-09-07,0.0
FLAX,2018-09-07,0.0
FIVA,2018-09-07,0.0
DRIV,2018-09-07,0.01
VXX,2018-09-07,0.0
CMDY,2018-09-07,0.0
IECS,2018-09-07,0.0
IETC,2018-09-07,0.0
UGBP,2018-09-07,0.0
HMOP,2018-09-07,0.0
DTEC,2018-09-07,5.85
IEFN,2018-09-07,0.0
FFEU,2018-09-07,0.0
BLCN,2018-09-07,0.0
FNGU,2018-09-07,0.0
HNDL,2018-09-07,0.0
VALQ,2018-09-07,1.04
IEHS,2018-09-07,0.0
ESML,2018-09-07,0.0
KURE,2018-09-07,-0.01
FTAG,2018-09-07,0.0
EKAR,2018-09-07,-0.0
KARS,2018-09-07,-0.01
HAIL,2018-09-07,0.0
HYDW,2018-09-07,0.0
QARP,2018-09-07,0.0
HYUP,2018-09-07,0.0
UEUR,2018-09-07,0.0
ROBT,2018-09-07,0.0
KOIN,2018-09-07,-0.0
IDIV,2018-09-07,-0.0
IEDI,2018-09-07,0.0
IEIH,2018-09-07,0.0
IEME,2018-09-07,0.0
IG,2018-09-07,0.0
JPMB,2018-09-07,0.0
UBOT,2018-09-07,0.0
DINT,2018-09-07,0.0
KNG,2018-09-07,0.0
VFMV,2018-09-07,0.0
FLSW,2018-09-07,0.0
DWCR,2018-09-07,0.0
KORP,2018-09-07,0.0
WOMN,2018-09-07,-0.0
VSGX,2018-09-07,0.0
UJUL,2018-09-07,0.0
UCON,2018-09-07,1.26
SRVR,2018-09-07,0.0
SZNE,2018-09-07,0.0
SLT,2018-09-07,0.0
SDGA,2018-09-07,0.0
QTUM,2018-09-07,0.0
PJUL,2018-09-07,0.0
PEXL,2018-09-07,0.0
OSCV,2018-09-07,0.0
OPER,2018-09-07,0.0
NTSX,2018-09-07,0.0
DWMC,2018-09-07,0.0
AAAU,2018-09-07,0.0
DVOL,2018-09-07,0.0
BNDW,2018-09-07,0.0
DALI,2018-09-07,1.05
CHNA,2018-09-07,0.0
FCTR,2018-09-07,0.0
BJUL,2018-09-07,0.0
TFLT,2018-09-07,0.0
BBCA,2018-09-07,0.0
BATT,2018-09-07,0.0
BBAX,2018-09-07,0.0
NACP,2018-09-07,0.0
ESGV,2018-09-07,0.0
BSJQ,2018-09-07,0.0
EASI,2018-09-07,0.0
TFIV,2018-09-07,0.0
BBRE,2018-09-07,0.0
JUST,2018-09-07,0.0
DRSK,2018-09-07,0.0
DWMF,2018-09-07,0.0
ONLN,2018-09-07,0.0
LOUP,2018-09-07,0.0
DVLU,2018-09-07,0.0
HYGV,2018-09-07,0.0
AIIQ,2018-09-07,0.0
KCCB,2018-09-07,0.0
BBJP,2018-09-07,0.0
KMED,2018-09-07,-0.0
BBEU,2018-09-07,0.0
FLDR,2018-09-07,0.0
BSCS,2018-09-07,0.0
AIQ,2018-09-07,-0.01
AUSF,2018-09-07,2.52
DWSH,2018-09-07,0.0
FNGZ,2018-09-07,0.0
EASG,2018-09-07,0.0
QDIV,2018-09-07,-0.0
FLHY,2018-09-07,0.0
PYPE,2018-09-07,0.0
EMMF,2018-09-07,0.0
FDHY,2018-09-07,0.0
OGIG,2018-09-07,0.0
FEUL,2018-09-07,0.17
XLC,2018-09-07,0.0
FLBL,2018-09-07,0.0
GLDM,2018-09-07,0.0
FLIA,2018-09-07,0.0
GNAF,2018-09-07,0.0
FNGO,2018-09-07,0.0
ACES,2018-09-07,0.0
HSRT,2018-09-07,0.0
IAUF,2018-09-07,0.0
IIGD,2018-09-07,0.0
IRBO,2018-09-07,0.0
PFFA,2018-09-07,0.0
IIGV,2018-09-07,0.0
INDS,2018-09-07,0.0
,2018-09-07,
