Ticker,Date,Net Flows*
XNTK,2017-10-20,0.0
XLY,2017-10-20,-91.14
IVV,2017-10-20,206.0
EWU,2017-10-20,0.0
IWR,2017-10-20,0.0
IYJ,2017-10-20,49.43
ILF,2017-10-20,0.0
IJK,2017-10-20,0.0
IXG,2017-10-20,0.0
SPY,2017-10-20,754.52
XLF,2017-10-20,30.28
IOO,2017-10-20,0.0
IJJ,2017-10-20,0.0
EWA,2017-10-20,0.0
IGV,2017-10-20,0.0
IVW,2017-10-20,0.0
IVE,2017-10-20,0.0
IYC,2017-10-20,0.0
XLK,2017-10-20,-9.1
IGN,2017-10-20,0.0
IUSV,2017-10-20,5.3
IGM,2017-10-20,0.0
EWT,2017-10-20,0.0
IWO,2017-10-20,0.0
XLP,2017-10-20,13.51
IGE,2017-10-20,0.0
EWI,2017-10-20,0.0
IJR,2017-10-20,115.52
IDU,2017-10-20,0.0
ICF,2017-10-20,-5.09
IUSG,2017-10-20,-36.1
XLB,2017-10-20,-8.73
EZU,2017-10-20,0.0
IBB,2017-10-20,-16.76
EWZ,2017-10-20,0.0
IEV,2017-10-20,0.0
IEF,2017-10-20,0.0
EPP,2017-10-20,0.0
DGT,2017-10-20,0.0
IWD,2017-10-20,0.0
SLYV,2017-10-20,0.0
EWG,2017-10-20,0.0
EWY,2017-10-20,0.0
IWN,2017-10-20,0.0
DIA,2017-10-20,150.55
EWC,2017-10-20,0.0
IYR,2017-10-20,-28.37
IJS,2017-10-20,0.0
XLV,2017-10-20,41.89
IWS,2017-10-20,0.0
IJH,2017-10-20,0.0
EWW,2017-10-20,26.28
EWM,2017-10-20,0.0
EWL,2017-10-20,0.0
IYG,2017-10-20,0.0
EWQ,2017-10-20,0.0
SPTM,2017-10-20,-1.59
RWR,2017-10-20,-4.68
EWJ,2017-10-20,0.0
EWO,2017-10-20,0.0
IWB,2017-10-20,0.0
EFA,2017-10-20,0.0
EWN,2017-10-20,0.0
EWP,2017-10-20,0.0
EWS,2017-10-20,0.0
IWV,2017-10-20,0.0
SHY,2017-10-20,0.0
EWD,2017-10-20,0.0
IJT,2017-10-20,0.0
IWF,2017-10-20,0.0
OEF,2017-10-20,-119.01
SLYG,2017-10-20,0.0
VTI,2017-10-20,-8.2
XLI,2017-10-20,18.04
IWM,2017-10-20,119.38
LQD,2017-10-20,72.74
IWP,2017-10-20,0.0
VXF,2017-10-20,0.0
IXC,2017-10-20,0.0
IXJ,2017-10-20,0.0
EWH,2017-10-20,0.0
IXN,2017-10-20,-7.36
IXP,2017-10-20,0.0
QQQ,2017-10-20,608.09
IYE,2017-10-20,0.0
MDY,2017-10-20,132.63
EWK,2017-10-20,0.0
IYF,2017-10-20,5.7
IYK,2017-10-20,0.0
IYM,2017-10-20,-4.91
IYW,2017-10-20,15.48
IYY,2017-10-20,0.0
XLE,2017-10-20,-23.67
IYZ,2017-10-20,0.0
SPYG,2017-10-20,0.0
SOXX,2017-10-20,0.0
IYH,2017-10-20,26.4
SPYV,2017-10-20,2.95
XLU,2017-10-20,0.0
XSVM,2017-10-20,0.0
XSD,2017-10-20,0.0
XMVM,2017-10-20,0.0
PKB,2017-10-20,0.0
JKG,2017-10-20,0.0
FVD,2017-10-20,13.65
FXI,2017-10-20,0.0
PHO,2017-10-20,0.0
XLG,2017-10-20,0.0
PID,2017-10-20,0.0
PEY,2017-10-20,0.0
PBS,2017-10-20,2.78
IYT,2017-10-20,0.0
MDYV,2017-10-20,0.0
RSP,2017-10-20,0.0
KBE,2017-10-20,0.0
XBI,2017-10-20,12.85
MDYG,2017-10-20,0.0
JKI,2017-10-20,0.0
JKH,2017-10-20,0.0
EFG,2017-10-20,0.0
PEJ,2017-10-20,0.0
PPA,2017-10-20,0.0
EFV,2017-10-20,0.0
PJP,2017-10-20,0.0
PBE,2017-10-20,0.0
ADRE,2017-10-20,0.0
PXJ,2017-10-20,0.0
KCE,2017-10-20,0.0
VBK,2017-10-20,0.0
DBC,2017-10-20,0.0
DVY,2017-10-20,0.0
FXE,2017-10-20,0.0
PFM,2017-10-20,0.0
ONEQ,2017-10-20,0.0
XSMO,2017-10-20,0.0
EZA,2017-10-20,0.0
VGK,2017-10-20,0.0
GLD,2017-10-20,0.0
IAU,2017-10-20,49.44
PBJ,2017-10-20,0.0
VOX,2017-10-20,0.0
VTV,2017-10-20,0.0
ITOT,2017-10-20,0.0
FEZ,2017-10-20,0.0
SPMD,2017-10-20,0.0
IWC,2017-10-20,0.0
PXE,2017-10-20,0.0
JKJ,2017-10-20,0.0
FDM,2017-10-20,0.0
JKD,2017-10-20,0.0
SUSA,2017-10-20,0.0
PRF,2017-10-20,0.0
JKK,2017-10-20,0.0
PSI,2017-10-20,0.0
SPHQ,2017-10-20,0.0
AGG,2017-10-20,43.81
VHT,2017-10-20,0.0
PSJ,2017-10-20,0.0
PWB,2017-10-20,0.0
PUI,2017-10-20,0.0
PWV,2017-10-20,0.0
TIP,2017-10-20,90.9
PXQ,2017-10-20,0.0
RFG,2017-10-20,0.0
RFV,2017-10-20,0.0
RPG,2017-10-20,0.0
JKL,2017-10-20,0.0
SDY,2017-10-20,0.0
XHB,2017-10-20,0.0
SLY,2017-10-20,0.0
TLT,2017-10-20,0.0
VFH,2017-10-20,0.0
SPLG,2017-10-20,0.0
VAW,2017-10-20,0.01
VB,2017-10-20,-57.12
VBR,2017-10-20,9.69
PBW,2017-10-20,0.0
JKF,2017-10-20,0.0
RZG,2017-10-20,0.0
VNQ,2017-10-20,0.02
XMMO,2017-10-20,0.0
VCR,2017-10-20,0.0
PWC,2017-10-20,0.0
EEM,2017-10-20,0.0
VDC,2017-10-20,0.0
VDE,2017-10-20,0.0
JKE,2017-10-20,0.0
VV,2017-10-20,8.81
VGT,2017-10-20,0.0
VIS,2017-10-20,0.0
VO,2017-10-20,3.73
VPL,2017-10-20,0.0
VPU,2017-10-20,0.0
KIE,2017-10-20,0.0
VUG,2017-10-20,0.01
PGJ,2017-10-20,0.0
FVL,2017-10-20,0.0
SPEU,2017-10-20,0.0
VWO,2017-10-20,187.25
XME,2017-10-20,0.0
IEO,2017-10-20,0.0
IAK,2017-10-20,0.0
GSP,2017-10-20,0.0
KRE,2017-10-20,70.66
FXF,2017-10-20,0.0
XOP,2017-10-20,-6.62
IEZ,2017-10-20,0.0
FXC,2017-10-20,0.0
EQWL,2017-10-20,7.61
FXA,2017-10-20,0.0
FXB,2017-10-20,0.0
DLN,2017-10-20,0.0
RZV,2017-10-20,0.0
FTCS,2017-10-20,-99.53
FPX,2017-10-20,0.0
RYH,2017-10-20,0.0
IHF,2017-10-20,0.0
VOE,2017-10-20,5.35
FDL,2017-10-20,0.0
DNL,2017-10-20,0.0
DDM,2017-10-20,-5.77
SSO,2017-10-20,-10.01
RYT,2017-10-20,0.0
QID,2017-10-20,0.0
DXD,2017-10-20,0.0
DWM,2017-10-20,0.0
IAT,2017-10-20,0.0
RCD,2017-10-20,0.0
PTH,2017-10-20,0.0
SDS,2017-10-20,6.76
DOL,2017-10-20,0.0
DIM,2017-10-20,0.0
FDN,2017-10-20,5.24
JXI,2017-10-20,0.0
GDX,2017-10-20,0.0
DFJ,2017-10-20,15.2
DOG,2017-10-20,0.0
RHS,2017-10-20,0.0
DXJ,2017-10-20,0.0
DJP,2017-10-20,0.0
DTH,2017-10-20,0.0
PYZ,2017-10-20,0.0
XRT,2017-10-20,-28.1
RYE,2017-10-20,0.0
IHE,2017-10-20,0.0
VYM,2017-10-20,2.07
DEW,2017-10-20,0.0
DLS,2017-10-20,0.0
ITB,2017-10-20,9.54
RYU,2017-10-20,0.0
SLX,2017-10-20,0.0
FBT,2017-10-20,0.0
DBV,2017-10-20,0.0
MXI,2017-10-20,0.0
GSG,2017-10-20,0.0
DFE,2017-10-20,0.0
PEZ,2017-10-20,0.0
DES,2017-10-20,0.0
PFI,2017-10-20,0.0
QQEW,2017-10-20,0.0
PSQ,2017-10-20,0.0
DON,2017-10-20,0.0
EVX,2017-10-20,0.0
EXI,2017-10-20,0.0
DSI,2017-10-20,0.0
DTN,2017-10-20,0.0
ITA,2017-10-20,9.08
DTD,2017-10-20,0.0
DHS,2017-10-20,0.0
RXI,2017-10-20,0.0
VOT,2017-10-20,6.19
IHI,2017-10-20,0.0
MVV,2017-10-20,0.0
RYF,2017-10-20,0.0
KXI,2017-10-20,0.0
MYY,2017-10-20,0.0
PSL,2017-10-20,0.0
DOO,2017-10-20,0.0
MZZ,2017-10-20,0.0
PRN,2017-10-20,0.0
XPH,2017-10-20,0.0
SH,2017-10-20,7.9
PSP,2017-10-20,0.0
RGI,2017-10-20,0.0
QTEC,2017-10-20,0.0
PTF,2017-10-20,0.0
PXI,2017-10-20,0.0
CVY,2017-10-20,0.0
PZD,2017-10-20,0.0
QLD,2017-10-20,-6.67
RPV,2017-10-20,0.0
RYJ,2017-10-20,0.0
RTM,2017-10-20,0.0
SLV,2017-10-20,0.0
USO,2017-10-20,-12.41
VIG,2017-10-20,0.0
IAI,2017-10-20,0.0
PRFZ,2017-10-20,0.0
XES,2017-10-20,-2.27
XMHQ,2017-10-20,0.0
VEU,2017-10-20,0.0
UYM,2017-10-20,0.0
UYG,2017-10-20,0.0
IEI,2017-10-20,0.0
HYG,2017-10-20,17.67
GII,2017-10-20,0.0
FYX,2017-10-20,0.0
FNX,2017-10-20,-3.14
FXO,2017-10-20,0.0
QCLN,2017-10-20,0.0
REM,2017-10-20,0.0
FXL,2017-10-20,0.0
DGL,2017-10-20,0.0
FXG,2017-10-20,-2.29
QSY,2017-10-20,0.0
FXZ,2017-10-20,-2.08
IGSB,2017-10-20,5.26
FRI,2017-10-20,0.0
PFF,2017-10-20,-3.85
GXC,2017-10-20,0.0
SIJ,2017-10-20,0.0
FEX,2017-10-20,0.0
EZM,2017-10-20,0.0
DBB,2017-10-20,0.0
GBF,2017-10-20,0.0
GWX,2017-10-20,0.0
DBO,2017-10-20,0.0
SZK,2017-10-20,0.0
DIG,2017-10-20,0.0
RSX,2017-10-20,-11.14
CZA,2017-10-20,0.0
REZ,2017-10-20,0.0
DBS,2017-10-20,0.0
EES,2017-10-20,0.0
RWX,2017-10-20,0.0
CWI,2017-10-20,0.0
GVI,2017-10-20,0.0
BLV,2017-10-20,0.0
FAB,2017-10-20,0.0
FAD,2017-10-20,0.0
CSD,2017-10-20,5.11
BIV,2017-10-20,0.0
RESP,2017-10-20,0.0
PDP,2017-10-20,0.0
BSV,2017-10-20,0.0
FXH,2017-10-20,-3.42
SAA,2017-10-20,0.0
SMN,2017-10-20,0.0
DEF,2017-10-20,0.0
BND,2017-10-20,40.91
UWM,2017-10-20,0.0
GMF,2017-10-20,0.0
URE,2017-10-20,0.0
DUG,2017-10-20,0.0
EPS,2017-10-20,0.0
IGIB,2017-10-20,0.0
RXD,2017-10-20,0.0
MBB,2017-10-20,0.0
PGF,2017-10-20,0.0
SMOG,2017-10-20,0.0
PKW,2017-10-20,-2.83
QQXT,2017-10-20,0.0
DBA,2017-10-20,0.0
SSG,2017-10-20,0.0
REW,2017-10-20,0.0
ROM,2017-10-20,0.0
SHV,2017-10-20,121.36
RWM,2017-10-20,0.0
RXL,2017-10-20,0.0
FXN,2017-10-20,0.0
SBB,2017-10-20,0.0
FXR,2017-10-20,0.0
SCC,2017-10-20,0.0
SDD,2017-10-20,0.0
FXY,2017-10-20,0.0
SDP,2017-10-20,0.0
UPW,2017-10-20,0.0
SKF,2017-10-20,0.0
FXD,2017-10-20,0.0
SPDW,2017-10-20,6.21
SPEM,2017-10-20,0.0
DBE,2017-10-20,0.0
UDN,2017-10-20,0.0
SRS,2017-10-20,7.47
TLH,2017-10-20,0.0
UNG,2017-10-20,19.01
TUSA,2017-10-20,0.0
UXI,2017-10-20,0.0
TWM,2017-10-20,0.0
FXU,2017-10-20,0.0
UCC,2017-10-20,0.0
FTA,2017-10-20,0.0
DBP,2017-10-20,0.0
UGE,2017-10-20,0.0
USD,2017-10-20,0.0
USIG,2017-10-20,0.0
FTC,2017-10-20,0.0
USRT,2017-10-20,0.0
UUP,2017-10-20,0.0
WIP,2017-10-20,0.0
USL,2017-10-20,0.0
PBP,2017-10-20,0.0
SHM,2017-10-20,0.0
GRU,2017-10-20,-0.06
PCY,2017-10-20,0.0
GCC,2017-10-20,0.0
DEM,2017-10-20,0.0
FDD,2017-10-20,0.0
RWL,2017-10-20,2.42
FXP,2017-10-20,0.0
EWV,2017-10-20,0.0
TUR,2017-10-20,0.0
GSY,2017-10-20,0.0
MLN,2017-10-20,4.06
MUB,2017-10-20,0.0
EUM,2017-10-20,0.0
EMB,2017-10-20,11.62
EEH,2017-10-20,-0.01
NLR,2017-10-20,0.0
WPS,2017-10-20,0.0
IDV,2017-10-20,8.47
EIS,2017-10-20,0.0
DGP,2017-10-20,0.0
DWX,2017-10-20,0.0
PBD,2017-10-20,0.0
THD,2017-10-20,0.0
FFR,2017-10-20,0.0
CMF,2017-10-20,0.0
ACWX,2017-10-20,0.0
VEA,2017-10-20,307.96
RJA,2017-10-20,-0.53
IFGL,2017-10-20,0.0
FGD,2017-10-20,0.0
BWX,2017-10-20,0.0
DZZ,2017-10-20,0.0
SPTI,2017-10-20,0.0
BJK,2017-10-20,0.0
PHB,2017-10-20,0.0
SCZ,2017-10-20,0.0
FIW,2017-10-20,0.0
FCG,2017-10-20,0.0
AIA,2017-10-20,0.0
DGS,2017-10-20,0.0
PLW,2017-10-20,-1.64
CUT,2017-10-20,0.0
CGW,2017-10-20,39.36
MGK,2017-10-20,-2.66
FUE,2017-10-20,-0.01
EFZ,2017-10-20,0.0
IDHQ,2017-10-20,0.0
LTL,2017-10-20,0.0
SMB,2017-10-20,0.0
DGZ,2017-10-20,0.0
EPI,2017-10-20,0.0
ECH,2017-10-20,0.0
EDV,2017-10-20,0.0
BIL,2017-10-20,0.0
EEV,2017-10-20,0.0
IEUS,2017-10-20,0.0
NYF,2017-10-20,0.0
GCE,2017-10-20,0.0
PWZ,2017-10-20,0.0
EFU,2017-10-20,0.0
IGF,2017-10-20,0.0
ITM,2017-10-20,14.57
PIO,2017-10-20,0.0
JNK,2017-10-20,0.0
PZA,2017-10-20,0.0
IFEU,2017-10-20,0.0
MOO,2017-10-20,0.0
PGX,2017-10-20,3.0
PIE,2017-10-20,0.0
PIN,2017-10-20,0.0
GSC,2017-10-20,0.0
DRW,2017-10-20,-1.59
PIZ,2017-10-20,0.0
PVI,2017-10-20,0.0
ACWI,2017-10-20,0.0
PDN,2017-10-20,0.0
PXF,2017-10-20,0.0
BKF,2017-10-20,0.0
MGV,2017-10-20,0.0
PXH,2017-10-20,0.0
PZT,2017-10-20,0.0
RJI,2017-10-20,-0.44
RJN,2017-10-20,-0.06
RJZ,2017-10-20,0.05
SCJ,2017-10-20,0.0
RWJ,2017-10-20,0.0
RWK,2017-10-20,0.0
MGC,2017-10-20,0.0
SPAB,2017-10-20,2.88
SPIP,2017-10-20,0.0
KOL,2017-10-20,-0.75
SPTL,2017-10-20,0.0
TFI,2017-10-20,0.0
FNI,2017-10-20,0.0
TOK,2017-10-20,0.0
UGA,2017-10-20,0.0
YCS,2017-10-20,0.0
YCL,2017-10-20,0.0
ICLN,2017-10-20,0.0
HYD,2017-10-20,12.52
CYB,2017-10-20,0.0
HAP,2017-10-20,0.0
TMF,2017-10-20,0.0
SPIB,2017-10-20,0.0
GXF,2017-10-20,0.0
EFO,2017-10-20,0.0
EDC,2017-10-20,0.0
STPZ,2017-10-20,0.0
EZJ,2017-10-20,0.0
GXG,2017-10-20,0.05
MCRO,2017-10-20,0.0
RWO,2017-10-20,0.0
TECS,2017-10-20,0.41
EUO,2017-10-20,0.0
MIDU,2017-10-20,0.0
EQL,2017-10-20,0.0
FUD,2017-10-20,0.0
TBF,2017-10-20,0.0
FLM,2017-10-20,0.0
EMIF,2017-10-20,0.0
ISHG,2017-10-20,0.0
SPXU,2017-10-20,0.0
AAXJ,2017-10-20,0.0
DRN,2017-10-20,0.0
PNQI,2017-10-20,0.0
TZA,2017-10-20,0.0
UGL,2017-10-20,0.0
EPU,2017-10-20,0.0
EWX,2017-10-20,0.0
SIVR,2017-10-20,0.0
AOA,2017-10-20,2.71
AMJ,2017-10-20,24.65
PSR,2017-10-20,0.0
IWL,2017-10-20,0.0
DDG,2017-10-20,0.0
QAI,2017-10-20,0.0
FAS,2017-10-20,-2.95
AOM,2017-10-20,1.91
AGQ,2017-10-20,0.0
AFK,2017-10-20,0.0
BWZ,2017-10-20,0.0
EET,2017-10-20,0.0
AGZ,2017-10-20,0.0
TBT,2017-10-20,-3.5
CWB,2017-10-20,0.0
GLL,2017-10-20,0.0
AOR,2017-10-20,2.26
SPXL,2017-10-20,20.15
IDX,2017-10-20,0.0
DRV,2017-10-20,0.0
ZSL,2017-10-20,0.0
IGOV,2017-10-20,7.4
EPV,2017-10-20,0.0
BRF,2017-10-20,0.0
CEW,2017-10-20,0.0
UPRO,2017-10-20,-12.27
DZK,2017-10-20,0.0
AOK,2017-10-20,0.0
FAN,2017-10-20,0.0
EDZ,2017-10-20,-2.56
IWX,2017-10-20,0.0
SUB,2017-10-20,0.0
LD,2017-10-20,0.0
FAZ,2017-10-20,0.0
LTPZ,2017-10-20,0.0
NIB,2017-10-20,1.69
PSK,2017-10-20,0.0
SPXS,2017-10-20,1.72
BZQ,2017-10-20,0.0
PST,2017-10-20,0.0
RDOG,2017-10-20,0.0
UCI,2017-10-20,0.0
SEF,2017-10-20,0.0
UBG,2017-10-20,0.0
SPMB,2017-10-20,0.0
TAN,2017-10-20,0.0
TMV,2017-10-20,5.63
TNA,2017-10-20,0.0
TECL,2017-10-20,0.0
TIPZ,2017-10-20,0.0
TYD,2017-10-20,0.0
WOOD,2017-10-20,4.14
SPLB,2017-10-20,0.0
TYO,2017-10-20,0.0
ULE,2017-10-20,0.0
CSM,2017-10-20,55.53
UAG,2017-10-20,0.0
SCO,2017-10-20,0.0
QABA,2017-10-20,0.0
UCO,2017-10-20,0.0
USV,2017-10-20,0.0
VT,2017-10-20,43.2
VNM,2017-10-20,0.0
VSS,2017-10-20,23.19
XPP,2017-10-20,0.0
ZROZ,2017-10-20,0.0
YANG,2017-10-20,0.0
MUNI,2017-10-20,0.0
SPSB,2017-10-20,0.0
MLPI,2017-10-20,0.0
INDY,2017-10-20,0.0
UPV,2017-10-20,0.0
PSCI,2017-10-20,0.0
VGIT,2017-10-20,0.0
IBND,2017-10-20,0.0
MNA,2017-10-20,3.08
CHIM,2017-10-20,-0.0
PALL,2017-10-20,0.0
MINT,2017-10-20,0.0
PSCM,2017-10-20,0.0
CHIQ,2017-10-20,-0.05
FTRI,2017-10-20,0.0
EUSA,2017-10-20,0.0
PSCT,2017-10-20,4.0
EPOL,2017-10-20,0.0
AADR,2017-10-20,2.84
CHII,2017-10-20,0.0
CHIC,2017-10-20,-0.0
PSCE,2017-10-20,0.0
BIB,2017-10-20,0.0
SIL,2017-10-20,1.72
BIS,2017-10-20,0.0
PCEF,2017-10-20,0.0
INDL,2017-10-20,0.0
DTUL,2017-10-20,0.0
EIDO,2017-10-20,0.0
PSCU,2017-10-20,0.0
BAB,2017-10-20,0.0
COPX,2017-10-20,0.01
YINN,2017-10-20,1.6
BNO,2017-10-20,0.0
PSCC,2017-10-20,0.0
EIRL,2017-10-20,0.0
LBJ,2017-10-20,0.0
SDOW,2017-10-20,0.0
SBM,2017-10-20,0.0
BICK,2017-10-20,2.93
CHIX,2017-10-20,-0.0
URTY,2017-10-20,-3.88
IWY,2017-10-20,0.0
EMLC,2017-10-20,0.0
SCHV,2017-10-20,2.64
DJCI,2017-10-20,0.0
CPI,2017-10-20,0.0
GRID,2017-10-20,0.0
CQQQ,2017-10-20,0.0
CORN,2017-10-20,0.0
CHIE,2017-10-20,0.0
SCHA,2017-10-20,6.78
GDXJ,2017-10-20,0.0
YXI,2017-10-20,0.0
PICB,2017-10-20,0.0
SCHG,2017-10-20,0.0
MLPG,2017-10-20,0.0
PPLT,2017-10-20,0.0
PSCD,2017-10-20,2.78
PSCF,2017-10-20,0.0
PSCH,2017-10-20,0.0
TQQQ,2017-10-20,-6.04
REK,2017-10-20,0.0
RETL,2017-10-20,0.0
SCHB,2017-10-20,0.0
SCHR,2017-10-20,2.69
SCHC,2017-10-20,0.0
SCHE,2017-10-20,0.0
ILTB,2017-10-20,0.0
LIT,2017-10-20,6.03
SCHF,2017-10-20,0.0
SOXL,2017-10-20,0.0
SCHO,2017-10-20,0.0
EGPT,2017-10-20,0.0
SOXS,2017-10-20,0.0
UMDD,2017-10-20,-2.55
SCHP,2017-10-20,0.0
UDOW,2017-10-20,-73.28
SCHX,2017-10-20,0.0
SMDD,2017-10-20,0.0
VMBS,2017-10-20,5.27
EUFN,2017-10-20,0.0
SQQQ,2017-10-20,0.0
SRTY,2017-10-20,0.0
UBR,2017-10-20,0.0
FTAG,2017-10-20,0.0
UBT,2017-10-20,0.0
UNL,2017-10-20,0.0
GRES,2017-10-20,0.0
SMMU,2017-10-20,0.0
UST,2017-10-20,0.0
VCLT,2017-10-20,0.0
VCSH,2017-10-20,15.99
HEDJ,2017-10-20,0.0
VGLT,2017-10-20,3.86
IGLB,2017-10-20,0.0
VCIT,2017-10-20,52.75
VGSH,2017-10-20,27.27
XTN,2017-10-20,0.0
XTL,2017-10-20,0.0
HDV,2017-10-20,0.0
FYC,2017-10-20,-2.08
GOEX,2017-10-20,-0.01
GNR,2017-10-20,0.0
FDT,2017-10-20,23.95
GLTR,2017-10-20,0.0
GLCN,2017-10-20,0.0
SPHB,2017-10-20,6.02
FLN,2017-10-20,-1.13
GLIN,2017-10-20,0.0
FBZ,2017-10-20,0.0
VNQI,2017-10-20,0.0
EMAG,2017-10-20,0.0
FEP,2017-10-20,0.0
FEM,2017-10-20,0.0
FCA,2017-10-20,0.0
TBX,2017-10-20,0.0
ECNS,2017-10-20,0.0
BKLN,2017-10-20,0.0
ERUS,2017-10-20,0.0
VXUS,2017-10-20,0.99
CORP,2017-10-20,0.0
FYT,2017-10-20,0.0
VTWV,2017-10-20,0.0
VTWG,2017-10-20,0.0
IVOG,2017-10-20,0.0
FMK,2017-10-20,0.0
BDCS,2017-10-20,0.0
FNY,2017-10-20,0.0
FNK,2017-10-20,0.0
AMLP,2017-10-20,32.69
FJP,2017-10-20,0.0
ASEA,2017-10-20,-0.0
FLAT,2017-10-20,0.0
DTUS,2017-10-20,0.0
EWSC,2017-10-20,0.0
FKO,2017-10-20,0.0
ELD,2017-10-20,0.0
ECON,2017-10-20,0.0
ARGT,2017-10-20,0.0
VONE,2017-10-20,0.0
BCM,2017-10-20,0.05
FPA,2017-10-20,0.0
DTYL,2017-10-20,0.0
ZIV,2017-10-20,0.0
VOOG,2017-10-20,0.0
ENZL,2017-10-20,0.0
XHE,2017-10-20,0.0
EWMC,2017-10-20,0.0
WTMF,2017-10-20,0.0
HYLD,2017-10-20,0.0
MLPY,2017-10-20,0.0
CROP,2017-10-20,0.0
HYMB,2017-10-20,0.0
STIP,2017-10-20,0.0
SCHH,2017-10-20,6.23
IVOO,2017-10-20,0.0
HDGE,2017-10-20,0.0
IVOV,2017-10-20,0.0
TVIX,2017-10-20,0.0
EBND,2017-10-20,0.0
NXTG,2017-10-20,0.0
KBWD,2017-10-20,1.21
KBWY,2017-10-20,1.91
MCHI,2017-10-20,0.0
VQT,2017-10-20,0.0
NORW,2017-10-20,-0.03
URA,2017-10-20,-0.02
EPHE,2017-10-20,0.0
VIXM,2017-10-20,0.59
OLEM,2017-10-20,0.0
RALS,2017-10-20,-1.88
FLTR,2017-10-20,0.0
SPLV,2017-10-20,0.0
REMX,2017-10-20,2.72
SCHM,2017-10-20,2.54
RSXJ,2017-10-20,0.0
SJB,2017-10-20,0.0
KBWP,2017-10-20,0.0
SPBO,2017-10-20,0.0
CARZ,2017-10-20,0.0
STPP,2017-10-20,0.0
EWZS,2017-10-20,0.0
TYBS,2017-10-20,0.0
UJB,2017-10-20,0.0
USCI,2017-10-20,0.0
VIIX,2017-10-20,0.72
VIOG,2017-10-20,0.0
VIOO,2017-10-20,0.0
VIOV,2017-10-20,0.0
VONG,2017-10-20,0.0
VONV,2017-10-20,0.0
VIXY,2017-10-20,0.0
VOO,2017-10-20,102.91
VOOV,2017-10-20,0.0
VTHR,2017-10-20,0.0
EDIV,2017-10-20,0.0
VTWO,2017-10-20,0.0
XVZ,2017-10-20,0.0
XMPT,2017-10-20,0.0
XHS,2017-10-20,0.0
FEMS,2017-10-20,0.0
FLOT,2017-10-20,0.0
DBJP,2017-10-20,0.0
SMIN,2017-10-20,0.0
SOCL,2017-10-20,0.03
FHK,2017-10-20,0.0
FCAN,2017-10-20,0.0
BBH,2017-10-20,0.0
FDTS,2017-10-20,0.0
GUNR,2017-10-20,0.0
FRAK,2017-10-20,0.0
EWGS,2017-10-20,0.0
RING,2017-10-20,1.9
UGLD,2017-10-20,0.0
EFNL,2017-10-20,0.0
EFAV,2017-10-20,0.0
CHEP,2017-10-20,0.0
KBWR,2017-10-20,0.0
EWUS,2017-10-20,0.0
USMV,2017-10-20,10.27
EEMV,2017-10-20,0.0
EEMS,2017-10-20,0.0
CURE,2017-10-20,0.0
XSW,2017-10-20,0.0
GNMA,2017-10-20,0.0
CMBS,2017-10-20,0.0
HDG,2017-10-20,0.0
SPGP,2017-10-20,0.0
XAR,2017-10-20,0.0
DBEF,2017-10-20,0.0
CANE,2017-10-20,0.0
FKU,2017-10-20,-1.93
PPH,2017-10-20,0.0
SVXY,2017-10-20,0.0
GOVT,2017-10-20,2.52
ACWV,2017-10-20,0.0
DBLV,2017-10-20,13.6
GREK,2017-10-20,0.26
MORT,2017-10-20,0.0
FGM,2017-10-20,2.42
EELV,2017-10-20,0.0
INDA,2017-10-20,0.0
FAUS,2017-10-20,0.0
BOIL,2017-10-20,0.0
SLVP,2017-10-20,0.0
CPER,2017-10-20,0.0
FILL,2017-10-20,0.0
RTH,2017-10-20,0.0
DBEM,2017-10-20,0.0
DBGR,2017-10-20,0.0
FWDB,2017-10-20,0.0
ENOR,2017-10-20,0.0
DFVL,2017-10-20,0.0
DFVS,2017-10-20,0.0
URTH,2017-10-20,0.0
DGLD,2017-10-20,0.0
MOM,2017-10-20,0.0
FLRN,2017-10-20,0.0
DSLV,2017-10-20,0.0
DVYA,2017-10-20,0.0
INCO,2017-10-20,0.0
DGAZ,2017-10-20,0.0
SKYY,2017-10-20,0.0
EDEN,2017-10-20,0.0
HYS,2017-10-20,10.18
PFIG,2017-10-20,0.0
BTAL,2017-10-20,0.0
IDLV,2017-10-20,0.0
IPFF,2017-10-20,0.0
KBWB,2017-10-20,0.0
PICK,2017-10-20,0.0
KNOW,2017-10-20,0.0
KOLD,2017-10-20,0.0
TDTT,2017-10-20,0.0
LEMB,2017-10-20,0.0
NFTY,2017-10-20,0.0
OIH,2017-10-20,-70.78
SCHZ,2017-10-20,5.23
QLTA,2017-10-20,0.0
ROOF,2017-10-20,0.0
EEMA,2017-10-20,0.0
SCHD,2017-10-20,0.0
SDIV,2017-10-20,0.28
SMH,2017-10-20,-73.37
SOIL,2017-10-20,0.01
UGAZ,2017-10-20,-5.13
SPTS,2017-10-20,0.0
SPVM,2017-10-20,0.0
TDTF,2017-10-20,0.0
UVXY,2017-10-20,2.35
TILT,2017-10-20,0.0
RINF,2017-10-20,0.0
VEGI,2017-10-20,0.0
FSZ,2017-10-20,0.0
USLV,2017-10-20,0.0
SOYB,2017-10-20,0.0
WEAT,2017-10-20,0.0
YYY,2017-10-20,-0.06
XSLV,2017-10-20,0.0
IEMG,2017-10-20,0.0
IEFA,2017-10-20,0.0
IDMO,2017-10-20,0.0
SNLN,2017-10-20,3.55
HYLS,2017-10-20,0.0
GLDI,2017-10-20,0.04
GAL,2017-10-20,0.0
FTSL,2017-10-20,0.0
AMU,2017-10-20,0.0
DVYE,2017-10-20,0.0
PFXF,2017-10-20,0.0
FPE,2017-10-20,7.05
IBCE,2017-10-20,0.0
EUFX,2017-10-20,0.0
EMLP,2017-10-20,4.98
ICOL,2017-10-20,0.0
GHYG,2017-10-20,0.0
GYLD,2017-10-20,0.0
SYLD,2017-10-20,-0.0
HYEM,2017-10-20,0.0
BSCK,2017-10-20,0.0
XMLV,2017-10-20,0.0
IQDE,2017-10-20,0.0
DWPP,2017-10-20,0.0
GURU,2017-10-20,0.01
BIZD,2017-10-20,0.0
IHY,2017-10-20,0.0
CEMB,2017-10-20,0.0
BFOR,2017-10-20,0.0
IQDF,2017-10-20,0.0
BOND,2017-10-20,0.0
SMLV,2017-10-20,0.0
NGE,2017-10-20,0.01
MDIV,2017-10-20,0.0
DGRW,2017-10-20,0.0
RVNU,2017-10-20,0.0
CROC,2017-10-20,0.0
INKM,2017-10-20,0.0
IMLP,2017-10-20,0.0
MLPA,2017-10-20,0.02
SPHY,2017-10-20,0.0
TDIV,2017-10-20,0.0
DIV,2017-10-20,0.08
HYHG,2017-10-20,0.0
BNDX,2017-10-20,4.1
EEMO,2017-10-20,1.03
EMCB,2017-10-20,0.0
ANGL,2017-10-20,4.54
EMHY,2017-10-20,12.69
MRGR,2017-10-20,0.0
IQDY,2017-10-20,0.0
ISTB,2017-10-20,0.0
VEGA,2017-10-20,0.0
IXUS,2017-10-20,0.0
DWAS,2017-10-20,0.0
IYLD,2017-10-20,-1.29
KORU,2017-10-20,-2.7
VLU,2017-10-20,0.0
LGLV,2017-10-20,0.0
MMTM,2017-10-20,0.0
SJNK,2017-10-20,41.82
QDF,2017-10-20,0.0
MINC,2017-10-20,0.0
VTIP,2017-10-20,1.24
PHDG,2017-10-20,0.0
QDEF,2017-10-20,0.0
PEX,2017-10-20,0.0
QDYN,2017-10-20,0.0
CXSE,2017-10-20,2.03
QMN,2017-10-20,0.0
MOAT,2017-10-20,0.0
QQQE,2017-10-20,0.0
RLY,2017-10-20,0.0
SDOG,2017-10-20,0.0
WDIV,2017-10-20,3.43
SDYL,2017-10-20,0.0
FM,2017-10-20,0.0
MTUM,2017-10-20,0.0
SILJ,2017-10-20,0.0
SIZE,2017-10-20,0.0
CAPE,2017-10-20,0.03
SLVO,2017-10-20,0.09
SPFF,2017-10-20,-0.14
SPGM,2017-10-20,0.0
SRLN,2017-10-20,2.37
HYXU,2017-10-20,0.0
ALFA,2017-10-20,0.0
RAVI,2017-10-20,0.0
TAGS,2017-10-20,0.0
SPHD,2017-10-20,0.0
TIPX,2017-10-20,0.0
TLTD,2017-10-20,0.0
TLTE,2017-10-20,0.0
TTT,2017-10-20,0.0
ATMP,2017-10-20,0.24
VLUE,2017-10-20,0.0
EINC,2017-10-20,0.0
VWOB,2017-10-20,0.0
VUSE,2017-10-20,6.29
VRP,2017-10-20,2.6
SLQD,2017-10-20,0.0
FTHI,2017-10-20,0.0
BSJK,2017-10-20,0.0
GQRE,2017-10-20,0.0
AIRR,2017-10-20,11.71
FTEC,2017-10-20,0.0
FSTA,2017-10-20,1.62
HOLD,2017-10-20,0.0
VIDI,2017-10-20,0.0
FNDF,2017-10-20,0.0
FTLB,2017-10-20,0.0
HEWJ,2017-10-20,0.0
FNDA,2017-10-20,0.0
FNCL,2017-10-20,0.0
FID,2017-10-20,0.0
ENFR,2017-10-20,0.0
FNDX,2017-10-20,5.35
FENY,2017-10-20,0.0
FDIS,2017-10-20,0.0
ROBO,2017-10-20,11.99
DGRE,2017-10-20,0.0
BYLD,2017-10-20,0.0
EMFM,2017-10-20,0.0
TOLZ,2017-10-20,0.0
ASHR,2017-10-20,0.0
ZMLP,2017-10-20,0.0
QYLD,2017-10-20,0.0
AGZD,2017-10-20,0.0
FNDE,2017-10-20,20.53
FIDU,2017-10-20,0.0
FMF,2017-10-20,0.0
FMAT,2017-10-20,0.0
FTGC,2017-10-20,0.0
BSCL,2017-10-20,0.0
FV,2017-10-20,0.0
FNDC,2017-10-20,0.0
PGHY,2017-10-20,1.21
DBAW,2017-10-20,0.0
EMSH,2017-10-20,0.0
MLPC,2017-10-20,0.0
DGRS,2017-10-20,0.0
DXJS,2017-10-20,0.0
FUTY,2017-10-20,0.0
FMB,2017-10-20,0.0
HEFA,2017-10-20,0.0
DBEU,2017-10-20,0.0
EDOG,2017-10-20,0.0
HYZD,2017-10-20,0.0
IPO,2017-10-20,0.0
DDIV,2017-10-20,12.47
FTSD,2017-10-20,0.0
GVAL,2017-10-20,0.0
NOBL,2017-10-20,-152.23
DXGE,2017-10-20,0.0
EUDG,2017-10-20,0.0
FHLC,2017-10-20,0.0
EURL,2017-10-20,0.0
HAUZ,2017-10-20,0.0
QUAL,2017-10-20,0.0
HEWG,2017-10-20,0.0
HSPX,2017-10-20,0.0
IBDD,2017-10-20,0.0
SHYD,2017-10-20,0.0
FYLD,2017-10-20,0.02
ICSH,2017-10-20,0.0
FCOM,2017-10-20,0.0
IDOG,2017-10-20,1.42
FNDB,2017-10-20,0.0
IGHG,2017-10-20,0.0
IPKW,2017-10-20,1.77
BSCM,2017-10-20,0.0
ISRA,2017-10-20,0.0
USDU,2017-10-20,0.0
NEAR,2017-10-20,5.02
IHDG,2017-10-20,0.0
KFYP,2017-10-20,-0.0
CN,2017-10-20,0.0
KWEB,2017-10-20,14.64
LDUR,2017-10-20,0.0
KBA,2017-10-20,0.03
NFRA,2017-10-20,0.0
QAT,2017-10-20,0.0
USFR,2017-10-20,0.0
UAE,2017-10-20,0.0
PGAL,2017-10-20,0.01
RDIV,2017-10-20,0.0
OUNZ,2017-10-20,0.0
RDVY,2017-10-20,0.0
JPNL,2017-10-20,0.0
RIGS,2017-10-20,0.0
SHYG,2017-10-20,0.0
SPSM,2017-10-20,0.0
SYE,2017-10-20,0.0
MLPX,2017-10-20,1.24
SYG,2017-10-20,0.0
SYV,2017-10-20,0.0
TFLO,2017-10-20,0.0
ULST,2017-10-20,0.0
ZGBR,2017-10-20,0.0
GAA,2017-10-20,0.01
PPSC,2017-10-20,1.74
SBIO,2017-10-20,0.0
DBEZ,2017-10-20,0.0
FEUZ,2017-10-20,0.0
IBMI,2017-10-20,0.0
FLGE,2017-10-20,1.96
WBII,2017-10-20,0.0
FCOR,2017-10-20,0.0
ZDEU,2017-10-20,0.0
VBND,2017-10-20,0.0
ZJPN,2017-10-20,0.0
DWAT,2017-10-20,0.0
IBDL,2017-10-20,0.0
LOWC,2017-10-20,0.0
DIVY,2017-10-20,0.65
DIVA,2017-10-20,0.0
BSJM,2017-10-20,0.0
EMQQ,2017-10-20,0.05
DAX,2017-10-20,0.0
SPUU,2017-10-20,0.0
BBP,2017-10-20,0.0
BBC,2017-10-20,0.0
TAPR,2017-10-20,0.0
ARKK,2017-10-20,3.43
ALTS,2017-10-20,0.0
CFO,2017-10-20,0.0
CSF,2017-10-20,0.0
ASHS,2017-10-20,0.0
FTSM,2017-10-20,0.0
ARKW,2017-10-20,0.0
FBND,2017-10-20,0.0
HEEM,2017-10-20,0.0
FBGX,2017-10-20,0.0
ARKG,2017-10-20,0.0
DIVC,2017-10-20,0.0
RODI,2017-10-20,0.0
FTLS,2017-10-20,0.0
AMZA,2017-10-20,0.0
SKOR,2017-10-20,0.0
LQDH,2017-10-20,0.0
WBIF,2017-10-20,0.0
EFAD,2017-10-20,0.0
BSCO,2017-10-20,0.0
BSJL,2017-10-20,2.52
FPXI,2017-10-20,0.0
FDIV,2017-10-20,0.0
CFA,2017-10-20,9.28
JPMV,2017-10-20,0.0
DGRO,2017-10-20,0.0
CBON,2017-10-20,0.0
FEMB,2017-10-20,0.0
EQAL,2017-10-20,0.0
CDC,2017-10-20,4.51
LMBS,2017-10-20,20.78
CIZ,2017-10-20,0.0
BSCN,2017-10-20,0.0
WBIG,2017-10-20,0.0
CNXT,2017-10-20,0.0
QEMM,2017-10-20,0.0
COMT,2017-10-20,0.0
IMTM,2017-10-20,0.0
FLTB,2017-10-20,0.0
DEEP,2017-10-20,0.0
CRBN,2017-10-20,0.0
PPLC,2017-10-20,0.0
HACK,2017-10-20,0.0
HEZU,2017-10-20,0.0
HIPS,2017-10-20,0.0
QVAL,2017-10-20,0.0
IEUR,2017-10-20,0.0
IFV,2017-10-20,0.0
REET,2017-10-20,0.0
SMEZ,2017-10-20,0.0
IPAC,2017-10-20,0.0
MLPO,2017-10-20,0.54
ZCAN,2017-10-20,0.0
IPOS,2017-10-20,0.0
IQLT,2017-10-20,0.0
IUSB,2017-10-20,0.0
IVAL,2017-10-20,0.0
HYGH,2017-10-20,0.0
JPEM,2017-10-20,0.0
WBIE,2017-10-20,0.0
JPGE,2017-10-20,0.0
JPIN,2017-10-20,0.0
KCNY,2017-10-20,0.0
ARKQ,2017-10-20,0.0
QWLD,2017-10-20,0.0
MBSD,2017-10-20,0.0
PDBC,2017-10-20,0.0
EUMV,2017-10-20,0.0
GMOM,2017-10-20,1.34
QEFA,2017-10-20,0.0
SGDM,2017-10-20,0.0
SMLL,2017-10-20,0.0
WBIL,2017-10-20,0.0
WIL,2017-10-20,0.0
XSOE,2017-10-20,0.0
XT,2017-10-20,20.92
XRLV,2017-10-20,0.0
IBMK,2017-10-20,0.0
IBDO,2017-10-20,0.0
KLDW,2017-10-20,0.0
IBDN,2017-10-20,0.0
IBDM,2017-10-20,0.0
RODM,2017-10-20,0.0
HFXJ,2017-10-20,0.0
SMDV,2017-10-20,0.0
HEWY,2017-10-20,0.0
HEWU,2017-10-20,0.0
HFXI,2017-10-20,0.0
CID,2017-10-20,0.0
CDL,2017-10-20,0.0
QVM,2017-10-20,0.0
HEWP,2017-10-20,0.0
HEWC,2017-10-20,0.0
TPYP,2017-10-20,1.16
HAWX,2017-10-20,0.0
YLD,2017-10-20,0.0
HEWI,2017-10-20,0.0
HAUD,2017-10-20,0.0
CIBR,2017-10-20,3.31
IBMJ,2017-10-20,0.0
AFTY,2017-10-20,0.0
PTLC,2017-10-20,0.0
CSA,2017-10-20,0.0
ACWF,2017-10-20,0.0
HDAW,2017-10-20,0.0
NAIL,2017-10-20,0.0
EMBH,2017-10-20,0.0
HDEF,2017-10-20,0.0
DPST,2017-10-20,0.0
AGGY,2017-10-20,0.0
EURZ,2017-10-20,0.0
SCIU,2017-10-20,-0.02
HTUS,2017-10-20,0.01
EUSC,2017-10-20,0.0
MEAR,2017-10-20,0.0
SDEM,2017-10-20,-0.0
CHAD,2017-10-20,9.83
CRAK,2017-10-20,0.0
HEWW,2017-10-20,0.0
EWRE,2017-10-20,0.0
HFXE,2017-10-20,0.0
CSB,2017-10-20,0.0
KSA,2017-10-20,0.0
SRET,2017-10-20,-0.02
LRGF,2017-10-20,0.0
OEUR,2017-10-20,0.0
FREL,2017-10-20,0.0
ALTY,2017-10-20,0.0
RISE,2017-10-20,0.0
HEWL,2017-10-20,0.0
ROUS,2017-10-20,0.0
VAMO,2017-10-20,0.0
CHAU,2017-10-20,0.0
FFTY,2017-10-20,0.0
ICVT,2017-10-20,0.0
IGBH,2017-10-20,0.0
PTNQ,2017-10-20,0.0
INTF,2017-10-20,0.0
IPAY,2017-10-20,0.0
SGDJ,2017-10-20,0.0
ISCF,2017-10-20,0.0
IBDQ,2017-10-20,0.0
ISZE,2017-10-20,0.0
LABU,2017-10-20,33.01
SCIX,2017-10-20,-0.0
IVLU,2017-10-20,0.0
JPN,2017-10-20,0.0
KALL,2017-10-20,-0.0
SMLF,2017-10-20,0.0
LABD,2017-10-20,-5.67
FLRT,2017-10-20,0.0
MOTI,2017-10-20,0.0
SMCP,2017-10-20,0.0
NFLT,2017-10-20,0.0
QLS,2017-10-20,0.0
EUDV,2017-10-20,0.0
OUSA,2017-10-20,-4.61
YLCO,2017-10-20,-0.0
PAK,2017-10-20,0.0
PTMC,2017-10-20,0.0
IBDP,2017-10-20,0.0
QED,2017-10-20,0.0
JETS,2017-10-20,0.0
QUS,2017-10-20,0.0
FIBR,2017-10-20,0.0
HSCZ,2017-10-20,0.0
REGL,2017-10-20,0.0
ROAM,2017-10-20,0.0
ROSC,2017-10-20,0.0
SCID,2017-10-20,-0.0
CIL,2017-10-20,0.0
SCIJ,2017-10-20,0.0
TOTL,2017-10-20,0.0
VTEB,2017-10-20,23.34
XCEM,2017-10-20,0.0
WFHY,2017-10-20,0.0
JHMT,2017-10-20,0.0
JHME,2017-10-20,0.0
ONEO,2017-10-20,0.0
JHMA,2017-10-20,0.0
PUTW,2017-10-20,1.48
IQDG,2017-10-20,0.0
SPYX,2017-10-20,0.0
IMOM,2017-10-20,0.0
JHMS,2017-10-20,0.0
IBUY,2017-10-20,0.0
JHMI,2017-10-20,0.0
EMDV,2017-10-20,0.0
GSJY,2017-10-20,0.0
VYMI,2017-10-20,0.0
GAMR,2017-10-20,0.0
WFIG,2017-10-20,0.0
GSIE,2017-10-20,0.0
DEUS,2017-10-20,0.0
JHMC,2017-10-20,0.0
GSLC,2017-10-20,-7.63
RFAP,2017-10-20,2.99
VIGI,2017-10-20,0.0
FIHD,2017-10-20,0.0
DDWM,2017-10-20,0.0
CNCR,2017-10-20,1.31
IDLB,2017-10-20,0.0
CEZ,2017-10-20,-8.84
CATH,2017-10-20,-0.02
TLDH,2017-10-20,0.0
BSJN,2017-10-20,0.0
GTO,2017-10-20,2.63
JHMH,2017-10-20,0.0
SPXE,2017-10-20,0.0
JSMD,2017-10-20,0.0
ASET,2017-10-20,0.0
SPXT,2017-10-20,0.0
DEFA,2017-10-20,0.0
GCOW,2017-10-20,0.0
RFDI,2017-10-20,0.0
IAGG,2017-10-20,0.0
GEM,2017-10-20,0.0
ASHX,2017-10-20,0.0
GSEU,2017-10-20,0.0
ETHO,2017-10-20,0.0
ITEQ,2017-10-20,0.0
BDCZ,2017-10-20,0.0
QLC,2017-10-20,0.0
DFND,2017-10-20,0.0
JHMU,2017-10-20,0.0
DDLS,2017-10-20,0.0
SPMO,2017-10-20,0.0
JPUS,2017-10-20,0.0
EMGF,2017-10-20,0.0
QMOM,2017-10-20,0.0
JHMF,2017-10-20,0.0
HJPX,2017-10-20,0.0
DJD,2017-10-20,0.0
EMTL,2017-10-20,0.0
RFEU,2017-10-20,0.0
DEEF,2017-10-20,0.0
FIEE,2017-10-20,0.0
JHML,2017-10-20,0.0
JHMM,2017-10-20,0.0
JSML,2017-10-20,0.0
XLRE,2017-10-20,0.0
XITK,2017-10-20,0.0
SPVU,2017-10-20,-1.66
LEAD,2017-10-20,0.0
LKOR,2017-10-20,0.0
LVHD,2017-10-20,0.0
MILN,2017-10-20,-0.0
QGTA,2017-10-20,0.0
MJ,2017-10-20,0.0
PTEU,2017-10-20,0.0
RESE,2017-10-20,0.0
MLPB,2017-10-20,0.0
AMUB,2017-10-20,0.0
BSCP,2017-10-20,0.0
NANR,2017-10-20,3.4
ONEV,2017-10-20,0.0
ONEY,2017-10-20,0.0
PSET,2017-10-20,0.0
FVC,2017-10-20,0.0
PY,2017-10-20,0.0
SDG,2017-10-20,0.0
SFHY,2017-10-20,0.0
SHE,2017-10-20,0.0
FUT,2017-10-20,0.0
SFIG,2017-10-20,0.0
SOVB,2017-10-20,0.0
SPXN,2017-10-20,0.0
SPXV,2017-10-20,0.0
SPYD,2017-10-20,1.83
STOT,2017-10-20,0.0
TLEH,2017-10-20,0.0
UCIB,2017-10-20,0.0
USLB,2017-10-20,0.0
FCVT,2017-10-20,0.0
UTES,2017-10-20,0.0
XWEB,2017-10-20,0.0
XSHD,2017-10-20,0.0
VRIG,2017-10-20,3.78
FQAL,2017-10-20,0.0
ESGS,2017-10-20,0.0
FLQH,2017-10-20,0.0
FLEU,2017-10-20,3.92
FINX,2017-10-20,1.08
FDVV,2017-10-20,0.0
FCEF,2017-10-20,0.0
BNDC,2017-10-20,0.0
FLQD,2017-10-20,0.0
JPHF,2017-10-20,0.0
FAAR,2017-10-20,0.0
DWFI,2017-10-20,0.0
LNGR,2017-10-20,0.0
PSC,2017-10-20,0.0
FLQG,2017-10-20,0.0
CWEB,2017-10-20,0.0
ESGN,2017-10-20,0.0
FDRR,2017-10-20,0.0
BSJO,2017-10-20,0.0
FTXL,2017-10-20,0.0
BFIT,2017-10-20,-0.0
BOTZ,2017-10-20,19.51
EYLD,2017-10-20,-0.0
FVAL,2017-10-20,0.0
RFFC,2017-10-20,0.0
BLHY,2017-10-20,-1.26
JPSE,2017-10-20,0.0
ESGE,2017-10-20,0.0
PRNT,2017-10-20,0.0
FALN,2017-10-20,0.0
DIVO,2017-10-20,0.0
FLLV,2017-10-20,0.0
FLCO,2017-10-20,0.0
FTXR,2017-10-20,0.0
TTAC,2017-10-20,0.79
BTEC,2017-10-20,0.0
ADME,2017-10-20,0.0
FTXD,2017-10-20,0.0
FLQE,2017-10-20,0.0
AGGP,2017-10-20,0.0
GENY,2017-10-20,0.0
CNYA,2017-10-20,0.0
LVHI,2017-10-20,0.0
RORE,2017-10-20,0.0
EEMX,2017-10-20,0.0
FTXH,2017-10-20,1.02
FDLO,2017-10-20,0.0
OILK,2017-10-20,0.0
RFCI,2017-10-20,0.0
CWS,2017-10-20,0.0
GVIP,2017-10-20,2.6
ESGU,2017-10-20,0.0
EFAX,2017-10-20,0.0
GBIL,2017-10-20,0.0
ESG,2017-10-20,0.0
ESGG,2017-10-20,0.0
EFAS,2017-10-20,0.0
MLPE,2017-10-20,0.0
ACSI,2017-10-20,1.47
MCEF,2017-10-20,0.0
NULV,2017-10-20,0.0
MVIN,2017-10-20,0.0
FDMO,2017-10-20,1.49
TCTL,2017-10-20,0.0
EPRF,2017-10-20,0.0
FTXN,2017-10-20,0.0
KRMA,2017-10-20,-0.01
REML,2017-10-20,0.23
HDMV,2017-10-20,0.0
RFEM,2017-10-20,0.0
FTXO,2017-10-20,4.14
HUSV,2017-10-20,0.0
HYXE,2017-10-20,0.0
IBDR,2017-10-20,0.0
IDHD,2017-10-20,0.0
JPHY,2017-10-20,0.0
JPME,2017-10-20,0.0
VNLA,2017-10-20,0.0
RFUN,2017-10-20,0.0
NULG,2017-10-20,0.0
LVHB,2017-10-20,0.0
ESGD,2017-10-20,0.0
NUMG,2017-10-20,0.0
HYLB,2017-10-20,0.0
SPDN,2017-10-20,0.0
NUMV,2017-10-20,0.0
IMTB,2017-10-20,0.0
NUSC,2017-10-20,0.0
FTXG,2017-10-20,0.0
SNSR,2017-10-20,-0.01
OLD,2017-10-20,0.0
BSCQ,2017-10-20,0.0
RESD,2017-10-20,0.0
IGRO,2017-10-20,0.0
RFDA,2017-10-20,0.0
NUAG,2017-10-20,0.0
SMMV,2017-10-20,0.0
HYDB,2017-10-20,0.0
GSSC,2017-10-20,0.0
SHAG,2017-10-20,0.0
GOAU,2017-10-20,0.0
YLDE,2017-10-20,-0.01
FLQS,2017-10-20,0.0
TAIL,2017-10-20,2.33
COMB,2017-10-20,0.0
GIGB,2017-10-20,-2.51
AMCA,2017-10-20,0.0
BLES,2017-10-20,0.0
PSMB,2017-10-20,0.0
FLQL,2017-10-20,0.0
FIXD,2017-10-20,0.0
FCAL,2017-10-20,0.0
WBIY,2017-10-20,0.0
CEFS,2017-10-20,0.0
DWLD,2017-10-20,0.0
FFTI,2017-10-20,0.0
DUSA,2017-10-20,0.0
ERM,2017-10-20,0.0
EMXC,2017-10-20,0.0
DMRM,2017-10-20,0.0
XSHQ,2017-10-20,0.0
EDOW,2017-10-20,0.0
BMLP,2017-10-20,0.0
RNDM,2017-10-20,0.0
DFEN,2017-10-20,-2.05
AGT,2017-10-20,1.35
CLTL,2017-10-20,0.0
FFHG,2017-10-20,0.0
CCOR,2017-10-20,0.01
BCI,2017-10-20,0.0
TBLU,2017-10-20,0.0
COM,2017-10-20,0.0
DMRI,2017-10-20,0.0
SQLV,2017-10-20,-0.02
BOSS,2017-10-20,0.0
GRNB,2017-10-20,0.0
ICOW,2017-10-20,0.0
UTSL,2017-10-20,0.0
INFR,2017-10-20,0.0
BVAL,2017-10-20,0.0
BCD,2017-10-20,0.0
GDVD,2017-10-20,0.0
CACG,2017-10-20,0.0
JPST,2017-10-20,0.0
IBD,2017-10-20,0.0
CALF,2017-10-20,0.0
VSDA,2017-10-20,0.0
COWZ,2017-10-20,0.0
RNLC,2017-10-20,2.07
USEQ,2017-10-20,0.0
ARCM,2017-10-20,0.0
CSML,2017-10-20,0.0
DFNL,2017-10-20,0.0
PSMG,2017-10-20,0.0
DMRL,2017-10-20,0.0
IBML,2017-10-20,0.0
PSMM,2017-10-20,0.0
IDEV,2017-10-20,0.0
RNSC,2017-10-20,1.05
MEXX,2017-10-20,0.0
ISMD,2017-10-20,0.0
LVUS,2017-10-20,0.0
VSMV,2017-10-20,0.0
JHMD,2017-10-20,0.0
LRGE,2017-10-20,-0.0
NUEM,2017-10-20,0.0
EQRR,2017-10-20,0.0
NUDM,2017-10-20,0.0
NURE,2017-10-20,0.0
OUSM,2017-10-20,0.0
NUSA,2017-10-20,0.0
USOI,2017-10-20,-0.18
OCIO,2017-10-20,0.0
HYLV,2017-10-20,0.0
PFFR,2017-10-20,0.0
PREF,2017-10-20,0.0
JPGB,2017-10-20,0.0
PSMC,2017-10-20,0.0
FLQM,2017-10-20,0.0
DUSL,2017-10-20,0.0
RNDV,2017-10-20,1.04
RNEM,2017-10-20,2.67
RNMC,2017-10-20,1.04
PAVE,2017-10-20,0.77
SMMD,2017-10-20,0.0
DMRS,2017-10-20,0.0
SPMV,2017-10-20,0.0
IGEB,2017-10-20,0.0
SUSC,2017-10-20,0.0
TERM,2017-10-20,0.0
TPOR,2017-10-20,0.0
TTAI,2017-10-20,0.65
USMF,2017-10-20,0.0
SUSB,2017-10-20,0.0
VMOT,2017-10-20,0.0
VGFO,2017-10-20,0.0
SCHK,2017-10-20,22.6
RBUS,2017-10-20,0.0
RBIN,2017-10-20,0.0
PFFD,2017-10-20,-0.0
PBUS,2017-10-20,0.0
PBSM,2017-10-20,0.0
PBTP,2017-10-20,0.0
PBND,2017-10-20,0.0
PBEE,2017-10-20,0.0
PBDM,2017-10-20,0.0
OBOR,2017-10-20,0.0
USMC,2017-10-20,0.0
MXDU,2017-10-20,0.0
MMIT,2017-10-20,5.0
MMIN,2017-10-20,0.0
FLMB,2017-10-20,0.0
FLMI,2017-10-20,0.0
BAR,2017-10-20,0.0
DALT,2017-10-20,1.53
DIAL,2017-10-20,0.0
AIEQ,2017-10-20,3.78
CHGX,2017-10-20,0.0
BSCR,2017-10-20,0.0
SECT,2017-10-20,0.0
FFIU,2017-10-20,0.0
PMOM,2017-10-20,0.0
NUBD,2017-10-20,0.0
BSJP,2017-10-20,0.0
IBDS,2017-10-20,0.0
PLCY,2017-10-20,0.0
FPEI,2017-10-20,0.0
KEMQ,2017-10-20,0.0
MFUS,2017-10-20,0.0
GHYB,2017-10-20,0.0
MAGA,2017-10-20,0.0
GSEW,2017-10-20,0.0
MFDX,2017-10-20,0.0
HTRB,2017-10-20,0.0
PVAL,2017-10-20,0.0
KGRN,2017-10-20,-0.0
LFEQ,2017-10-20,0.0
MFEM,2017-10-20,0.0
,2017-10-20,
