Date,Open,High,Low,Close,AdjOpen,AdjHigh,AdjLow,AdjClose,Volume,Dividend,Split,SplitFactor,FundFlow
2005-11-15,49.9,49.99,49.75,49.99,16.63,16.66,16.58,16.66,34000.0,0.0,1.0,3.0,0.0
2005-11-16,49.62,49.66,49.54,49.63,16.54,16.55,16.51,16.54,1200.0,0.0,1.0,3.0,0.0
2005-11-17,50.22,50.22,50.19,50.19,16.74,16.74,16.73,16.73,1000.0,0.0,1.0,3.0,0.0
2005-11-18,50.46,50.53,50.44,50.44,16.82,16.84,16.81,16.81,1300.0,0.0,1.0,3.0,0.0
2005-11-21,50.52,50.72,50.0,50.72,16.84,16.91,16.67,16.91,800.0,0.0,1.0,3.0,17.69
2005-11-22,51.0,51.22,51.0,51.22,17.0,17.07,17.0,17.07,1000.0,0.0,1.0,3.0,0.0
2005-11-23,51.37,51.37,51.37,51.37,17.12,17.12,17.12,17.12,300.0,0.0,1.0,3.0,0.0
2005-11-25,51.37,51.37,51.37,51.37,17.12,17.12,17.12,17.12,0.0,0.0,1.0,3.0,0.0
2005-11-28,51.1,51.1,50.91,50.91,17.03,17.03,16.97,16.97,1200.0,0.0,1.0,3.0,0.0
2005-11-29,50.91,50.91,50.91,50.91,16.97,16.97,16.97,16.97,0.0,0.0,1.0,3.0,0.0
2005-11-30,50.91,50.91,50.91,50.91,16.97,16.97,16.97,16.97,0.0,0.0,1.0,3.0,0.0
2005-12-01,51.39,51.65,51.39,51.65,17.13,17.22,17.13,17.22,1000.0,0.0,1.0,3.0,0.0
2005-12-02,51.65,51.65,51.54,51.65,17.22,17.22,17.18,17.22,1500.0,0.0,1.0,3.0,0.0
2005-12-05,51.65,51.65,51.65,51.65,17.22,17.22,17.22,17.22,0.0,0.0,1.0,3.0,0.0
2005-12-06,51.75,51.76,51.75,51.76,17.25,17.25,17.25,17.25,900.0,0.0,1.0,3.0,0.0
2005-12-07,51.58,51.58,51.58,51.58,17.19,17.19,17.19,17.19,100.0,0.0,1.0,3.0,0.0
2005-12-08,51.59,51.59,51.36,51.41,17.2,17.2,17.12,17.14,700.0,0.0,1.0,3.0,0.0
2005-12-09,51.34,51.34,51.34,51.34,17.11,17.11,17.11,17.11,100.0,0.0,1.0,3.0,0.0
2005-12-12,51.34,51.34,51.34,51.34,17.11,17.11,17.11,17.11,0.0,0.0,1.0,3.0,0.0
2005-12-13,51.34,51.34,51.34,51.34,17.11,17.11,17.11,17.11,0.0,0.0,1.0,3.0,0.0
2005-12-14,51.84,52.04,51.84,52.04,17.28,17.35,17.28,17.35,300.0,0.0,1.0,3.0,0.0
2005-12-15,52.04,52.04,52.04,52.04,17.35,17.35,17.35,17.35,0.0,0.0,1.0,3.0,0.0
2005-12-16,52.04,52.04,52.04,52.04,17.35,17.35,17.35,17.35,0.0,0.09,1.0,3.0,0.0
2005-12-19,51.94,51.94,51.25,51.25,17.31,17.31,17.08,17.08,13900.0,0.0,1.0,3.0,0.0
2005-12-20,51.23,51.23,51.14,51.14,17.08,17.08,17.05,17.05,400.0,0.0,1.0,3.0,0.0
2005-12-21,51.6,51.6,51.6,51.6,17.2,17.2,17.2,17.2,100.0,0.0,1.0,3.0,0.0
2005-12-22,51.6,51.6,51.6,51.6,17.2,17.2,17.2,17.2,0.0,0.0,1.0,3.0,0.0
2005-12-23,51.83,51.83,51.83,51.83,17.28,17.28,17.28,17.28,200.0,0.0,1.0,3.0,0.0
2005-12-27,51.89,51.89,51.33,51.33,17.3,17.3,17.11,17.11,2000.0,0.0,1.0,3.0,0.0
2005-12-28,51.34,51.41,51.34,51.41,17.11,17.14,17.11,17.14,1600.0,0.0,1.0,3.0,0.0
2005-12-29,51.61,51.61,51.49,51.5,17.2,17.2,17.16,17.17,19700.0,0.0,1.0,3.0,0.0
2005-12-30,51.5,51.5,51.5,51.5,17.17,17.17,17.17,17.17,0.0,0.0,1.0,3.0,0.0
2006-01-03,51.33,51.95,51.33,51.95,17.11,17.32,17.11,17.32,1200.0,0.0,1.0,3.0,0.0
2006-01-04,51.9,52.29,51.9,52.23,17.3,17.43,17.3,17.41,600.0,0.0,1.0,3.0,0.0
2006-01-05,52.4,52.42,52.35,52.41,17.47,17.47,17.45,17.47,1600.0,0.0,1.0,3.0,0.0
2006-01-06,52.7,52.92,52.63,52.89,17.57,17.64,17.54,17.63,1400.0,0.0,1.0,3.0,0.0
2006-01-09,53.09,53.23,53.09,53.23,17.7,17.74,17.7,17.74,1400.0,0.0,1.0,3.0,0.0
2006-01-10,53.23,53.23,53.23,53.23,17.74,17.74,17.74,17.74,0.0,0.0,1.0,3.0,0.0
2006-01-11,53.5,53.55,53.5,53.55,17.83,17.85,17.83,17.85,200.0,0.0,1.0,3.0,0.0
2006-01-12,53.55,53.55,53.55,53.55,17.85,17.85,17.85,17.85,0.0,0.0,1.0,3.0,0.0
2006-01-13,53.55,53.55,53.55,53.55,17.85,17.85,17.85,17.85,0.0,0.0,1.0,3.0,0.0
2006-01-17,53.01,53.03,52.98,52.98,17.67,17.68,17.66,17.66,1500.0,0.0,1.0,3.0,0.0
2006-01-18,52.97,52.97,52.8,52.8,17.66,17.66,17.6,17.6,200.0,0.0,1.0,3.0,0.0
2006-01-19,53.16,53.16,53.16,53.16,17.72,17.72,17.72,17.72,100.0,0.0,1.0,3.0,0.0
2006-01-20,52.8,52.8,52.8,52.8,17.6,17.6,17.6,17.6,200.0,0.0,1.0,3.0,0.0
2006-01-23,52.8,52.8,52.8,52.8,17.6,17.6,17.6,17.6,0.0,0.0,1.0,3.0,0.0
2006-01-24,53.03,53.24,53.03,53.24,17.68,17.75,17.68,17.75,900.0,0.0,1.0,3.0,0.0
2006-01-25,53.27,53.27,52.91,52.91,17.76,17.76,17.64,17.64,600.0,0.0,1.0,3.0,0.0
2006-01-26,53.16,53.3,53.16,53.3,17.72,17.77,17.72,17.77,400.0,0.0,1.0,3.0,0.0
2006-01-27,53.6,53.84,53.6,53.67,17.87,17.95,17.87,17.89,2800.0,0.0,1.0,3.0,0.0
2006-01-30,53.9,53.9,53.79,53.8,17.97,17.97,17.93,17.93,800.0,0.0,1.0,3.0,0.0
2006-01-31,53.86,53.86,53.86,53.86,17.95,17.95,17.95,17.95,200.0,0.0,1.0,3.0,0.0
2006-02-01,53.8,54.04,53.8,54.04,17.93,18.01,17.93,18.01,600.0,0.0,1.0,3.0,0.0
2006-02-02,54.04,54.04,54.04,54.04,18.01,18.01,18.01,18.01,0.0,0.0,1.0,3.0,0.0
2006-02-03,54.04,54.04,54.04,54.04,18.01,18.01,18.01,18.01,0.0,0.0,1.0,3.0,0.0
2006-02-06,53.51,53.51,53.36,53.36,17.84,17.84,17.79,17.79,500.0,0.0,1.0,3.0,0.0
2006-02-07,53.5,53.5,53.08,53.08,17.83,17.83,17.69,17.69,1600.0,0.0,1.0,3.0,0.0
2006-02-08,52.84,52.84,52.84,52.84,17.61,17.61,17.61,17.61,900.0,0.0,1.0,3.0,0.0
2006-02-09,53.45,53.45,53.34,53.34,17.82,17.82,17.78,17.78,800.0,0.0,1.0,3.0,0.0
2006-02-10,52.77,52.77,52.77,52.77,17.59,17.59,17.59,17.59,100.0,0.0,1.0,3.0,0.0
2006-02-13,52.84,52.85,52.62,52.62,17.61,17.62,17.54,17.54,900.0,0.0,1.0,3.0,0.0
2006-02-14,53.09,53.09,53.09,53.09,17.7,17.7,17.7,17.7,100.0,0.0,1.0,3.0,0.0
2006-02-15,53.09,53.09,53.09,53.09,17.7,17.7,17.7,17.7,0.0,0.0,1.0,3.0,0.0
2006-02-16,53.58,53.77,53.58,53.77,17.86,17.92,17.86,17.92,500.0,0.0,1.0,3.0,0.0
2006-02-17,53.82,53.89,53.8,53.87,17.94,17.96,17.93,17.96,400.0,0.0,1.0,3.0,0.0
2006-02-21,53.65,53.65,53.65,53.65,17.88,17.88,17.88,17.88,200.0,0.0,1.0,3.0,0.0
2006-02-22,53.8,53.8,53.8,53.8,17.93,17.93,17.93,17.93,100.0,0.0,1.0,3.0,0.0
2006-02-23,54.05,54.05,53.94,53.94,18.02,18.02,17.98,17.98,400.0,0.0,1.0,3.0,0.0
2006-02-24,53.94,53.94,53.94,53.94,17.98,17.98,17.98,17.98,0.0,0.0,1.0,3.0,0.0
2006-02-27,54.19,54.36,54.19,54.36,18.06,18.12,18.06,18.12,800.0,0.0,1.0,3.0,0.0
2006-02-28,53.69,53.73,53.69,53.73,17.9,17.91,17.9,17.91,600.0,0.0,1.0,3.0,0.0
2006-03-01,54.29,54.29,54.23,54.23,18.1,18.1,18.08,18.08,3700.0,0.0,1.0,3.0,0.0
2006-03-02,54.28,54.28,54.28,54.28,18.09,18.09,18.09,18.09,400.0,0.0,1.0,3.0,0.0
2006-03-03,54.3,54.54,54.3,54.48,18.1,18.18,18.1,18.16,600.0,0.0,1.0,3.0,0.0
2006-03-06,54.08,54.08,54.08,54.08,18.03,18.03,18.03,18.03,100.0,0.0,1.0,3.0,0.0
2006-03-07,53.51,53.51,53.51,53.51,17.84,17.84,17.84,17.84,30000.0,0.0,1.0,3.0,0.0
2006-03-08,53.51,53.51,53.51,53.51,17.84,17.84,17.84,17.84,0.0,0.0,1.0,3.0,0.0
2006-03-09,53.58,53.58,53.46,53.46,17.86,17.86,17.82,17.82,30900.0,0.0,1.0,3.0,0.0
2006-03-10,53.25,53.73,53.25,53.64,17.75,17.91,17.75,17.88,2500.0,0.0,1.0,3.0,0.0
2006-03-13,54.0,54.0,53.88,53.88,18.0,18.0,17.96,17.96,700.0,0.0,1.0,3.0,0.0
2006-03-14,53.88,54.15,53.88,54.15,17.96,18.05,17.96,18.05,32300.0,0.0,1.0,3.0,0.0
2006-03-15,54.5,54.86,54.45,54.86,18.17,18.29,18.15,18.29,91300.0,0.0,1.0,3.0,0.0
2006-03-16,55.01,55.22,55.01,55.05,18.34,18.41,18.34,18.35,30300.0,0.0,1.0,3.0,0.0
2006-03-17,54.97,54.97,54.96,54.96,18.32,18.32,18.32,18.32,300.0,0.14,1.0,3.0,0.0
2006-03-20,55.05,55.05,54.84,54.9,18.35,18.35,18.28,18.3,3100.0,0.0,1.0,3.0,0.0
2006-03-21,54.88,54.88,54.88,54.88,18.29,18.29,18.29,18.29,100.0,0.0,1.0,3.0,0.0
2006-03-22,54.54,54.76,54.48,54.76,18.18,18.25,18.16,18.25,1600.0,0.0,1.0,3.0,0.0
2006-03-23,54.86,54.86,54.81,54.81,18.29,18.29,18.27,18.27,500.0,0.0,1.0,3.0,0.0
2006-03-24,54.8,54.84,54.8,54.84,18.27,18.28,18.27,18.28,1800.0,0.0,1.0,3.0,0.0
2006-03-27,55.0,55.05,54.9,54.92,18.33,18.35,18.3,18.31,62400.0,0.0,1.0,3.0,0.0
2006-03-28,55.02,55.28,54.85,54.85,18.34,18.43,18.28,18.28,6800.0,0.0,1.0,3.0,-11.0
2006-03-29,55.48,55.51,55.48,55.51,18.49,18.5,18.49,18.5,400.0,0.0,1.0,3.0,0.0
2006-03-30,55.55,55.59,55.55,55.58,18.52,18.53,18.52,18.53,4700.0,0.0,1.0,3.0,0.0
2006-03-31,55.58,55.58,55.24,55.51,18.53,18.53,18.41,18.5,66100.0,0.0,1.0,3.0,0.0
2006-04-03,55.52,55.86,55.52,55.61,18.51,18.62,18.51,18.54,4800.0,0.0,1.0,3.0,0.0
2006-04-04,55.4,55.65,55.26,55.59,18.47,18.55,18.42,18.53,7800.0,0.0,1.0,3.0,0.0
2006-04-05,55.67,55.97,55.67,55.97,18.56,18.66,18.56,18.66,500.0,0.0,1.0,3.0,0.0
2006-04-06,55.9,55.9,55.64,55.85,18.63,18.63,18.55,18.62,10100.0,0.0,1.0,3.0,0.0
2006-04-07,56.05,56.05,55.35,55.35,18.68,18.68,18.45,18.45,700.0,0.0,1.0,3.0,0.0
2006-04-10,55.35,55.35,55.35,55.35,18.45,18.45,18.45,18.45,0.0,0.0,1.0,3.0,0.0
2006-04-11,55.23,55.27,54.58,54.61,18.41,18.42,18.19,18.2,2100.0,0.0,1.0,3.0,0.0
2006-04-12,54.68,54.73,54.61,54.72,18.23,18.24,18.2,18.24,2500.0,0.0,1.0,3.0,0.0
2006-04-13,54.87,54.87,54.87,54.87,18.29,18.29,18.29,18.29,2000.0,0.0,1.0,3.0,0.0
2006-04-17,54.87,54.87,54.87,54.87,18.29,18.29,18.29,18.29,0.0,0.0,1.0,3.0,0.0
2006-04-18,55.15,55.77,55.15,55.77,18.38,18.59,18.38,18.59,300.0,0.0,1.0,3.0,0.0
2006-04-19,55.98,56.27,55.83,56.27,18.66,18.76,18.61,18.76,1000.0,0.0,1.0,3.0,0.0
2006-04-20,56.27,56.38,56.27,56.3,18.76,18.79,18.76,18.77,1200.0,0.0,1.0,3.0,0.0
2006-04-21,56.35,56.36,56.04,56.04,18.78,18.79,18.68,18.68,1300.0,0.0,1.0,3.0,0.0
2006-04-24,55.98,56.03,55.9,56.0,18.66,18.68,18.63,18.67,3500.0,0.0,1.0,3.0,0.0
2006-04-25,56.15,56.15,55.85,55.85,18.72,18.72,18.62,18.62,600.0,0.0,1.0,3.0,0.0
2006-04-26,56.05,56.15,55.74,55.74,18.68,18.72,18.58,18.58,4800.0,0.0,1.0,3.0,0.0
2006-04-27,55.32,55.89,55.32,55.69,18.44,18.63,18.44,18.56,1900.0,0.0,1.0,3.0,0.0
2006-04-28,55.82,55.82,55.71,55.75,18.61,18.61,18.57,18.58,1100.0,0.0,1.0,3.0,0.0
2006-05-01,55.94,55.96,55.65,55.65,18.65,18.65,18.55,18.55,1700.0,0.0,1.0,3.0,0.0
2006-05-02,55.57,55.78,55.57,55.78,18.52,18.59,18.52,18.59,1800.0,0.0,1.0,3.0,0.0
2006-05-03,55.66,55.73,55.59,55.7,18.55,18.58,18.53,18.57,3900.0,0.0,1.0,3.0,0.0
2006-05-04,55.7,55.7,55.7,55.7,18.57,18.57,18.57,18.57,0.0,0.0,1.0,3.0,0.0
2006-05-05,56.27,56.61,56.27,56.61,18.76,18.87,18.76,18.87,2400.0,0.0,1.0,3.0,0.0
2006-05-08,56.64,56.75,56.64,56.75,18.88,18.92,18.88,18.92,900.0,0.0,1.0,3.0,0.0
2006-05-09,56.6,56.74,56.6,56.74,18.87,18.91,18.87,18.91,500.0,0.0,1.0,3.0,0.0
2006-05-10,56.72,56.72,56.47,56.66,18.91,18.91,18.82,18.89,900.0,0.0,1.0,3.0,0.0
2006-05-11,56.66,56.66,56.66,56.66,18.89,18.89,18.89,18.89,0.0,0.0,1.0,3.0,0.0
2006-05-12,55.44,55.44,55.11,55.11,18.48,18.48,18.37,18.37,400.0,0.0,1.0,3.0,0.0
2006-05-15,54.64,54.75,54.64,54.73,18.21,18.25,18.21,18.24,300.0,0.0,1.0,3.0,0.0
2006-05-16,54.55,54.55,54.47,54.47,18.18,18.18,18.16,18.16,600.0,0.0,1.0,3.0,0.0
2006-05-17,54.15,54.15,53.53,53.62,18.05,18.05,17.84,17.87,300.0,0.0,1.0,3.0,0.0
2006-05-18,53.63,53.63,53.22,53.22,17.88,17.88,17.74,17.74,500.0,0.0,1.0,3.0,0.0
2006-05-19,52.95,53.56,52.85,53.36,17.65,17.85,17.62,17.79,17100.0,0.0,1.0,3.0,0.0
2006-05-22,52.62,53.04,52.49,53.04,17.54,17.68,17.5,17.68,2500.0,0.0,1.0,3.0,0.0
2006-05-23,53.04,53.04,53.04,53.04,17.68,17.68,17.68,17.68,0.0,0.0,1.0,3.0,0.0
2006-05-24,52.65,52.85,52.48,52.48,17.55,17.62,17.49,17.49,600.0,0.0,1.0,3.0,0.0
2006-05-25,52.83,53.03,52.83,53.03,17.61,17.68,17.61,17.68,500.0,0.0,1.0,3.0,0.0
2006-05-26,53.2,53.51,53.2,53.51,17.73,17.84,17.73,17.84,3000.0,0.0,1.0,3.0,0.0
2006-05-30,52.95,52.95,52.7,52.7,17.65,17.65,17.57,17.57,1500.0,0.0,1.0,3.0,0.0
2006-05-31,52.83,53.33,52.83,53.33,17.61,17.78,17.61,17.78,1600.0,0.0,1.0,3.0,0.0
2006-06-01,53.77,53.96,53.77,53.96,17.92,17.99,17.92,17.99,800.0,0.0,1.0,3.0,0.0
2006-06-02,54.43,54.43,54.1,54.2,18.14,18.14,18.03,18.07,700.0,0.0,1.0,3.0,0.0
2006-06-05,54.2,54.2,54.2,54.2,18.07,18.07,18.07,18.07,0.0,0.0,1.0,3.0,0.0
2006-06-06,52.7,52.73,52.7,52.73,17.57,17.58,17.57,17.58,900.0,0.0,1.0,3.0,0.0
2006-06-07,52.83,53.09,52.38,52.39,17.61,17.7,17.46,17.46,1000.0,0.0,1.0,3.0,0.0
2006-06-08,52.39,52.39,52.39,52.39,17.46,17.46,17.46,17.46,0.0,0.0,1.0,3.0,0.0
2006-06-09,52.62,52.62,52.12,52.12,17.54,17.54,17.37,17.37,500.0,0.0,1.0,3.0,0.0
2006-06-12,51.53,51.53,51.02,51.04,17.18,17.18,17.01,17.01,600.0,0.0,1.0,3.0,0.0
2006-06-13,50.69,50.71,50.21,50.21,16.9,16.9,16.74,16.74,1300.0,0.0,1.0,3.0,0.0
2006-06-14,50.19,50.47,50.15,50.4,16.73,16.82,16.72,16.8,62700.0,0.0,1.0,3.0,0.0
2006-06-15,50.4,50.4,50.4,50.4,16.8,16.8,16.8,16.8,0.0,0.0,1.0,3.0,0.0
2006-06-16,51.64,51.64,51.27,51.46,17.21,17.21,17.09,17.15,61100.0,0.16,1.0,3.0,0.0
2006-06-19,51.41,51.41,50.8,50.8,17.14,17.14,16.93,16.93,8300.0,0.0,1.0,3.0,0.0
2006-06-20,50.7,50.76,50.7,50.75,16.9,16.92,16.9,16.92,400.0,0.0,1.0,3.0,0.0
2006-06-21,50.75,50.75,50.75,50.75,16.92,16.92,16.92,16.92,0.0,0.0,1.0,3.0,0.0
2006-06-22,51.2,51.26,51.2,51.26,17.07,17.09,17.07,17.09,500.0,0.0,1.0,3.0,0.0
2006-06-23,51.7,51.7,51.7,51.7,17.23,17.23,17.23,17.23,100.0,0.0,1.0,3.0,0.0
2006-06-26,51.84,51.84,51.62,51.72,17.28,17.28,17.21,17.24,8700.0,0.0,1.0,3.0,0.0
2006-06-27,52.05,52.05,51.32,51.36,17.35,17.35,17.11,17.12,3300.0,0.0,1.0,3.0,0.0
2006-06-28,51.29,51.38,51.21,51.38,17.1,17.13,17.07,17.13,1000.0,0.0,1.0,3.0,0.0
2006-06-29,51.7,52.69,51.7,52.69,17.23,17.56,17.23,17.56,3600.0,0.0,1.0,3.0,0.0
2006-06-30,52.81,52.99,52.81,52.99,17.6,17.66,17.6,17.66,1900.0,0.0,1.0,3.0,0.0
2006-07-03,53.08,53.1,53.08,53.1,17.69,17.7,17.69,17.7,400.0,0.0,1.0,3.0,0.0
2006-07-05,53.05,53.05,52.89,52.89,17.68,17.68,17.63,17.63,300.0,0.0,1.0,3.0,0.0
2006-07-06,52.96,52.96,52.9,52.9,17.65,17.65,17.63,17.63,400.0,0.0,1.0,3.0,0.0
2006-07-07,52.79,52.79,52.36,52.41,17.6,17.6,17.45,17.47,1600.0,0.0,1.0,3.0,0.0
2006-07-10,52.4,52.53,52.36,52.36,17.47,17.51,17.45,17.45,700.0,0.0,1.0,3.0,0.0
2006-07-11,51.89,52.38,51.87,52.38,17.3,17.46,17.29,17.46,900.0,0.0,1.0,3.0,0.0
2006-07-12,52.15,52.17,51.86,51.86,17.38,17.39,17.29,17.29,2100.0,0.0,1.0,3.0,0.0
2006-07-13,51.33,51.33,51.01,51.01,17.11,17.11,17.0,17.0,500.0,0.0,1.0,3.0,0.0
2006-07-14,50.83,50.83,50.71,50.71,16.94,16.94,16.9,16.9,500.0,0.0,1.0,3.0,0.0
2006-07-17,50.35,50.45,50.35,50.45,16.78,16.82,16.78,16.82,800.0,0.0,1.0,3.0,0.0
2006-07-18,50.28,50.28,50.28,50.28,16.76,16.76,16.76,16.76,100.0,0.0,1.0,3.0,0.0
2006-07-19,50.76,51.58,50.76,51.46,16.92,17.19,16.92,17.15,11700.0,0.0,1.0,3.0,0.0
2006-07-20,51.65,51.65,50.88,50.88,17.22,17.22,16.96,16.96,800.0,0.0,1.0,3.0,0.0
2006-07-21,49.87,49.87,49.87,49.87,16.62,16.62,16.62,16.62,100.0,0.0,1.0,3.0,0.0
2006-07-24,50.65,50.81,50.56,50.81,16.88,16.94,16.85,16.94,1200.0,0.0,1.0,3.0,0.0
2006-07-25,50.89,51.27,50.89,51.26,16.96,17.09,16.96,17.09,500.0,0.0,1.0,3.0,0.0
2006-07-26,51.01,51.26,51.01,51.26,17.0,17.09,17.0,17.09,400.0,0.0,1.0,3.0,0.0
2006-07-27,51.37,51.37,50.7,50.7,17.12,17.12,16.9,16.9,3300.0,0.0,1.0,3.0,0.0
2006-07-28,51.23,51.41,51.23,51.41,17.08,17.14,17.08,17.14,700.0,0.0,1.0,3.0,0.0
2006-07-31,51.25,51.47,51.25,51.47,17.08,17.16,17.08,17.16,600.0,0.0,1.0,3.0,0.0
2006-08-01,51.35,51.35,51.35,51.35,17.12,17.12,17.12,17.12,100.0,0.0,1.0,3.0,0.0
2006-08-02,51.35,51.35,51.35,51.35,17.12,17.12,17.12,17.12,0.0,0.0,1.0,3.0,0.0
2006-08-03,51.56,51.77,51.56,51.77,17.19,17.26,17.19,17.26,200.0,0.0,1.0,3.0,0.0
2006-08-04,52.09,52.09,51.45,51.6,17.36,17.36,17.15,17.2,1300.0,0.0,1.0,3.0,0.0
2006-08-07,51.44,51.49,51.3,51.3,17.15,17.16,17.1,17.1,2400.0,0.0,1.0,3.0,0.0
2006-08-08,51.3,51.3,50.84,50.91,17.1,17.1,16.95,16.97,6700.0,0.0,1.0,3.0,0.0
2006-08-09,51.1,51.1,51.1,51.1,17.03,17.03,17.03,17.03,200.0,0.0,1.0,3.0,0.0
2006-08-10,50.44,50.87,50.44,50.87,16.81,16.96,16.81,16.96,2000.0,0.0,1.0,3.0,0.0
2006-08-11,50.72,50.72,50.59,50.59,16.91,16.91,16.86,16.86,200.0,0.0,1.0,3.0,0.0
2006-08-14,50.68,51.06,50.57,50.57,16.89,17.02,16.86,16.86,6200.0,0.0,1.0,3.0,0.0
2006-08-15,51.45,51.45,51.42,51.42,17.15,17.15,17.14,17.14,600.0,0.0,1.0,3.0,0.0
2006-08-16,51.42,51.42,51.42,51.42,17.14,17.14,17.14,17.14,0.0,0.0,1.0,3.0,0.0
2006-08-17,51.42,51.42,51.42,51.42,17.14,17.14,17.14,17.14,0.0,0.0,1.0,3.0,0.0
2006-08-18,51.94,52.18,51.94,52.18,17.31,17.39,17.31,17.39,5100.0,0.0,1.0,3.0,0.0
2006-08-21,52.16,52.16,51.92,51.92,17.39,17.39,17.31,17.31,900.0,0.0,1.0,3.0,0.0
2006-08-22,51.92,51.92,51.92,51.92,17.31,17.31,17.31,17.31,0.0,0.0,1.0,3.0,0.0
2006-08-23,51.62,51.62,51.62,51.62,17.21,17.21,17.21,17.21,100.0,0.0,1.0,3.0,0.0
2006-08-24,51.62,51.62,51.62,51.62,17.21,17.21,17.21,17.21,0.0,0.0,1.0,3.0,0.0
2006-08-25,51.41,51.68,51.41,51.68,17.14,17.23,17.14,17.23,200.0,0.0,1.0,3.0,0.0
2006-08-28,51.98,52.01,51.98,52.01,17.33,17.34,17.33,17.34,500.0,0.0,1.0,3.0,0.0
2006-08-29,52.01,52.01,52.01,52.01,17.34,17.34,17.34,17.34,0.0,0.0,1.0,3.0,0.0
2006-08-30,52.42,52.42,52.42,52.42,17.47,17.47,17.47,17.47,400.0,0.0,1.0,3.0,0.0
2006-08-31,52.42,52.42,52.42,52.42,17.47,17.47,17.47,17.47,0.0,0.0,1.0,3.0,0.0
2006-09-01,52.76,52.8,52.73,52.79,17.59,17.6,17.58,17.6,26600.0,0.0,1.0,3.0,0.0
2006-09-05,52.79,52.79,52.79,52.79,17.6,17.6,17.6,17.6,0.0,0.0,1.0,3.0,0.0
2006-09-06,52.55,52.55,52.26,52.26,17.52,17.52,17.42,17.42,600.0,0.0,1.0,3.0,0.0
2006-09-07,51.95,52.23,51.95,51.99,17.32,17.41,17.32,17.33,400.0,0.0,1.0,3.0,0.0
2006-09-08,52.14,52.14,52.02,52.13,17.38,17.38,17.34,17.38,2400.0,0.0,1.0,3.0,0.0
2006-09-11,51.68,52.09,51.68,52.09,17.23,17.36,17.23,17.36,1500.0,0.0,1.0,3.0,0.0
2006-09-12,52.27,52.78,52.23,52.78,17.42,17.59,17.41,17.59,1800.0,0.0,1.0,3.0,0.0
2006-09-13,52.93,53.26,52.93,53.26,17.64,17.75,17.64,17.75,5400.0,0.0,1.0,3.0,0.0
2006-09-14,53.1,53.1,52.95,52.95,17.7,17.7,17.65,17.65,700.0,0.0,1.0,3.0,0.0
2006-09-15,52.99,53.2,52.97,53.01,17.66,17.73,17.66,17.67,2100.0,0.14,1.0,3.0,0.0
2006-09-18,53.0,53.09,52.91,52.91,17.67,17.7,17.64,17.64,900.0,0.0,1.0,3.0,0.0
2006-09-19,52.62,52.8,52.62,52.8,17.54,17.6,17.54,17.6,200.0,0.0,1.0,3.0,0.0
2006-09-20,53.18,53.22,53.03,53.03,17.73,17.74,17.68,17.68,1100.0,0.0,1.0,3.0,0.0
2006-09-21,52.72,52.72,52.72,52.72,17.57,17.57,17.57,17.57,100.0,0.0,1.0,3.0,0.0
2006-09-22,52.32,52.4,52.32,52.4,17.44,17.47,17.44,17.47,400.0,0.0,1.0,3.0,0.0
2006-09-25,52.26,52.26,52.26,52.26,17.42,17.42,17.42,17.42,100.0,0.0,1.0,3.0,0.0
2006-09-26,53.08,53.24,53.08,53.24,17.69,17.75,17.69,17.75,500.0,0.0,1.0,3.0,0.0
2006-09-27,53.29,53.4,53.25,53.37,17.76,17.8,17.75,17.79,7000.0,0.0,1.0,3.0,0.0
2006-09-28,53.37,53.37,53.05,53.23,17.79,17.79,17.68,17.74,2000.0,0.0,1.0,3.0,0.0
2006-09-29,53.23,53.23,53.23,53.23,17.74,17.74,17.74,17.74,0.0,0.0,1.0,3.0,0.0
2006-10-02,52.95,53.19,52.95,52.95,17.65,17.73,17.65,17.65,22200.0,0.0,1.0,3.0,0.0
2006-10-03,52.95,52.95,52.82,52.82,17.65,17.65,17.61,17.61,500.0,0.0,1.0,3.0,0.0
2006-10-04,52.71,53.47,52.71,53.47,17.57,17.82,17.57,17.82,1200.0,0.0,1.0,3.0,0.0
2006-10-05,53.71,53.99,53.6,53.99,17.9,18.0,17.87,18.0,300.0,0.0,1.0,3.0,0.0
2006-10-06,53.83,53.83,53.57,53.82,17.94,17.94,17.86,17.94,2400.0,0.0,1.0,3.0,0.0
2006-10-09,53.67,54.11,53.67,53.93,17.89,18.04,17.89,17.98,7700.0,0.0,1.0,3.0,0.0
2006-10-10,53.93,53.93,53.93,53.93,17.98,17.98,17.98,17.98,0.0,0.0,1.0,3.0,0.0
2006-10-11,54.0,54.27,54.0,54.17,18.0,18.09,18.0,18.06,5200.0,0.0,1.0,3.0,0.0
2006-10-12,54.25,54.66,54.25,54.66,18.08,18.22,18.08,18.22,200.0,0.0,1.0,3.0,0.0
2006-10-13,54.81,54.94,54.74,54.93,18.27,18.31,18.25,18.31,900.0,0.0,1.0,3.0,0.0
2006-10-16,55.0,55.17,55.0,55.17,18.33,18.39,18.33,18.39,2600.0,0.0,1.0,3.0,0.0
2006-10-17,54.68,54.82,54.68,54.82,18.23,18.27,18.23,18.27,1300.0,0.0,1.0,3.0,0.0
2006-10-18,54.96,54.99,54.78,54.78,18.32,18.33,18.26,18.26,2400.0,0.0,1.0,3.0,0.0
2006-10-19,54.83,54.83,54.83,54.83,18.28,18.28,18.28,18.28,100.0,0.0,1.0,3.0,0.0
2006-10-20,54.67,54.67,54.58,54.6,18.22,18.22,18.19,18.2,2000.0,0.0,1.0,3.0,0.0
2006-10-23,54.55,54.86,54.55,54.81,18.18,18.29,18.18,18.27,1200.0,0.0,1.0,3.0,0.0
2006-10-24,54.87,54.99,54.87,54.99,18.29,18.33,18.29,18.33,3400.0,0.0,1.0,3.0,0.0
2006-10-25,54.83,55.11,54.83,55.11,18.28,18.37,18.28,18.37,3900.0,0.0,1.0,3.0,0.0
2006-10-26,55.11,55.54,55.11,55.54,18.37,18.51,18.37,18.51,2200.0,0.0,1.0,3.0,0.0
2006-10-27,55.53,55.53,55.12,55.12,18.51,18.51,18.37,18.37,1600.0,0.0,1.0,3.0,0.0
2006-10-30,55.11,55.26,55.11,55.26,18.37,18.42,18.37,18.42,2100.0,0.0,1.0,3.0,0.0
2006-10-31,55.07,55.07,55.07,55.07,18.36,18.36,18.36,18.36,1200.0,0.0,1.0,3.0,0.0
2006-11-01,55.1,55.29,54.55,54.55,18.37,18.43,18.18,18.18,3700.0,0.0,1.0,3.0,0.0
2006-11-02,54.45,54.56,54.32,54.56,18.15,18.19,18.11,18.19,2000.0,0.0,1.0,3.0,0.0
2006-11-03,54.69,54.69,54.35,54.5,18.23,18.23,18.12,18.17,500.0,0.0,1.0,3.0,0.0
2006-11-06,55.12,55.27,55.12,55.27,18.37,18.42,18.37,18.42,300.0,0.0,1.0,3.0,0.0
2006-11-07,55.27,55.59,55.27,55.32,18.42,18.53,18.42,18.44,900.0,0.0,1.0,3.0,0.0
2006-11-08,55.65,55.65,55.63,55.63,18.55,18.55,18.54,18.54,500.0,0.0,1.0,3.0,0.0
2006-11-09,55.71,55.71,55.44,55.44,18.57,18.57,18.48,18.48,1800.0,0.0,1.0,3.0,0.0
2006-11-10,55.49,55.49,55.49,55.49,18.5,18.5,18.5,18.5,100.0,0.0,1.0,3.0,0.0
2006-11-13,55.77,55.85,55.77,55.85,18.59,18.62,18.59,18.62,1200.0,0.0,1.0,3.0,0.0
2006-11-14,55.85,55.85,55.85,55.85,18.62,18.62,18.62,18.62,0.0,0.0,1.0,3.0,0.0
2006-11-15,56.44,56.75,56.44,56.56,18.81,18.92,18.81,18.85,2700.0,0.0,1.0,3.0,0.0
2006-11-16,56.79,56.8,56.68,56.71,18.93,18.93,18.89,18.9,8800.0,0.0,1.0,3.0,0.0
2006-11-17,56.47,56.58,56.44,56.58,18.82,18.86,18.81,18.86,900.0,0.0,1.0,3.0,0.0
2006-11-20,56.83,56.89,56.76,56.76,18.94,18.96,18.92,18.92,1500.0,0.0,1.0,3.0,0.0
2006-11-21,57.06,57.06,57.05,57.05,19.02,19.02,19.02,19.02,16700.0,0.0,1.0,3.0,0.0
2006-11-22,57.15,57.15,57.15,57.15,19.05,19.05,19.05,19.05,100.0,0.0,1.0,3.0,0.0
2006-11-24,57.32,57.35,57.32,57.35,19.11,19.12,19.11,19.12,400.0,0.0,1.0,3.0,0.0
2006-11-27,57.31,57.31,56.34,56.34,19.1,19.1,18.78,18.78,600.0,0.0,1.0,3.0,0.0
2006-11-28,56.25,56.34,56.1,56.32,18.75,18.78,18.7,18.77,700.0,0.0,1.0,3.0,0.0
2006-11-29,56.32,56.32,56.32,56.32,18.77,18.77,18.77,18.77,0.0,0.0,1.0,3.0,0.0
2006-11-30,57.04,57.46,56.99,57.46,19.01,19.15,19.0,19.15,600.0,0.0,1.0,3.0,0.0
2006-12-01,57.08,57.13,56.92,56.99,19.03,19.04,18.97,19.0,2000.0,0.0,1.0,3.0,0.0
2006-12-04,57.69,57.94,57.69,57.93,19.23,19.31,19.23,19.31,2600.0,0.0,1.0,3.0,0.0
2006-12-05,58.01,58.09,58.01,58.09,19.34,19.36,19.34,19.36,1000.0,0.0,1.0,3.0,0.0
2006-12-06,58.12,58.15,58.12,58.15,19.37,19.38,19.37,19.38,1200.0,0.0,1.0,3.0,0.0
2006-12-07,58.06,58.21,57.92,57.93,19.35,19.4,19.31,19.31,1500.0,0.0,1.0,3.0,0.0
2006-12-08,57.84,57.84,57.84,57.84,19.28,19.28,19.28,19.28,1100.0,0.0,1.0,3.0,0.0
2006-12-11,57.83,57.97,57.83,57.97,19.28,19.32,19.28,19.32,200.0,0.0,1.0,3.0,0.0
2006-12-12,57.81,57.82,57.66,57.66,19.27,19.27,19.22,19.22,1800.0,0.0,1.0,3.0,0.0
2006-12-13,57.93,57.93,57.73,57.8,19.31,19.31,19.24,19.27,700.0,0.0,1.0,3.0,0.0
2006-12-14,57.9,58.19,57.9,58.19,19.3,19.4,19.3,19.4,2200.0,0.0,1.0,3.0,0.0
2006-12-15,57.13,57.13,56.92,56.94,19.04,19.04,18.97,18.98,124700.0,1.1,1.0,3.0,0.0
2006-12-18,57.07,57.12,56.6,56.62,19.02,19.04,18.87,18.87,12800.0,0.0,1.0,3.0,0.0
2006-12-19,56.25,56.56,56.23,56.56,18.75,18.85,18.74,18.85,2400.0,0.0,1.0,3.0,0.0
2006-12-20,56.74,56.74,56.66,56.67,18.91,18.91,18.89,18.89,1600.0,0.0,1.0,3.0,0.0
2006-12-21,56.52,56.52,56.33,56.33,18.84,18.84,18.78,18.78,1200.0,0.0,1.0,3.0,0.0
2006-12-22,56.17,56.22,56.14,56.22,18.72,18.74,18.71,18.74,1300.0,0.0,1.0,3.0,0.0
2006-12-26,56.38,56.38,56.38,56.38,18.79,18.79,18.79,18.79,500.0,0.0,1.0,3.0,0.0
2006-12-27,56.72,56.86,56.59,56.86,18.91,18.95,18.86,18.95,1800.0,0.0,1.0,3.0,0.0
2006-12-28,56.67,56.85,56.67,56.75,18.89,18.95,18.89,18.92,12400.0,0.0,1.0,3.0,0.0
2006-12-29,56.81,56.82,56.47,56.47,18.94,18.94,18.82,18.82,3300.0,0.0,1.0,3.0,0.0
2007-01-03,56.74,56.85,56.12,56.46,18.91,18.95,18.71,18.82,8200.0,0.0,1.0,3.0,0.0
2007-01-04,56.44,56.67,56.35,56.61,18.81,18.89,18.78,18.87,23700.0,0.0,1.0,3.0,0.0
2007-01-05,56.2,56.2,56.11,56.11,18.73,18.73,18.7,18.7,1100.0,0.0,1.0,3.0,0.0
2007-01-08,56.1,56.17,56.1,56.16,18.7,18.72,18.7,18.72,6100.0,0.0,1.0,3.0,0.0
2007-01-09,56.22,56.27,56.1,56.22,18.74,18.76,18.7,18.74,9700.0,0.0,1.0,3.0,0.0
2007-01-10,56.27,56.48,56.25,56.47,18.76,18.83,18.75,18.82,17700.0,0.0,1.0,3.0,0.0
2007-01-11,56.96,57.31,56.96,57.15,18.99,19.1,18.99,19.05,6200.0,0.0,1.0,3.0,0.0
2007-01-12,57.43,57.53,57.43,57.53,19.14,19.18,19.14,19.18,800.0,0.0,1.0,3.0,0.0
2007-01-16,57.62,57.62,57.62,57.62,19.21,19.21,19.21,19.21,1000.0,0.0,1.0,3.0,0.0
2007-01-17,57.6,57.69,57.54,57.6,19.2,19.23,19.18,19.2,1600.0,0.0,1.0,3.0,0.0
2007-01-18,57.39,57.49,57.26,57.27,19.13,19.16,19.09,19.09,1900.0,0.0,1.0,3.0,0.0
2007-01-19,57.26,57.46,57.17,57.46,19.09,19.15,19.06,19.15,2900.0,0.0,1.0,3.0,0.0
2007-01-22,57.5,57.5,57.14,57.21,19.17,19.17,19.05,19.07,3100.0,0.0,1.0,3.0,0.0
2007-01-23,57.21,57.7,57.21,57.55,19.07,19.23,19.07,19.18,49800.0,0.0,1.0,3.0,0.0
2007-01-24,57.75,58.04,57.67,58.03,19.25,19.35,19.22,19.34,3200.0,0.0,1.0,3.0,0.0
2007-01-25,57.97,58.92,57.55,58.92,19.32,19.64,19.18,19.64,2900.0,0.0,1.0,3.0,0.0
2007-01-26,57.5,57.7,57.47,57.68,19.17,19.23,19.16,19.23,1300.0,0.0,1.0,3.0,0.0
2007-01-29,57.68,57.9,57.68,57.75,19.23,19.3,19.23,19.25,3600.0,0.0,1.0,3.0,0.0
2007-01-30,57.98,58.09,57.98,58.09,19.33,19.36,19.33,19.36,1500.0,0.0,1.0,3.0,0.0
2007-01-31,57.98,58.49,57.98,58.45,19.33,19.5,19.33,19.48,2100.0,0.0,1.0,3.0,0.0
2007-02-01,58.79,59.0,58.7,59.0,19.6,19.67,19.57,19.67,23800.0,0.0,1.0,3.0,0.0
2007-02-02,59.04,59.26,59.04,59.26,19.68,19.75,19.68,19.75,6900.0,0.0,1.0,3.0,0.0
2007-02-05,59.34,59.34,59.16,59.27,19.78,19.78,19.72,19.76,10600.0,0.0,1.0,3.0,0.0
2007-02-06,59.39,59.52,59.34,59.52,19.8,19.84,19.78,19.84,2500.0,0.0,1.0,3.0,0.0
2007-02-07,59.64,59.82,59.58,59.72,19.88,19.94,19.86,19.91,5700.0,0.0,1.0,3.0,0.0
2007-02-08,59.72,59.81,59.67,59.78,19.91,19.94,19.89,19.93,12400.0,0.0,1.0,3.0,0.0
2007-02-09,59.98,59.98,59.09,59.35,19.99,19.99,19.7,19.78,6400.0,0.0,1.0,3.0,0.0
2007-02-12,59.41,59.41,59.03,59.04,19.8,19.8,19.68,19.68,4000.0,0.0,1.0,3.0,0.0
2007-02-13,59.29,59.54,59.29,59.54,19.76,19.85,19.76,19.85,1000.0,0.0,1.0,3.0,0.0
2007-02-14,59.74,60.02,59.66,59.89,19.91,20.01,19.89,19.96,18800.0,0.0,1.0,3.0,0.0
2007-02-15,60.02,60.16,60.02,60.16,20.01,20.05,20.01,20.05,2800.0,0.0,1.0,3.0,0.0
2007-02-16,60.0,60.1,59.97,60.1,20.0,20.03,19.99,20.03,1100.0,0.0,1.0,3.0,0.0
2007-02-20,60.25,60.63,60.1,60.63,20.08,20.21,20.03,20.21,2300.0,0.0,1.0,3.0,0.0
2007-02-21,60.52,60.7,60.47,60.64,20.17,20.23,20.16,20.21,6200.0,0.0,1.0,3.0,0.0
2007-02-22,60.86,60.96,60.56,60.67,20.29,20.32,20.19,20.22,5200.0,0.0,1.0,3.0,0.0
2007-02-23,60.52,60.64,60.5,60.64,20.17,20.21,20.17,20.21,1600.0,0.0,1.0,3.0,0.0
2007-02-26,60.76,60.82,60.29,60.42,20.25,20.27,20.1,20.14,12500.0,0.0,1.0,3.0,0.0
2007-02-27,59.27,59.66,58.23,58.55,19.76,19.89,19.41,19.52,8400.0,0.0,1.0,3.0,0.0
2007-02-28,58.6,58.95,58.31,58.8,19.53,19.65,19.44,19.6,41000.0,0.0,1.0,3.0,0.0
2007-03-01,57.7,58.62,57.6,58.55,19.23,19.54,19.2,19.52,16000.0,0.0,1.0,3.0,0.0
2007-03-02,58.4,58.4,57.75,57.75,19.47,19.47,19.25,19.25,2900.0,0.0,1.0,3.0,0.0
2007-03-05,57.3,57.54,56.82,56.9,19.1,19.18,18.94,18.97,15300.0,0.0,1.0,3.0,0.0
2007-03-06,57.26,57.81,57.26,57.81,19.09,19.27,19.09,19.27,1800.0,0.0,1.0,3.0,0.0
2007-03-07,57.69,57.94,57.57,57.69,19.23,19.31,19.19,19.23,5400.0,0.0,1.0,3.0,0.0
2007-03-08,58.3,58.36,58.04,58.04,19.43,19.45,19.35,19.35,1700.0,0.0,1.0,3.0,0.0
2007-03-09,58.52,58.52,58.15,58.29,19.51,19.51,19.38,19.43,4000.0,0.0,1.0,3.0,0.0
2007-03-12,58.3,58.62,58.29,58.62,19.43,19.54,19.43,19.54,1500.0,0.0,1.0,3.0,0.0
2007-03-13,58.21,58.25,57.39,57.39,19.4,19.42,19.13,19.13,10300.0,0.0,1.0,3.0,0.0
2007-03-14,57.54,57.61,56.88,57.53,19.18,19.2,18.96,19.18,15700.0,0.0,1.0,3.0,0.0
2007-03-15,57.7,58.02,57.7,58.02,19.23,19.34,19.23,19.34,3900.0,0.0,1.0,3.0,5.76
2007-03-16,57.62,57.91,57.56,57.56,19.21,19.3,19.19,19.19,22500.0,0.18,1.0,3.0,0.0
2007-03-19,57.89,58.23,57.89,58.13,19.3,19.41,19.3,19.38,10200.0,0.0,1.0,3.0,0.0
2007-03-20,58.29,58.57,58.29,58.57,19.43,19.52,19.43,19.52,2100.0,0.0,1.0,3.0,0.0
2007-03-21,58.63,59.37,58.61,59.37,19.54,19.79,19.54,19.79,20100.0,0.0,1.0,3.0,0.0
2007-03-22,59.44,59.61,59.41,59.61,19.81,19.87,19.8,19.87,2400.0,0.0,1.0,3.0,0.0
2007-03-23,59.65,59.77,59.65,59.77,19.88,19.92,19.88,19.92,4700.0,0.0,1.0,3.0,0.0
2007-03-26,59.67,59.69,59.29,59.53,19.89,19.9,19.76,19.84,4800.0,0.0,1.0,3.0,0.0
2007-03-27,59.42,59.42,59.26,59.33,19.81,19.81,19.75,19.78,3400.0,0.0,1.0,3.0,0.0
2007-03-28,59.12,59.17,58.92,59.04,19.71,19.72,19.64,19.68,1500.0,0.0,1.0,3.0,0.0
2007-03-29,58.99,58.99,58.68,58.9,19.66,19.66,19.56,19.63,1900.0,0.0,1.0,3.0,0.0
2007-03-30,59.24,59.24,58.86,58.86,19.75,19.75,19.62,19.62,800.0,0.0,1.0,3.0,0.0
2007-04-02,59.3,59.4,59.13,59.4,19.77,19.8,19.71,19.8,3800.0,0.0,1.0,3.0,0.0
2007-04-03,59.85,59.97,59.85,59.91,19.95,19.99,19.95,19.97,5300.0,0.0,1.0,3.0,0.0
2007-04-04,59.95,59.97,59.85,59.97,19.98,19.99,19.95,19.99,6100.0,0.0,1.0,3.0,0.0
2007-04-05,60.0,60.2,60.0,60.2,20.0,20.07,20.0,20.07,5100.0,0.0,1.0,3.0,0.0
2007-04-09,60.29,60.4,60.29,60.4,20.1,20.13,20.1,20.13,3300.0,0.0,1.0,3.0,0.0
2007-04-10,60.48,60.49,60.39,60.43,20.16,20.16,20.13,20.14,2200.0,0.0,1.0,3.0,0.0
2007-04-11,60.34,60.37,60.03,60.07,20.11,20.12,20.01,20.02,3800.0,0.0,1.0,3.0,0.0
2007-04-12,60.09,60.45,59.9,60.45,20.03,20.15,19.97,20.15,4400.0,0.0,1.0,3.0,0.0
2007-04-13,60.36,60.69,60.36,60.67,20.12,20.23,20.12,20.22,2000.0,0.0,1.0,3.0,0.0
2007-04-16,61.12,61.12,61.12,61.12,20.37,20.37,20.37,20.37,2800.0,0.0,1.0,3.0,0.0
2007-04-17,61.32,61.42,61.2,61.29,20.44,20.47,20.4,20.43,16300.0,0.0,1.0,3.0,0.0
2007-04-18,61.17,61.27,61.06,61.26,20.39,20.42,20.35,20.42,16900.0,0.0,1.0,3.0,0.0
2007-04-19,61.17,61.18,60.98,60.98,20.39,20.39,20.33,20.33,400.0,0.0,1.0,3.0,0.0
2007-04-20,61.42,61.49,61.32,61.32,20.47,20.5,20.44,20.44,1300.0,0.0,1.0,3.0,0.0
2007-04-23,61.55,61.76,61.55,61.65,20.52,20.59,20.52,20.55,8900.0,0.0,1.0,3.0,0.0
2007-04-24,61.7,61.7,61.4,61.59,20.57,20.57,20.47,20.53,4600.0,0.0,1.0,3.0,0.0
2007-04-25,61.88,62.15,61.64,62.15,20.63,20.72,20.55,20.72,6400.0,0.0,1.0,3.0,0.0
2007-04-26,61.99,62.22,61.85,62.21,20.66,20.74,20.62,20.74,33000.0,0.0,1.0,3.0,0.0
2007-04-27,62.0,62.06,61.88,62.06,20.67,20.69,20.63,20.69,1500.0,0.0,1.0,3.0,0.0
2007-04-30,61.99,62.02,61.33,61.33,20.66,20.67,20.44,20.44,1200.0,0.0,1.0,3.0,0.0
2007-05-01,61.0,61.39,61.0,61.36,20.33,20.46,20.33,20.45,1100.0,0.0,1.0,3.0,0.0
2007-05-02,61.5,62.13,61.5,62.05,20.5,20.71,20.5,20.68,1500.0,0.0,1.0,3.0,0.0
2007-05-03,62.04,62.28,62.04,62.18,20.68,20.76,20.68,20.73,2000.0,0.0,1.0,3.0,0.0
2007-05-04,62.28,62.38,62.28,62.38,20.76,20.79,20.76,20.79,1300.0,0.0,1.0,3.0,0.0
2007-05-07,62.51,62.51,62.37,62.48,20.84,20.84,20.79,20.83,3100.0,0.0,1.0,3.0,0.0
2007-05-08,62.13,62.44,62.13,62.42,20.71,20.81,20.71,20.81,1900.0,0.0,1.0,3.0,0.0
2007-05-09,62.72,63.0,62.72,63.0,20.91,21.0,20.91,21.0,4200.0,0.0,1.0,3.0,0.0
2007-05-10,62.75,62.75,62.26,62.26,20.92,20.92,20.75,20.75,5600.0,0.0,1.0,3.0,0.0
2007-05-11,62.5,62.63,62.44,62.62,20.83,20.88,20.81,20.87,1000.0,0.0,1.0,3.0,0.0
2007-05-14,62.84,62.84,62.32,62.32,20.95,20.95,20.77,20.77,3900.0,0.0,1.0,3.0,0.0
2007-05-15,62.41,62.68,62.18,62.18,20.8,20.89,20.73,20.73,4400.0,0.0,1.0,3.0,0.0
2007-05-16,62.3,62.33,62.13,62.26,20.77,20.78,20.71,20.75,1800.0,0.0,1.0,3.0,0.0
2007-05-17,62.12,62.34,62.12,62.34,20.71,20.78,20.71,20.78,3500.0,0.0,1.0,3.0,0.0
2007-05-18,62.41,62.69,62.41,62.69,20.8,20.9,20.8,20.9,1700.0,0.0,1.0,3.0,0.0
2007-05-21,62.68,63.32,62.68,63.17,20.89,21.11,20.89,21.06,6600.0,0.0,1.0,3.0,0.0
2007-05-22,63.25,63.56,63.25,63.51,21.08,21.19,21.08,21.17,1400.0,0.0,1.0,3.0,0.0
2007-05-23,63.35,63.35,63.28,63.28,21.12,21.12,21.09,21.09,2700.0,0.0,1.0,3.0,0.0
2007-05-24,63.24,63.24,62.22,62.22,21.08,21.08,20.74,20.74,6400.0,0.0,1.0,3.0,0.0
2007-05-25,62.62,62.62,62.51,62.51,20.87,20.87,20.84,20.84,1600.0,0.0,1.0,3.0,0.0
2007-05-29,62.97,63.24,62.94,63.11,20.99,21.08,20.98,21.04,1800.0,0.0,1.0,3.0,0.0
2007-05-30,62.8,63.57,62.8,63.57,20.93,21.19,20.93,21.19,2700.0,0.0,1.0,3.0,0.0
2007-05-31,64.04,64.15,64.03,64.03,21.35,21.38,21.34,21.34,1500.0,0.0,1.0,3.0,0.0
2007-06-01,64.25,64.35,64.21,64.26,21.42,21.45,21.4,21.42,1400.0,0.0,1.0,3.0,0.0
2007-06-04,64.34,64.56,64.34,64.56,21.45,21.52,21.45,21.52,1400.0,0.0,1.0,3.0,0.0
2007-06-05,64.44,64.44,64.17,64.22,21.48,21.48,21.39,21.41,600.0,0.0,1.0,3.0,0.0
2007-06-06,63.8,63.8,63.42,63.56,21.27,21.27,21.14,21.19,1200.0,0.0,1.0,3.0,0.0
2007-06-07,63.07,63.28,62.15,62.15,21.02,21.09,20.72,20.72,8600.0,0.0,1.0,3.0,0.0
2007-06-08,62.01,62.71,62.01,62.71,20.67,20.9,20.67,20.9,1300.0,0.0,1.0,3.0,0.0
2007-06-11,62.68,63.01,62.68,62.83,20.89,21.0,20.89,20.94,1300.0,0.0,1.0,3.0,0.0
2007-06-12,62.62,62.62,62.19,62.19,20.87,20.87,20.73,20.73,3100.0,0.0,1.0,3.0,0.0
2007-06-13,62.51,62.72,62.41,62.72,20.84,20.91,20.8,20.91,3500.0,0.0,1.0,3.0,0.0
2007-06-14,63.29,63.31,63.23,63.29,21.1,21.1,21.08,21.1,1500.0,0.0,1.0,3.0,0.0
2007-06-15,63.51,63.57,63.42,63.55,21.17,21.19,21.14,21.18,12000.0,0.17,1.0,3.0,0.0
2007-06-18,63.62,63.62,63.19,63.41,21.21,21.21,21.06,21.14,2000.0,0.0,1.0,3.0,0.0
2007-06-19,63.28,63.41,63.2,63.41,21.09,21.14,21.07,21.14,3700.0,0.0,1.0,3.0,0.0
2007-06-20,63.47,63.5,62.91,62.91,21.16,21.17,20.97,20.97,5700.0,0.0,1.0,3.0,0.0
2007-06-21,62.47,63.14,62.47,63.13,20.82,21.05,20.82,21.04,6400.0,0.0,1.0,3.0,0.0
2007-06-22,63.02,63.02,62.57,62.7,21.01,21.01,20.86,20.9,1000.0,0.0,1.0,3.0,0.0
2007-06-25,62.79,62.81,62.18,62.18,20.93,20.94,20.73,20.73,1900.0,0.0,1.0,3.0,0.0
2007-06-26,62.5,62.5,61.63,61.63,20.83,20.83,20.54,20.54,1400.0,0.0,1.0,3.0,0.0
2007-06-27,61.56,62.58,61.56,62.58,20.52,20.86,20.52,20.86,2600.0,0.0,1.0,3.0,0.0
2007-06-28,63.0,63.0,62.75,62.92,21.0,21.0,20.92,20.97,1700.0,0.0,1.0,3.0,0.0
2007-06-29,62.97,63.06,62.51,62.51,20.99,21.02,20.84,20.84,2100.0,0.0,1.0,3.0,0.0
2007-07-02,62.92,63.35,62.92,63.31,20.97,21.12,20.97,21.1,3900.0,0.0,1.0,3.0,0.0
2007-07-03,63.69,63.69,63.6,63.6,21.23,21.23,21.2,21.2,2800.0,0.0,1.0,3.0,0.0
2007-07-05,63.47,63.75,63.44,63.67,21.16,21.25,21.15,21.22,1800.0,0.0,1.0,3.0,0.0
2007-07-06,63.58,64.11,63.58,64.11,21.19,21.37,21.19,21.37,6300.0,0.0,1.0,3.0,0.0
2007-07-09,64.03,64.25,63.98,64.25,21.34,21.42,21.33,21.42,1100.0,0.0,1.0,3.0,0.0
2007-07-10,63.68,63.72,63.27,63.27,21.23,21.24,21.09,21.09,1100.0,0.0,1.0,3.0,0.0
2007-07-11,63.15,63.42,63.15,63.37,21.05,21.14,21.05,21.12,18900.0,0.0,1.0,3.0,0.0
2007-07-12,64.05,64.32,63.91,64.32,21.35,21.44,21.3,21.44,4100.0,0.0,1.0,3.0,0.0
2007-07-13,64.39,64.49,64.37,64.37,21.46,21.5,21.46,21.46,1400.0,0.0,1.0,3.0,0.0
2007-07-16,64.45,64.58,64.26,64.4,21.48,21.53,21.42,21.47,6700.0,0.0,1.0,3.0,0.0
2007-07-17,64.42,64.52,64.42,64.5,21.47,21.51,21.47,21.5,900.0,0.0,1.0,3.0,0.0
2007-07-18,64.09,64.09,63.77,63.83,21.36,21.36,21.26,21.28,700.0,0.0,1.0,3.0,0.0
2007-07-19,64.42,64.46,64.34,64.46,21.47,21.49,21.45,21.49,2500.0,0.0,1.0,3.0,0.0
2007-07-20,64.46,64.46,64.46,64.46,21.49,21.49,21.49,21.49,3100.0,0.0,1.0,3.0,0.0
2007-07-23,63.93,63.93,63.74,63.74,21.31,21.31,21.25,21.25,2100.0,0.0,1.0,3.0,0.0
2007-07-24,63.16,63.23,62.26,62.26,21.05,21.08,20.75,20.75,5600.0,0.0,1.0,3.0,0.0
2007-07-25,62.03,62.29,62.03,62.15,20.68,20.76,20.68,20.72,2700.0,0.0,1.0,3.0,0.0
2007-07-26,61.23,61.45,60.13,60.75,20.41,20.48,20.04,20.25,15400.0,0.0,1.0,3.0,0.0
2007-07-27,60.3,60.59,59.35,59.35,20.1,20.2,19.78,19.78,3000.0,0.0,1.0,3.0,0.0
2007-07-30,59.67,60.34,59.67,60.29,19.89,20.11,19.89,20.1,2900.0,0.0,1.0,3.0,0.0
2007-07-31,61.03,61.05,59.89,59.89,20.34,20.35,19.96,19.96,3000.0,0.0,1.0,3.0,0.0
2007-08-01,59.46,59.46,59.05,59.1,19.82,19.82,19.68,19.7,2500.0,0.0,1.0,3.0,0.0
2007-08-02,60.13,60.41,60.08,60.41,20.04,20.14,20.03,20.14,2000.0,0.0,1.0,3.0,0.0
2007-08-03,60.3,60.3,58.42,58.56,20.1,20.1,19.47,19.52,2700.0,0.0,1.0,3.0,0.0
2007-08-06,58.33,59.05,57.75,58.88,19.44,19.68,19.25,19.63,8000.0,0.0,1.0,3.0,0.0
2007-08-07,59.4,59.5,59.3,59.47,19.8,19.83,19.77,19.82,5600.0,0.0,1.0,3.0,0.0
2007-08-08,60.11,60.61,59.64,59.64,20.04,20.2,19.88,19.88,12700.0,0.0,1.0,3.0,0.0
2007-08-09,59.2,59.64,58.99,58.99,19.73,19.88,19.66,19.66,3700.0,0.0,1.0,3.0,0.0
2007-08-10,57.56,58.67,57.56,58.45,19.19,19.56,19.19,19.48,1700.0,0.0,1.0,3.0,0.0
2007-08-13,59.67,59.77,58.91,58.91,19.89,19.92,19.64,19.64,8300.0,0.0,1.0,3.0,0.0
2007-08-14,59.12,59.12,57.82,57.82,19.71,19.71,19.27,19.27,8800.0,0.0,1.0,3.0,0.0
2007-08-15,57.88,58.22,56.78,56.82,19.29,19.41,18.93,18.94,11200.0,0.0,1.0,3.0,0.0
2007-08-16,56.2,56.44,54.69,56.44,18.73,18.81,18.23,18.81,29100.0,0.0,1.0,3.0,0.0
2007-08-17,58.01,58.01,56.97,57.59,19.34,19.34,18.99,19.2,2300.0,0.0,1.0,3.0,0.0
2007-08-20,57.74,57.96,57.34,57.96,19.25,19.32,19.11,19.32,1900.0,0.0,1.0,3.0,0.0
2007-08-21,57.89,58.29,57.89,58.13,19.3,19.43,19.3,19.38,1000.0,0.0,1.0,3.0,0.0
2007-08-22,58.82,59.15,58.77,59.15,19.61,19.72,19.59,19.72,1200.0,0.0,1.0,3.0,0.0
2007-08-23,59.45,59.45,58.8,58.94,19.82,19.82,19.6,19.65,8100.0,0.0,1.0,3.0,0.0
2007-08-24,59.0,59.4,58.92,59.4,19.67,19.8,19.64,19.8,3200.0,0.0,1.0,3.0,0.0
2007-08-27,59.41,59.41,59.4,59.4,19.8,19.8,19.8,19.8,700.0,0.0,1.0,3.0,0.0
2007-08-28,58.72,58.72,57.96,58.03,19.57,19.57,19.32,19.34,3000.0,0.0,1.0,3.0,0.0
2007-08-29,58.33,58.81,58.28,58.81,19.44,19.6,19.43,19.6,1500.0,0.0,1.0,3.0,0.0
2007-08-30,58.93,59.78,58.89,59.78,19.64,19.93,19.63,19.93,3400.0,0.0,1.0,3.0,0.0
2007-08-31,59.4,59.86,59.4,59.86,19.8,19.95,19.8,19.95,7400.0,0.0,1.0,3.0,0.0
2007-09-04,59.8,60.57,59.8,60.57,19.93,20.19,19.93,20.19,6300.0,0.0,1.0,3.0,0.0
2007-09-05,59.92,60.07,59.74,59.74,19.97,20.02,19.91,19.91,5900.0,0.0,1.0,3.0,0.0
2007-09-06,60.06,60.21,60.02,60.02,20.02,20.07,20.01,20.01,400.0,0.0,1.0,3.0,0.0
2007-09-07,59.24,59.25,59.15,59.23,19.75,19.75,19.72,19.74,1100.0,0.0,1.0,3.0,0.0
2007-09-10,59.35,59.35,58.5,58.87,19.78,19.78,19.5,19.62,1500.0,0.0,1.0,3.0,0.0
2007-09-11,59.09,59.1,59.09,59.1,19.7,19.7,19.7,19.7,400.0,0.0,1.0,3.0,0.0
2007-09-12,59.51,59.51,59.32,59.32,19.84,19.84,19.77,19.77,800.0,0.0,1.0,3.0,0.0
2007-09-13,59.61,59.84,59.5,59.57,19.87,19.95,19.83,19.86,8000.0,0.0,1.0,3.0,0.0
2007-09-14,59.3,59.74,59.3,59.74,19.77,19.91,19.77,19.91,2800.0,0.0,1.0,3.0,0.0
2007-09-17,59.76,59.76,59.42,59.56,19.92,19.92,19.81,19.85,4200.0,0.0,1.0,3.0,0.0
2007-09-18,59.95,61.15,59.73,61.15,19.98,20.38,19.91,20.38,3600.0,0.0,1.0,3.0,0.0
2007-09-19,61.88,61.94,61.32,61.59,20.63,20.65,20.44,20.53,4300.0,0.0,1.0,3.0,0.0
2007-09-20,61.42,61.45,61.0,61.14,20.47,20.48,20.33,20.38,3100.0,0.0,1.0,3.0,0.0
2007-09-21,61.22,61.29,61.03,61.03,20.41,20.43,20.34,20.34,60400.0,0.15,1.0,3.0,0.0
2007-09-24,61.03,61.1,60.7,60.74,20.34,20.37,20.23,20.25,5000.0,0.0,1.0,3.0,0.0
2007-09-25,60.13,60.59,60.13,60.58,20.04,20.2,20.04,20.19,3800.0,0.0,1.0,3.0,0.0
2007-09-26,60.93,60.93,60.82,60.86,20.31,20.31,20.27,20.29,700.0,0.0,1.0,3.0,0.0
2007-09-27,61.37,61.4,61.28,61.4,20.46,20.47,20.43,20.47,1300.0,0.0,1.0,3.0,0.0
2007-09-28,61.63,61.63,61.29,61.32,20.54,20.54,20.43,20.44,5500.0,0.0,1.0,3.0,0.0
2007-10-01,61.68,62.17,61.68,62.17,20.56,20.72,20.56,20.72,3200.0,0.0,1.0,3.0,0.0
2007-10-02,62.31,62.53,62.2,62.51,20.77,20.84,20.73,20.84,16700.0,0.0,1.0,3.0,0.0
2007-10-03,62.4,62.68,62.26,62.35,20.8,20.89,20.75,20.78,5500.0,0.0,1.0,3.0,0.0
2007-10-04,62.66,62.68,62.31,62.38,20.89,20.89,20.77,20.79,83200.0,0.0,1.0,3.0,0.0
2007-10-05,62.9,63.4,62.88,63.35,20.97,21.13,20.96,21.12,13300.0,0.0,1.0,3.0,0.0
2007-10-08,63.29,63.47,63.29,63.37,21.1,21.16,21.1,21.12,5000.0,0.0,1.0,3.0,0.0
2007-10-09,63.31,63.61,63.21,63.61,21.1,21.2,21.07,21.2,1800.0,0.0,1.0,3.0,0.0
2007-10-10,63.53,63.61,63.38,63.56,21.18,21.2,21.13,21.19,6800.0,0.0,1.0,3.0,0.0
2007-10-11,64.0,64.02,63.07,63.15,21.33,21.34,21.02,21.05,2900.0,0.0,1.0,3.0,0.0
2007-10-12,63.3,63.52,63.3,63.49,21.1,21.17,21.1,21.16,5800.0,0.0,1.0,3.0,0.0
2007-10-15,63.41,63.41,62.76,62.77,21.14,21.14,20.92,20.92,5000.0,0.0,1.0,3.0,0.0
2007-10-16,62.7,62.7,62.4,62.53,20.9,20.9,20.8,20.84,12200.0,0.0,1.0,3.0,0.0
2007-10-17,62.9,62.9,61.96,62.54,20.97,20.97,20.65,20.85,1800.0,0.0,1.0,3.0,0.0
2007-10-18,62.19,62.49,62.19,62.49,20.73,20.83,20.73,20.83,1500.0,0.0,1.0,3.0,0.0
2007-10-19,62.02,62.19,60.97,60.97,20.67,20.73,20.32,20.32,4700.0,0.0,1.0,3.0,0.0
2007-10-22,60.66,61.23,60.65,61.08,20.22,20.41,20.22,20.36,19100.0,0.0,1.0,3.0,0.0
2007-10-23,61.76,61.77,61.35,61.77,20.59,20.59,20.45,20.59,3800.0,0.0,1.0,3.0,0.0
2007-10-24,61.74,61.74,60.88,61.7,20.58,20.58,20.29,20.57,19800.0,0.0,1.0,3.0,0.0
2007-10-25,61.64,61.64,60.95,61.62,20.55,20.55,20.32,20.54,21300.0,0.0,1.0,3.0,0.0
2007-10-26,62.14,62.14,61.59,62.05,20.71,20.71,20.53,20.68,6100.0,0.0,1.0,3.0,0.0
2007-10-29,62.55,62.55,62.24,62.35,20.85,20.85,20.75,20.78,2000.0,0.0,1.0,3.0,0.0
2007-10-30,62.32,62.43,62.24,62.43,20.77,20.81,20.75,20.81,3600.0,0.0,1.0,3.0,0.0
2007-10-31,62.34,63.09,62.34,63.09,20.78,21.03,20.78,21.03,1300.0,0.0,1.0,3.0,0.0
2007-11-01,61.94,62.21,61.41,61.41,20.65,20.74,20.47,20.47,10600.0,0.0,1.0,3.0,0.0
2007-11-02,61.55,61.59,61.16,61.31,20.52,20.53,20.39,20.44,1600.0,0.0,1.0,3.0,0.0
2007-11-05,60.75,61.08,60.6,60.87,20.25,20.36,20.2,20.29,2800.0,0.0,1.0,3.0,0.0
2007-11-06,61.06,61.64,60.91,61.64,20.35,20.55,20.3,20.55,1400.0,0.0,1.0,3.0,0.0
2007-11-07,61.03,61.22,60.27,60.27,20.34,20.41,20.09,20.09,5100.0,0.0,1.0,3.0,0.0
2007-11-08,58.84,61.01,58.84,60.28,19.61,20.34,19.61,20.09,21400.0,0.0,1.0,3.0,0.0
2007-11-09,59.66,60.13,59.58,59.58,19.89,20.04,19.86,19.86,900.0,0.0,1.0,3.0,0.0
2007-11-12,59.63,59.63,58.79,59.0,19.88,19.88,19.6,19.67,12400.0,0.0,1.0,3.0,0.0
2007-11-13,59.16,59.79,59.16,59.77,19.72,19.93,19.72,19.92,2800.0,0.0,1.0,3.0,0.0
2007-11-14,60.39,60.43,59.83,59.83,20.13,20.14,19.94,19.94,2400.0,0.0,1.0,3.0,0.0
2007-11-15,59.61,59.68,59.01,59.03,19.87,19.89,19.67,19.68,2600.0,0.0,1.0,3.0,0.0
2007-11-16,58.59,59.06,58.45,58.75,19.53,19.69,19.48,19.58,3400.0,0.0,1.0,3.0,0.0
2007-11-19,58.41,58.41,57.73,57.96,19.47,19.47,19.24,19.32,7200.0,0.0,1.0,3.0,0.0
2007-11-20,57.92,58.25,56.89,56.91,19.31,19.42,18.96,18.97,16300.0,0.0,1.0,3.0,0.0
2007-11-21,56.93,57.3,56.93,56.93,18.98,19.1,18.98,18.98,13800.0,0.0,1.0,3.0,0.0
2007-11-23,57.86,57.86,57.55,57.6,19.29,19.29,19.18,19.2,700.0,0.0,1.0,3.0,0.0
2007-11-26,57.96,57.96,56.81,56.81,19.32,19.32,18.94,18.94,3900.0,0.0,1.0,3.0,0.0
2007-11-27,57.33,57.33,56.75,56.98,19.11,19.11,18.92,18.99,3800.0,0.0,1.0,3.0,0.0
2007-11-28,58.26,58.88,58.26,58.88,19.42,19.63,19.42,19.63,700.0,0.0,1.0,3.0,0.0
2007-11-29,58.86,59.06,58.62,58.83,19.62,19.69,19.54,19.61,1100.0,0.0,1.0,3.0,0.0
2007-11-30,59.76,59.89,59.32,59.45,19.92,19.96,19.77,19.82,1300.0,0.0,1.0,3.0,0.0
2007-12-03,59.38,59.68,59.3,59.38,19.79,19.89,19.77,19.79,2800.0,0.0,1.0,3.0,0.0
2007-12-04,58.82,59.22,58.82,58.94,19.61,19.74,19.61,19.65,9900.0,0.0,1.0,3.0,0.0
2007-12-05,59.56,59.7,59.54,59.63,19.85,19.9,19.85,19.88,6200.0,0.0,1.0,3.0,0.0
2007-12-06,59.71,60.65,59.71,60.63,19.9,20.22,19.9,20.21,15000.0,0.0,1.0,3.0,0.0
2007-12-07,60.81,61.03,60.76,60.85,20.27,20.34,20.25,20.28,1700.0,0.0,1.0,3.0,0.0
2007-12-10,61.29,61.32,61.2,61.32,20.43,20.44,20.4,20.44,1700.0,0.0,1.0,3.0,0.0
2007-12-11,60.79,60.79,59.51,59.51,20.26,20.26,19.84,19.84,1300.0,0.0,1.0,3.0,0.0
2007-12-12,60.17,60.17,59.11,59.62,20.06,20.06,19.7,19.87,3000.0,0.0,1.0,3.0,0.0
2007-12-13,59.04,59.48,59.04,59.48,19.68,19.83,19.68,19.83,8700.0,0.0,1.0,3.0,0.0
2007-12-14,59.15,59.39,58.83,58.83,19.72,19.8,19.61,19.61,1100.0,0.0,1.0,3.0,0.0
2007-12-17,58.48,58.48,57.78,57.78,19.49,19.49,19.26,19.26,1500.0,0.0,1.0,3.0,0.0
2007-12-18,57.83,58.07,57.43,58.05,19.28,19.36,19.14,19.35,1100.0,0.0,1.0,3.0,0.0
2007-12-19,58.18,58.25,57.84,58.13,19.39,19.42,19.28,19.38,2300.0,0.0,1.0,3.0,0.0
2007-12-20,58.09,58.75,57.98,58.75,19.36,19.58,19.33,19.58,6800.0,0.0,1.0,3.0,0.0
2007-12-21,56.53,56.58,56.14,56.57,18.84,18.86,18.71,18.86,20900.0,2.88,1.0,3.0,0.0
2007-12-24,56.95,57.17,56.95,57.17,18.98,19.06,18.98,19.06,5900.0,0.0,1.0,3.0,0.0
2007-12-26,56.96,57.28,56.9,57.25,18.99,19.09,18.97,19.08,13800.0,0.0,1.0,3.0,0.0
2007-12-27,57.04,57.04,56.36,56.37,19.01,19.01,18.79,18.79,2700.0,0.0,1.0,3.0,0.0
2007-12-28,56.51,56.51,56.28,56.34,18.84,18.84,18.76,18.78,3000.0,0.0,1.0,3.0,0.0
2007-12-31,56.03,56.22,55.94,55.94,18.68,18.74,18.65,18.65,3400.0,0.0,1.0,3.0,0.0
2008-01-02,55.88,55.94,55.18,55.42,18.63,18.65,18.39,18.47,2700.0,0.0,1.0,3.0,0.0
2008-01-03,55.45,55.45,54.86,54.86,18.48,18.48,18.29,18.29,700.0,0.0,1.0,3.0,0.0
2008-01-04,54.07,54.07,53.34,53.45,18.02,18.02,17.78,17.82,4700.0,0.0,1.0,3.0,0.0
2008-01-07,53.48,53.5,52.81,53.16,17.83,17.83,17.6,17.72,25800.0,0.0,1.0,3.0,0.0
2008-01-08,53.3,53.37,52.12,52.12,17.77,17.79,17.37,17.37,2100.0,0.0,1.0,3.0,0.0
2008-01-09,52.11,52.11,50.89,52.1,17.37,17.37,16.96,17.37,38900.0,0.0,1.0,3.0,0.0
2008-01-10,52.14,53.24,52.14,52.85,17.38,17.75,17.38,17.62,3100.0,0.0,1.0,3.0,0.0
2008-01-11,52.42,52.43,52.0,52.34,17.47,17.48,17.33,17.45,15800.0,0.0,1.0,3.0,0.0
2008-01-14,52.71,52.83,52.53,52.83,17.57,17.61,17.51,17.61,11400.0,0.0,1.0,3.0,0.0
2008-01-15,52.22,52.22,51.51,51.62,17.41,17.41,17.17,17.21,7200.0,0.0,1.0,3.0,0.0
2008-01-16,51.89,51.89,51.15,51.42,17.3,17.3,17.05,17.14,2500.0,0.0,1.0,3.0,0.0
2008-01-17,51.57,51.57,49.95,49.95,17.19,17.19,16.65,16.65,3300.0,0.0,1.0,3.0,0.0
2008-01-18,50.4,50.56,49.57,49.79,16.8,16.85,16.52,16.6,2800.0,0.0,1.0,3.0,0.0
2008-01-22,47.57,49.76,47.57,49.45,15.86,16.59,15.86,16.48,3400.0,0.0,1.0,3.0,0.0
2008-01-23,47.05,50.7,47.05,50.53,15.68,16.9,15.68,16.84,24100.0,0.0,1.0,3.0,0.0
2008-01-24,50.9,52.67,50.82,51.35,16.97,17.56,16.94,17.12,91300.0,0.0,1.0,3.0,0.0
2008-01-25,52.01,52.02,50.72,51.04,17.34,17.34,16.91,17.01,29600.0,0.0,1.0,3.0,0.0
2008-01-28,50.76,51.9,50.64,51.9,16.92,17.3,16.88,17.3,26700.0,0.0,1.0,3.0,0.0
2008-01-29,52.4,52.67,52.16,52.46,17.47,17.56,17.39,17.49,7300.0,0.0,1.0,3.0,0.0
2008-01-30,52.46,53.3,52.32,52.84,17.49,17.77,17.44,17.61,12900.0,0.0,1.0,3.0,0.0
2008-01-31,52.54,53.41,52.44,53.22,17.51,17.8,17.48,17.74,8000.0,0.0,1.0,3.0,0.0
2008-02-01,53.39,54.43,53.39,54.34,17.8,18.14,17.8,18.11,10400.0,0.0,1.0,3.0,0.0
2008-02-04,54.45,54.46,53.93,53.95,18.15,18.15,17.98,17.98,11100.0,0.0,1.0,3.0,0.0
2008-02-05,53.22,53.33,52.56,52.56,17.74,17.78,17.52,17.52,10500.0,0.0,1.0,3.0,0.0
2008-02-06,52.69,52.81,51.89,51.89,17.56,17.6,17.3,17.3,14300.0,0.0,1.0,3.0,0.0
2008-02-07,51.79,52.47,51.45,52.47,17.26,17.49,17.15,17.49,11000.0,0.0,1.0,3.0,0.0
2008-02-08,52.43,52.55,51.97,52.32,17.48,17.52,17.32,17.44,11700.0,0.0,1.0,3.0,0.0
2008-02-11,52.37,52.74,52.0,52.71,17.46,17.58,17.33,17.57,22000.0,0.0,1.0,3.0,0.0
2008-02-12,53.2,53.41,52.62,52.91,17.73,17.8,17.54,17.64,10700.0,0.0,1.0,3.0,0.0
2008-02-13,53.35,53.35,53.14,53.14,17.78,17.78,17.71,17.71,5500.0,0.0,1.0,3.0,0.0
2008-02-14,53.59,53.59,52.8,52.8,17.86,17.86,17.6,17.6,14700.0,0.0,1.0,3.0,0.0
2008-02-15,52.41,52.73,52.22,52.73,17.47,17.58,17.41,17.58,19000.0,0.0,1.0,3.0,0.0
2008-02-19,53.36,53.37,52.7,52.96,17.79,17.79,17.57,17.65,71200.0,0.0,1.0,3.0,0.0
2008-02-20,52.51,53.37,52.47,53.28,17.5,17.79,17.49,17.76,31600.0,0.0,1.0,3.0,0.0
2008-02-21,53.7,53.7,52.67,52.67,17.9,17.9,17.56,17.56,6800.0,0.0,1.0,3.0,0.0
2008-02-22,52.41,53.0,52.22,53.0,17.47,17.67,17.41,17.67,5900.0,0.0,1.0,3.0,0.0
2008-02-25,53.1,54.05,52.85,54.05,17.7,18.02,17.62,18.02,53800.0,0.0,1.0,3.0,0.0
2008-02-26,54.03,54.7,53.81,54.49,18.01,18.23,17.94,18.16,20000.0,0.0,1.0,3.0,0.0
2008-02-27,54.07,54.73,54.07,54.28,18.02,18.24,18.02,18.09,8100.0,0.0,1.0,3.0,5.45
2008-02-28,53.95,53.97,53.6,53.72,17.98,17.99,17.87,17.91,17600.0,0.0,1.0,3.0,0.0
2008-02-29,52.66,52.71,52.15,52.18,17.55,17.57,17.38,17.39,9500.0,0.0,1.0,3.0,0.0
2008-03-03,51.96,52.24,51.7,52.17,17.32,17.41,17.23,17.39,73100.0,0.0,1.0,3.0,0.0
2008-03-04,51.93,51.94,51.11,51.7,17.31,17.31,17.04,17.23,8000.0,0.0,1.0,3.0,0.0
2008-03-05,52.2,52.42,51.83,52.09,17.4,17.47,17.28,17.36,27100.0,0.0,1.0,3.0,0.0
2008-03-06,51.64,51.64,50.92,50.92,17.21,17.21,16.97,16.97,12800.0,0.0,1.0,3.0,0.0
2008-03-07,49.46,50.88,49.46,50.16,16.49,16.96,16.49,16.72,14600.0,0.0,1.0,3.0,-5.07
2008-03-10,50.01,50.07,49.13,49.13,16.67,16.69,16.38,16.38,13600.0,0.0,1.0,3.0,0.0
2008-03-11,50.2,50.73,49.99,50.73,16.73,16.91,16.66,16.91,14900.0,0.0,1.0,3.0,0.0
2008-03-12,50.9,51.08,50.44,50.44,16.97,17.03,16.81,16.81,30800.0,0.0,1.0,3.0,0.0
2008-03-13,49.22,51.05,49.22,50.85,16.41,17.02,16.41,16.95,23400.0,0.0,1.0,3.0,0.0
2008-03-14,50.97,51.2,49.75,50.06,16.99,17.07,16.58,16.69,56900.0,0.0,1.0,3.0,0.0
2008-03-17,48.84,49.45,48.46,49.11,16.28,16.48,16.15,16.37,14800.0,0.0,1.0,3.0,0.0
2008-03-18,49.84,50.89,49.71,50.89,16.61,16.96,16.57,16.96,8700.0,0.0,1.0,3.0,0.0
2008-03-19,51.24,51.24,50.03,50.03,17.08,17.08,16.68,16.68,8400.0,0.0,1.0,3.0,0.0
2008-03-20,49.24,50.42,49.24,50.4,16.41,16.81,16.41,16.8,9700.0,0.18,1.0,3.0,0.0
2008-03-24,50.95,51.68,50.95,51.6,16.98,17.23,16.98,17.2,6400.0,0.0,1.0,3.0,0.0
2008-03-25,51.65,52.16,51.53,51.98,17.22,17.39,17.18,17.33,7500.0,0.0,1.0,3.0,0.0
2008-03-26,51.86,51.86,51.37,51.37,17.29,17.29,17.12,17.12,7900.0,0.0,1.0,3.0,0.0
2008-03-27,50.85,50.85,50.79,50.83,16.95,16.95,16.93,16.94,11000.0,0.0,1.0,3.0,0.0
2008-03-28,50.89,50.94,50.22,50.22,16.96,16.98,16.74,16.74,3800.0,0.0,1.0,3.0,0.0
2008-03-31,50.29,50.76,50.13,50.76,16.76,16.92,16.71,16.92,5900.0,0.0,1.0,3.0,0.0
2008-04-01,51.32,52.55,51.32,52.55,17.11,17.52,17.11,17.52,3400.0,0.0,1.0,3.0,0.0
2008-04-02,52.71,53.2,52.44,52.85,17.57,17.73,17.48,17.62,3200.0,0.0,1.0,3.0,0.0
2008-04-03,52.62,52.98,52.62,52.98,17.54,17.66,17.54,17.66,200.0,0.0,1.0,3.0,0.0
2008-04-04,53.18,53.26,53.01,53.1,17.73,17.75,17.67,17.7,3300.0,0.0,1.0,3.0,0.0
2008-04-07,53.35,53.44,53.35,53.44,17.78,17.81,17.78,17.81,500.0,0.0,1.0,3.0,0.0
2008-04-08,52.75,53.08,52.74,52.93,17.58,17.69,17.58,17.64,8200.0,0.0,1.0,3.0,0.0
2008-04-09,52.85,52.92,51.92,52.09,17.62,17.64,17.31,17.36,1500.0,0.0,1.0,3.0,0.0
2008-04-10,52.61,52.61,52.58,52.58,17.54,17.54,17.53,17.53,600.0,0.0,1.0,3.0,0.0
2008-04-11,52.01,52.01,52.0,52.0,17.34,17.34,17.33,17.33,2100.0,0.0,1.0,3.0,0.0
2008-04-14,51.47,51.59,51.45,51.59,17.16,17.2,17.15,17.2,5600.0,0.0,1.0,3.0,0.0
2008-04-15,51.35,51.48,51.35,51.48,17.12,17.16,17.12,17.16,400.0,0.0,1.0,3.0,0.0
2008-04-16,52.0,52.91,52.0,52.91,17.33,17.64,17.33,17.64,3800.0,0.0,1.0,3.0,0.0
2008-04-17,52.77,52.93,52.71,52.93,17.59,17.64,17.57,17.64,8900.0,0.0,1.0,3.0,0.0
2008-04-18,53.81,53.96,53.76,53.96,17.94,17.99,17.92,17.99,1800.0,0.0,1.0,3.0,0.0
2008-04-21,53.65,53.72,53.65,53.71,17.88,17.91,17.88,17.9,2800.0,0.0,1.0,3.0,0.0
2008-04-22,53.15,53.15,52.63,52.63,17.72,17.72,17.54,17.54,1300.0,0.0,1.0,3.0,0.0
2008-04-23,52.95,53.3,52.81,52.81,17.65,17.77,17.6,17.6,4900.0,0.0,1.0,3.0,0.0
2008-04-24,53.22,53.79,52.99,53.79,17.74,17.93,17.66,17.93,4300.0,0.0,1.0,3.0,0.0
2008-04-25,53.89,54.37,53.68,54.28,17.96,18.12,17.89,18.09,11800.0,0.0,1.0,3.0,0.0
2008-04-28,54.29,54.54,54.28,54.35,18.1,18.18,18.09,18.12,51000.0,0.0,1.0,3.0,0.0
2008-04-29,54.35,54.35,54.3,54.3,18.12,18.12,18.1,18.1,2400.0,0.0,1.0,3.0,0.0
2008-04-30,54.32,54.5,54.22,54.5,18.11,18.17,18.07,18.17,12700.0,0.0,1.0,3.0,0.0
2008-05-01,54.15,54.93,54.15,54.93,18.05,18.31,18.05,18.31,4300.0,0.0,1.0,3.0,0.0
2008-05-02,55.21,55.28,54.73,54.73,18.4,18.43,18.24,18.24,700.0,0.0,1.0,3.0,0.0
2008-05-05,54.82,55.0,54.74,54.89,18.27,18.33,18.25,18.3,3800.0,0.0,1.0,3.0,0.0
2008-05-06,54.53,55.3,54.53,55.3,18.18,18.43,18.18,18.43,7700.0,0.0,1.0,3.0,0.0
2008-05-07,55.4,55.4,54.79,54.79,18.47,18.47,18.26,18.26,5300.0,0.0,1.0,3.0,0.0
2008-05-08,54.62,54.89,54.56,54.72,18.21,18.3,18.19,18.24,2900.0,0.0,1.0,3.0,0.0
2008-05-09,54.47,54.56,54.25,54.56,18.16,18.19,18.08,18.19,4000.0,0.0,1.0,3.0,0.0
2008-05-12,54.59,54.59,54.59,54.59,18.2,18.2,18.2,18.2,300.0,0.0,1.0,3.0,0.0
2008-05-13,55.35,55.5,55.23,55.5,18.45,18.5,18.41,18.5,5200.0,0.0,1.0,3.0,0.0
2008-05-14,56.02,56.02,55.91,55.91,18.67,18.67,18.64,18.64,400.0,0.0,1.0,3.0,0.0
2008-05-15,56.25,56.26,56.25,56.26,18.75,18.75,18.75,18.75,1500.0,0.0,1.0,3.0,0.0
2008-05-16,56.92,56.92,56.24,56.47,18.97,18.97,18.75,18.82,2300.0,0.0,1.0,3.0,0.0
2008-05-19,56.7,57.08,56.48,56.48,18.9,19.03,18.83,18.83,2800.0,0.0,1.0,3.0,0.0
2008-05-20,56.02,56.25,56.02,56.25,18.67,18.75,18.67,18.75,400.0,0.0,1.0,3.0,0.0
2008-05-21,55.42,55.42,55.42,55.42,18.47,18.47,18.47,18.47,500.0,0.0,1.0,3.0,0.0
2008-05-22,55.42,55.54,55.42,55.54,18.47,18.51,18.47,18.51,300.0,0.0,1.0,3.0,0.0
2008-05-23,54.73,54.87,54.61,54.81,18.24,18.29,18.2,18.27,4300.0,0.0,1.0,3.0,0.0
2008-05-27,54.94,55.24,54.94,55.24,18.31,18.41,18.31,18.41,1500.0,0.0,1.0,3.0,0.0
2008-05-28,55.46,55.55,55.46,55.55,18.49,18.52,18.49,18.52,700.0,0.0,1.0,3.0,0.0
2008-05-29,55.55,55.55,55.55,55.55,18.52,18.52,18.52,18.52,0.0,0.0,1.0,3.0,0.0
2008-05-30,55.55,55.55,55.55,55.55,18.52,18.52,18.52,18.52,0.0,0.0,1.0,3.0,0.0
2008-06-02,56.1,56.1,55.8,56.0,18.7,18.7,18.6,18.67,900.0,0.0,1.0,3.0,0.0
2008-06-03,56.23,56.33,55.46,55.98,18.74,18.78,18.49,18.66,6500.0,0.0,1.0,3.0,0.0
2008-06-04,55.98,55.98,55.98,55.98,18.66,18.66,18.66,18.66,0.0,0.0,1.0,3.0,0.0
2008-06-05,56.87,56.87,56.87,56.87,18.96,18.96,18.96,18.96,200.0,0.0,1.0,3.0,0.0
2008-06-06,56.92,56.92,56.25,56.44,18.97,18.97,18.75,18.81,800.0,0.0,1.0,3.0,0.0
2008-06-09,55.92,55.92,55.16,55.16,18.64,18.64,18.39,18.39,1600.0,0.0,1.0,3.0,0.0
2008-06-10,55.01,55.29,55.01,55.29,18.34,18.43,18.34,18.43,700.0,0.0,1.0,3.0,0.0
2008-06-11,55.04,55.04,54.32,54.32,18.35,18.35,18.11,18.11,1500.0,0.0,1.0,3.0,0.0
2008-06-12,54.52,54.52,54.52,54.52,18.17,18.17,18.17,18.17,100.0,0.0,1.0,3.0,0.0
2008-06-13,55.03,55.03,54.69,54.89,18.34,18.34,18.23,18.3,3300.0,0.0,1.0,3.0,0.0
2008-06-16,55.31,55.95,55.31,55.95,18.44,18.65,18.44,18.65,11300.0,0.0,1.0,3.0,0.0
2008-06-17,55.76,55.83,55.43,55.43,18.59,18.61,18.48,18.48,11200.0,0.0,1.0,3.0,0.0
2008-06-18,54.95,54.96,54.76,54.79,18.32,18.32,18.25,18.26,11600.0,0.0,1.0,3.0,0.0
2008-06-19,54.95,55.09,54.95,55.09,18.32,18.36,18.32,18.36,1800.0,0.0,1.0,3.0,0.0
2008-06-20,54.73,54.73,53.85,53.87,18.24,18.24,17.95,17.96,12300.0,0.21,1.0,3.0,0.0
2008-06-23,53.87,53.87,53.87,53.87,17.96,17.96,17.96,17.96,0.0,0.0,1.0,3.0,0.0
2008-06-24,53.58,53.78,53.57,53.57,17.86,17.93,17.86,17.86,1600.0,0.0,1.0,3.0,0.0
2008-06-25,53.43,53.88,53.43,53.82,17.81,17.96,17.81,17.94,1700.0,0.0,1.0,3.0,0.0
2008-06-26,52.75,52.75,52.43,52.43,17.58,17.58,17.48,17.48,1100.0,0.0,1.0,3.0,0.0
2008-06-27,52.14,52.37,52.08,52.18,17.38,17.46,17.36,17.39,1700.0,0.0,1.0,3.0,0.0
2008-06-30,52.42,52.46,52.07,52.13,17.47,17.49,17.36,17.38,14900.0,0.0,1.0,3.0,0.0
2008-07-01,51.55,51.63,51.19,51.6,17.18,17.21,17.06,17.2,5800.0,0.0,1.0,3.0,0.0
2008-07-02,52.28,52.28,50.73,50.73,17.43,17.43,16.91,16.91,400.0,0.0,1.0,3.0,0.0
2008-07-03,50.1,50.1,50.1,50.1,16.7,16.7,16.7,16.7,400.0,0.0,1.0,3.0,0.0
2008-07-07,50.63,50.63,49.74,49.74,16.88,16.88,16.58,16.58,400.0,0.0,1.0,3.0,0.0
2008-07-08,49.48,50.56,48.98,50.56,16.49,16.85,16.33,16.85,7100.0,0.0,1.0,3.0,0.0
2008-07-09,50.81,50.91,49.74,49.74,16.94,16.97,16.58,16.58,1300.0,0.0,1.0,3.0,0.0
2008-07-10,50.08,50.08,50.05,50.05,16.69,16.69,16.68,16.68,1800.0,0.0,1.0,3.0,0.0
2008-07-11,49.2,49.6,48.92,49.6,16.4,16.53,16.31,16.53,3400.0,0.0,1.0,3.0,0.0
2008-07-14,50.08,50.09,49.06,49.06,16.69,16.7,16.35,16.35,3600.0,0.0,1.0,3.0,0.0
2008-07-15,49.08,49.32,48.81,48.81,16.36,16.44,16.27,16.27,700.0,0.0,1.0,3.0,0.0
2008-07-16,48.98,50.07,48.69,50.07,16.33,16.69,16.23,16.69,5200.0,0.0,1.0,3.0,0.0
2008-07-17,50.75,50.75,50.43,50.57,16.92,16.92,16.81,16.86,4000.0,0.0,1.0,3.0,0.0
2008-07-18,50.89,50.89,50.78,50.78,16.96,16.96,16.93,16.93,200.0,0.0,1.0,3.0,0.0
2008-07-21,50.86,50.97,50.65,50.77,16.95,16.99,16.88,16.92,6500.0,0.0,1.0,3.0,0.0
2008-07-22,50.69,51.3,50.69,51.3,16.9,17.1,16.9,17.1,5000.0,0.0,1.0,3.0,0.0
2008-07-23,51.58,52.31,51.58,52.02,17.19,17.44,17.19,17.34,3500.0,0.0,1.0,3.0,0.0
2008-07-24,51.7,51.7,50.3,50.41,17.23,17.23,16.77,16.8,12000.0,0.0,1.0,3.0,0.0
2008-07-25,50.6,50.8,50.41,50.69,16.87,16.93,16.8,16.9,5100.0,0.0,1.0,3.0,0.0
2008-07-28,50.72,50.72,50.0,50.0,16.91,16.91,16.67,16.67,500.0,0.0,1.0,3.0,0.0
2008-07-29,50.56,51.09,50.56,51.08,16.85,17.03,16.85,17.03,700.0,0.0,1.0,3.0,0.0
2008-07-30,51.53,51.72,51.4,51.65,17.18,17.24,17.13,17.22,2700.0,0.0,1.0,3.0,0.0
2008-07-31,51.65,51.65,51.65,51.65,17.22,17.22,17.22,17.22,0.0,0.0,1.0,3.0,0.0
2008-08-01,51.4,51.5,50.97,51.3,17.13,17.17,16.99,17.1,5300.0,0.0,1.0,3.0,0.0
2008-08-04,50.52,50.52,50.38,50.38,16.84,16.84,16.79,16.79,700.0,0.0,1.0,3.0,0.0
2008-08-05,51.06,51.15,51.06,51.15,17.02,17.05,17.02,17.05,900.0,0.0,1.0,3.0,0.0
2008-08-06,51.38,51.38,51.38,51.38,17.13,17.13,17.13,17.13,300.0,0.0,1.0,3.0,0.0
2008-08-07,51.65,51.65,51.28,51.28,17.22,17.22,17.09,17.09,3000.0,0.0,1.0,3.0,0.0
2008-08-08,51.35,51.86,51.35,51.86,17.12,17.29,17.12,17.29,3300.0,0.0,1.0,3.0,0.0
2008-08-11,52.05,52.58,52.05,52.58,17.35,17.53,17.35,17.53,1000.0,0.0,1.0,3.0,0.0
2008-08-12,52.53,52.53,52.38,52.38,17.51,17.51,17.46,17.46,11100.0,0.0,1.0,3.0,0.0
2008-08-13,52.15,52.15,51.62,51.67,17.38,17.38,17.21,17.22,116800.0,0.0,1.0,3.0,0.0
2008-08-14,52.0,52.54,52.0,52.51,17.33,17.51,17.33,17.5,700.0,0.0,1.0,3.0,5.21
2008-08-15,52.66,52.73,52.66,52.66,17.55,17.58,17.55,17.55,600.0,0.0,1.0,3.0,0.0
2008-08-18,52.66,52.66,52.66,52.66,17.55,17.55,17.55,17.55,0.0,0.0,1.0,3.0,0.0
2008-08-19,52.66,52.66,52.66,52.66,17.55,17.55,17.55,17.55,0.0,0.0,1.0,3.0,0.0
2008-08-20,52.66,52.66,52.66,52.66,17.55,17.55,17.55,17.55,0.0,0.0,1.0,3.0,0.0
2008-08-21,51.33,51.4,51.33,51.4,17.11,17.13,17.11,17.13,200.0,0.0,1.0,3.0,0.0
2008-08-22,51.72,51.75,51.72,51.74,17.24,17.25,17.24,17.25,500.0,0.0,1.0,3.0,0.0
2008-08-25,51.92,51.92,51.16,51.16,17.31,17.31,17.05,17.05,69800.0,0.0,1.0,3.0,0.0
2008-08-26,51.15,51.48,51.15,51.26,17.05,17.16,17.05,17.09,14800.0,0.0,1.0,3.0,0.0
2008-08-27,51.26,51.26,51.26,51.26,17.09,17.09,17.09,17.09,0.0,0.0,1.0,3.0,0.0
2008-08-28,52.11,52.16,52.11,52.16,17.37,17.39,17.37,17.39,700.0,0.0,1.0,3.0,0.0
2008-08-29,52.48,52.51,52.11,52.31,17.49,17.5,17.37,17.44,2800.0,0.0,1.0,3.0,0.0
2008-09-02,53.06,53.06,52.16,52.16,17.69,17.69,17.39,17.39,3000.0,0.0,1.0,3.0,0.0
2008-09-03,51.58,51.71,51.4,51.69,17.19,17.24,17.13,17.23,35600.0,0.0,1.0,3.0,0.0
2008-09-04,50.9,50.9,50.42,50.42,16.97,16.97,16.81,16.81,500.0,0.0,1.0,3.0,0.0
2008-09-05,50.51,50.51,50.51,50.51,16.84,16.84,16.84,16.84,200.0,0.0,1.0,3.0,0.0
2008-09-08,52.18,52.18,50.86,51.27,17.39,17.39,16.95,17.09,2000.0,0.0,1.0,3.0,0.0
2008-09-09,50.33,50.33,49.57,49.57,16.78,16.78,16.52,16.52,2500.0,0.0,1.0,3.0,0.0
2008-09-10,49.71,50.03,49.22,49.65,16.57,16.68,16.41,16.55,2000.0,0.0,1.0,3.0,0.0
2008-09-11,48.96,49.99,48.96,49.99,16.32,16.66,16.32,16.66,2100.0,0.0,1.0,3.0,0.0
2008-09-12,49.86,50.38,49.85,50.38,16.62,16.79,16.62,16.79,4600.0,0.0,1.0,3.0,0.0
2008-09-15,49.11,49.79,48.46,48.46,16.37,16.6,16.15,16.15,11900.0,0.0,1.0,3.0,0.0
2008-09-16,47.27,48.92,47.16,48.92,15.76,16.31,15.72,16.31,13100.0,0.0,1.0,3.0,0.0
2008-09-17,48.41,48.41,46.85,46.85,16.14,16.14,15.62,15.62,16000.0,0.0,1.0,3.0,0.0
2008-09-18,47.28,48.85,45.92,48.85,15.76,16.28,15.31,16.28,62300.0,0.0,1.0,3.0,0.0
2008-09-19,50.87,50.87,49.24,50.87,16.96,16.96,16.41,16.96,30900.0,0.21,1.0,3.0,0.0
2008-09-22,50.25,50.28,48.53,48.53,16.75,16.76,16.18,16.18,15100.0,0.0,1.0,3.0,0.0
2008-09-23,48.31,48.8,48.31,48.53,16.1,16.27,16.1,16.18,18600.0,0.0,1.0,3.0,0.0
2008-09-24,47.91,47.91,47.45,47.45,15.97,15.97,15.82,15.82,2600.0,0.0,1.0,3.0,0.0
2008-09-25,47.72,48.11,47.72,48.03,15.91,16.04,15.91,16.01,2600.0,0.0,1.0,3.0,0.0
2008-09-26,47.19,47.62,46.97,47.62,15.73,15.87,15.66,15.87,5700.0,0.0,1.0,3.0,0.0
2008-09-29,45.7,45.87,43.96,44.42,15.23,15.29,14.65,14.81,7100.0,0.0,1.0,3.0,0.0
2008-09-30,46.29,46.29,44.42,45.55,15.43,15.43,14.81,15.18,16900.0,0.0,1.0,3.0,0.0
2008-10-01,45.07,45.4,45.0,45.21,15.02,15.13,15.0,15.07,31300.0,0.0,1.0,3.0,0.0
2008-10-02,43.94,44.08,43.05,43.05,14.65,14.69,14.35,14.35,8700.0,0.0,1.0,3.0,0.0
2008-10-03,43.86,44.13,41.99,42.02,14.62,14.71,14.0,14.01,9100.0,0.0,1.0,3.0,0.0
2008-10-06,40.59,40.59,38.53,40.16,13.53,13.53,12.84,13.39,59900.0,0.0,1.0,3.0,0.0
2008-10-07,41.1,41.1,37.82,37.82,13.7,13.7,12.61,12.61,15000.0,0.0,1.0,3.0,0.0
2008-10-08,36.32,38.09,36.11,37.1,12.11,12.7,12.04,12.37,9000.0,0.0,1.0,3.0,0.0
2008-10-09,36.94,36.97,34.72,34.74,12.31,12.32,11.57,11.58,10000.0,0.0,1.0,3.0,0.0
2008-10-10,33.27,34.73,32.54,34.28,11.09,11.58,10.85,11.43,15100.0,0.0,1.0,3.0,0.0
2008-10-13,37.74,41.3,35.79,38.25,12.58,13.77,11.93,12.75,23000.0,0.0,1.0,3.0,0.0
2008-10-14,40.3,45.0,37.35,37.35,13.43,15.0,12.45,12.45,1220.0,0.0,1.0,3.0,0.0
2008-10-15,37.03,37.03,35.18,35.18,12.34,12.34,11.73,11.73,6500.0,0.0,1.0,3.0,0.0
2008-10-16,34.56,34.68,33.37,34.68,11.52,11.56,11.12,11.56,15500.0,0.0,1.0,3.0,0.0
2008-10-17,34.6,36.09,34.6,35.47,11.53,12.03,11.53,11.82,36600.0,0.0,1.0,3.0,0.0
2008-10-20,36.2,36.6,35.82,36.6,12.07,12.2,11.94,12.2,5000.0,0.0,1.0,3.0,0.0
2008-10-21,36.31,36.84,36.31,36.73,12.1,12.28,12.1,12.24,2700.0,0.0,1.0,3.0,0.0
2008-10-22,35.0,35.0,32.95,34.12,11.67,11.67,10.98,11.37,13000.0,0.0,1.0,3.0,0.0
2008-10-23,34.05,34.05,31.58,32.88,11.35,11.35,10.53,10.96,4400.0,0.0,1.0,3.0,0.0
2008-10-24,31.35,32.17,30.99,32.1,10.45,10.72,10.33,10.7,8600.0,0.0,1.0,3.0,0.0
2008-10-27,31.41,32.04,30.15,30.15,10.47,10.68,10.05,10.05,56400.0,0.0,1.0,3.0,0.0
2008-10-28,31.6,31.6,30.46,31.03,10.53,10.53,10.15,10.34,8600.0,0.0,1.0,3.0,0.0
2008-10-29,33.45,34.93,32.71,33.59,11.15,11.64,10.9,11.2,17900.0,0.0,1.0,3.0,0.0
2008-10-30,34.53,35.09,34.2,35.0,11.51,11.7,11.4,11.67,4200.0,0.0,1.0,3.0,0.0
2008-10-31,34.74,36.09,34.74,36.09,11.58,12.03,11.58,12.03,1000.0,0.0,1.0,3.0,0.0
2008-11-03,36.37,36.44,35.83,35.96,12.12,12.15,11.94,11.99,10200.0,0.0,1.0,3.0,0.0
2008-11-04,36.96,37.05,36.38,36.7,12.32,12.35,12.13,12.23,20900.0,0.0,1.0,3.0,0.0
2008-11-05,36.5,36.75,35.63,35.63,12.17,12.25,11.88,11.88,28900.0,0.0,1.0,3.0,0.0
2008-11-06,34.49,34.55,33.55,33.55,11.5,11.52,11.18,11.18,12000.0,0.0,1.0,3.0,0.0
2008-11-07,33.63,34.39,33.63,34.25,11.21,11.46,11.21,11.42,1800.0,0.0,1.0,3.0,0.0
2008-11-10,35.21,35.21,33.39,33.66,11.74,11.74,11.13,11.22,46500.0,0.0,1.0,3.0,0.0
2008-11-11,33.23,33.23,32.3,32.8,11.08,11.08,10.77,10.93,52400.0,0.0,1.0,3.0,0.0
2008-11-12,31.71,31.71,30.93,30.95,10.57,10.57,10.31,10.32,2500.0,0.0,1.0,3.0,0.0
2008-11-13,31.08,31.94,29.51,31.94,10.36,10.65,9.84,10.65,11200.0,0.0,1.0,3.0,0.0
2008-11-14,32.45,32.72,31.43,31.7,10.82,10.91,10.48,10.57,13300.0,0.0,1.0,3.0,0.0
2008-11-17,31.03,31.41,30.76,30.76,10.34,10.47,10.25,10.25,15800.0,0.0,1.0,3.0,0.0
2008-11-18,30.84,31.0,30.52,30.52,10.28,10.33,10.17,10.17,3600.0,0.0,1.0,3.0,0.0
2008-11-19,30.95,30.95,28.64,28.64,10.32,10.32,9.55,9.55,7100.0,0.0,1.0,3.0,1.54
2008-11-20,27.81,28.24,26.38,26.5,9.27,9.41,8.79,8.83,9800.0,0.0,1.0,3.0,0.0
2008-11-21,26.91,27.35,25.61,27.29,8.97,9.12,8.54,9.1,14000.0,0.0,1.0,3.0,0.0
2008-11-24,27.73,30.02,27.73,29.75,9.24,10.01,9.24,9.92,24700.0,0.0,1.0,3.0,0.0
2008-11-25,30.24,30.46,29.5,30.46,10.08,10.15,9.83,10.15,15900.0,0.0,1.0,3.0,0.0
2008-11-26,29.83,31.93,29.83,31.71,9.94,10.64,9.94,10.57,27200.0,0.0,1.0,3.0,0.0
2008-11-28,31.87,32.0,31.82,32.0,10.62,10.67,10.61,10.67,3000.0,0.0,1.0,3.0,0.0
2008-12-01,31.49,31.49,28.96,28.96,10.5,10.5,9.65,9.65,8100.0,0.0,1.0,3.0,0.0
2008-12-02,29.35,30.25,29.35,30.25,9.78,10.08,9.78,10.08,28100.0,0.0,1.0,3.0,0.0
2008-12-03,29.77,30.85,29.54,30.64,9.92,10.28,9.85,10.21,7900.0,0.0,1.0,3.0,0.0
2008-12-04,30.57,31.37,29.65,29.65,10.19,10.46,9.88,9.88,3900.0,0.0,1.0,3.0,0.0
2008-12-05,29.72,30.95,29.08,30.95,9.91,10.32,9.69,10.32,8800.0,0.0,1.0,3.0,0.0
2008-12-08,32.52,32.77,32.11,32.51,10.84,10.92,10.7,10.84,14300.0,0.0,1.0,3.0,0.0
2008-12-09,32.49,33.12,31.87,31.87,10.83,11.04,10.62,10.62,4900.0,0.0,1.0,3.0,0.0
2008-12-10,32.12,32.68,32.06,32.65,10.71,10.89,10.69,10.88,17200.0,0.0,1.0,3.0,0.0
2008-12-11,32.43,32.82,31.0,31.0,10.81,10.94,10.33,10.33,4900.0,0.0,1.0,3.0,0.0
2008-12-12,31.52,31.86,31.52,31.86,10.51,10.62,10.51,10.62,800.0,0.0,1.0,3.0,0.0
2008-12-15,32.28,32.28,30.87,31.4,10.76,10.76,10.29,10.47,25900.0,0.0,1.0,3.0,0.0
2008-12-16,33.16,33.16,31.85,33.16,11.05,11.05,10.62,11.05,7700.0,0.0,1.0,3.0,0.0
2008-12-17,32.67,33.82,32.67,33.66,10.89,11.27,10.89,11.22,14100.0,0.0,1.0,3.0,0.0
2008-12-18,33.42,33.58,32.43,32.95,11.14,11.19,10.81,10.98,3500.0,0.0,1.0,3.0,0.0
2008-12-19,33.07,33.17,32.59,32.83,11.02,11.06,10.86,10.94,51900.0,0.2,1.0,3.0,0.0
2008-12-22,32.59,32.59,31.45,31.61,10.86,10.86,10.48,10.54,75200.0,0.0,1.0,3.0,0.0
2008-12-23,32.14,32.31,31.72,31.72,10.71,10.77,10.57,10.57,31000.0,0.0,1.0,3.0,0.0
2008-12-24,31.66,31.95,31.66,31.88,10.55,10.65,10.55,10.63,30600.0,0.0,1.0,3.0,1.59
2008-12-26,31.92,32.18,31.92,32.17,10.64,10.73,10.64,10.72,2600.0,0.0,1.0,3.0,0.0
2008-12-29,32.2,32.2,31.58,31.72,10.73,10.73,10.53,10.57,29000.0,0.0,1.0,3.0,0.0
2008-12-30,32.07,32.74,32.06,32.74,10.69,10.91,10.69,10.91,16900.0,0.0,1.0,3.0,0.0
2008-12-31,33.03,33.84,33.03,33.84,11.01,11.28,11.01,11.28,3800.0,0.0,1.0,3.0,0.0
2009-01-02,33.71,34.17,33.71,34.17,11.24,11.39,11.24,11.39,600.0,0.0,1.0,3.0,0.0
2009-01-05,34.7,34.84,34.19,34.84,11.57,11.61,11.4,11.61,1400.0,0.0,1.0,3.0,0.0
2009-01-06,35.2,35.66,35.2,35.49,11.73,11.89,11.73,11.83,3100.0,0.0,1.0,3.0,0.0
2009-01-07,34.4,34.4,34.27,34.4,11.47,11.47,11.42,11.47,800.0,0.0,1.0,3.0,0.0
2009-01-08,34.22,34.61,34.1,34.61,11.41,11.54,11.37,11.54,400.0,0.0,1.0,3.0,0.0
2009-01-09,33.64,33.97,33.64,33.97,11.21,11.32,11.21,11.32,700.0,0.0,1.0,3.0,0.0
2009-01-12,33.15,33.31,32.61,32.61,11.05,11.1,10.87,10.87,2800.0,0.0,1.0,3.0,0.0
2009-01-13,33.04,33.14,32.91,33.01,11.01,11.05,10.97,11.0,1900.0,0.0,1.0,3.0,0.0
2009-01-14,32.09,32.09,31.65,31.69,10.7,10.7,10.55,10.56,6700.0,0.0,1.0,3.0,0.0
2009-01-15,31.63,32.56,30.8,32.22,10.54,10.85,10.27,10.74,74300.0,0.0,1.0,3.0,0.0
2009-01-16,32.89,32.89,32.89,32.89,10.96,10.96,10.96,10.96,200.0,0.0,1.0,3.0,0.0
2009-01-20,32.41,32.41,30.88,30.94,10.8,10.8,10.29,10.31,55100.0,0.0,1.0,3.0,0.0
2009-01-21,31.37,31.37,30.75,30.89,10.46,10.46,10.25,10.3,74100.0,0.0,1.0,3.0,0.0
2009-01-22,31.32,31.32,30.89,31.23,10.44,10.44,10.3,10.41,1400.0,0.0,1.0,3.0,0.0
2009-01-23,30.64,31.45,30.52,31.45,10.21,10.48,10.17,10.48,2000.0,0.0,1.0,3.0,0.0
2009-01-26,31.64,32.13,31.64,31.74,10.55,10.71,10.55,10.58,700.0,0.0,1.0,3.0,0.0
2009-01-27,32.23,32.23,31.96,32.13,10.74,10.74,10.65,10.71,3000.0,0.0,1.0,3.0,0.0
2009-01-28,32.73,33.27,32.73,33.27,10.91,11.09,10.91,11.09,1800.0,0.0,1.0,3.0,0.0
2009-01-29,33.0,33.0,32.26,32.26,11.0,11.0,10.75,10.75,3800.0,0.0,1.0,3.0,0.0
2009-01-30,32.38,32.38,31.45,31.49,10.79,10.79,10.48,10.5,5600.0,0.0,1.0,3.0,0.0
2009-02-02,30.92,31.49,30.83,31.49,10.31,10.5,10.28,10.5,2900.0,0.0,1.0,3.0,0.0
2009-02-03,31.44,31.67,31.44,31.67,10.48,10.56,10.48,10.56,1200.0,0.0,1.0,3.0,0.0
2009-02-04,32.22,32.25,31.69,31.78,10.74,10.75,10.56,10.59,1800.0,0.0,1.0,3.0,
2009-02-05,31.5,32.22,31.5,32.22,10.5,10.74,10.5,10.74,2600.0,0.0,1.0,3.0,0.0
2009-02-06,32.19,33.27,32.19,33.27,10.73,11.09,10.73,11.09,46100.0,0.0,1.0,3.0,0.0
2009-02-09,33.16,33.35,32.9,33.21,11.05,11.12,10.97,11.07,5800.0,0.0,1.0,3.0,0.0
2009-02-10,32.98,33.2,31.69,31.69,10.99,11.07,10.56,10.56,3600.0,0.0,1.0,3.0,0.0
2009-02-11,32.04,32.04,31.46,31.64,10.68,10.68,10.49,10.55,5700.0,0.0,1.0,3.0,0.0
2009-02-12,31.38,31.47,31.23,31.42,10.46,10.49,10.41,10.47,1600.0,0.0,1.0,3.0,0.0
2009-02-13,32.1,32.1,31.82,31.82,10.7,10.7,10.61,10.61,1100.0,0.0,1.0,3.0,0.0
2009-02-17,30.62,30.74,30.5,30.55,10.21,10.25,10.17,10.18,7700.0,0.0,1.0,3.0,0.0
2009-02-18,30.0,30.04,29.9,30.04,10.0,10.01,9.97,10.01,1300.0,0.0,1.0,3.0,0.0
2009-02-19,30.55,30.55,29.48,29.71,10.18,10.18,9.83,9.9,14600.0,0.0,1.0,3.0,0.0
2009-02-20,29.0,29.4,28.69,29.2,9.67,9.8,9.56,9.73,5900.0,0.0,1.0,3.0,0.0
2009-02-23,29.57,33.3,28.13,28.13,9.86,11.1,9.38,9.38,3900.0,0.0,1.0,3.0,0.0
2009-02-24,28.46,29.32,28.27,29.31,9.49,9.77,9.42,9.77,5200.0,0.0,1.0,3.0,0.0
2009-02-25,29.26,29.26,28.69,29.15,9.75,9.75,9.56,9.72,17600.0,0.0,1.0,3.0,0.0
2009-02-26,29.5,29.5,28.68,28.7,9.83,9.83,9.56,9.57,7300.0,0.0,1.0,3.0,0.0
2009-02-27,28.14,28.76,27.95,28.67,9.38,9.59,9.32,9.56,6100.0,0.0,1.0,3.0,0.0
2009-03-02,27.82,27.82,26.61,26.88,9.27,9.27,8.87,8.96,10000.0,0.0,1.0,3.0,0.0
2009-03-03,27.15,27.15,26.28,26.35,9.05,9.05,8.76,8.78,3600.0,0.0,1.0,3.0,0.0
2009-03-04,26.76,27.56,26.76,27.15,8.92,9.19,8.92,9.05,56600.0,0.0,1.0,3.0,0.0
2009-03-05,26.66,26.75,25.83,25.85,8.89,8.92,8.61,8.62,23300.0,0.0,1.0,3.0,0.0
2009-03-06,26.19,26.19,25.18,25.8,8.73,8.73,8.39,8.6,7700.0,0.0,1.0,3.0,0.0
2009-03-09,25.57,25.64,25.28,25.48,8.52,8.55,8.43,8.49,7800.0,0.0,1.0,3.0,0.0
2009-03-10,26.52,26.94,26.48,26.94,8.84,8.98,8.83,8.98,12400.0,0.0,1.0,3.0,0.0
2009-03-11,27.6,27.6,27.08,27.34,9.2,9.2,9.03,9.11,6800.0,0.0,1.0,3.0,0.0
2009-03-12,27.0,28.58,27.0,28.58,9.0,9.53,9.0,9.53,8900.0,0.0,1.0,3.0,0.0
2009-03-13,28.83,28.88,28.35,28.79,9.61,9.63,9.45,9.6,5000.0,0.0,1.0,3.0,0.0
2009-03-16,29.01,29.27,28.46,28.46,9.67,9.76,9.49,9.49,17400.0,0.0,1.0,3.0,0.0
2009-03-17,28.52,29.29,28.52,29.28,9.51,9.76,9.51,9.76,13300.0,0.0,1.0,3.0,0.0
2009-03-18,29.33,30.49,29.05,30.34,9.78,10.16,9.68,10.11,8000.0,0.0,1.0,3.0,0.0
2009-03-19,30.81,30.81,30.13,30.13,10.27,10.27,10.04,10.04,14900.0,0.0,1.0,3.0,1.52
2009-03-20,30.29,30.29,29.07,29.19,10.1,10.1,9.69,9.73,12200.0,0.17,1.0,3.0,0.0
2009-03-23,30.45,31.11,30.18,31.09,10.15,10.37,10.06,10.36,14200.0,0.0,1.0,3.0,0.0
2009-03-24,30.97,31.4,30.61,30.61,10.32,10.47,10.2,10.2,11300.0,0.0,1.0,3.0,0.0
2009-03-25,30.98,31.67,30.02,30.02,10.33,10.56,10.01,10.01,9300.0,0.0,1.0,3.0,0.0
2009-03-26,31.62,32.11,31.62,31.99,10.54,10.7,10.54,10.66,8400.0,0.0,1.0,3.0,0.0
2009-03-27,31.94,31.94,31.44,31.69,10.65,10.65,10.48,10.56,8700.0,0.0,1.0,3.0,0.0
2009-03-30,31.9,31.9,29.85,30.18,10.63,10.63,9.95,10.06,12900.0,0.0,1.0,3.0,0.0
2009-03-31,30.16,31.07,30.16,30.66,10.05,10.36,10.05,10.22,4600.0,0.0,1.0,3.0,0.0
2009-04-01,30.25,30.97,30.21,30.97,10.08,10.32,10.07,10.32,5200.0,0.0,1.0,3.0,0.0
2009-04-02,32.05,32.69,31.94,32.36,10.68,10.9,10.65,10.79,9400.0,0.0,1.0,3.0,0.0
2009-04-03,32.42,33.0,32.03,33.0,10.81,11.0,10.68,11.0,25200.0,0.0,1.0,3.0,0.0
2009-04-06,32.42,32.64,32.14,32.42,10.81,10.88,10.71,10.81,13400.0,0.0,1.0,3.0,1.65
2009-04-07,32.03,32.15,31.56,31.67,10.68,10.72,10.52,10.56,11100.0,0.0,1.0,3.0,0.0
2009-04-08,31.73,31.92,31.5,31.85,10.58,10.64,10.5,10.62,11200.0,0.0,1.0,3.0,0.0
2009-04-09,32.88,33.85,32.88,33.85,10.96,11.28,10.96,11.28,22400.0,0.0,1.0,3.0,0.0
2009-04-13,33.46,34.07,33.23,33.97,11.15,11.36,11.08,11.32,26700.0,0.0,1.0,3.0,0.0
2009-04-14,33.52,33.97,33.12,33.42,11.17,11.32,11.04,11.14,4900.0,0.0,1.0,3.0,0.0
2009-04-15,32.87,33.15,32.85,33.04,10.96,11.05,10.95,11.01,9500.0,0.0,1.0,3.0,1.65
2009-04-16,33.56,34.76,33.53,34.54,11.19,11.59,11.18,11.51,7900.0,0.0,1.0,3.0,0.0
2009-04-17,34.78,35.14,34.35,35.14,11.59,11.71,11.45,11.71,14100.0,0.0,1.0,3.0,1.73
2009-04-20,34.22,34.22,32.98,32.98,11.41,11.41,10.99,10.99,22000.0,0.0,1.0,3.0,0.0
2009-04-21,32.58,33.69,32.58,33.69,10.86,11.23,10.86,11.23,9500.0,0.0,1.0,3.0,0.0
2009-04-22,33.53,34.9,33.51,34.34,11.18,11.63,11.17,11.45,62600.0,0.0,1.0,3.0,0.0
2009-04-23,34.34,34.34,33.51,33.73,11.45,11.45,11.17,11.24,24800.0,0.0,1.0,3.0,0.0
2009-04-24,34.29,35.42,34.27,35.25,11.43,11.81,11.42,11.75,29000.0,0.0,1.0,3.0,0.0
2009-04-27,34.68,35.07,34.38,34.61,11.56,11.69,11.46,11.54,54600.0,0.0,1.0,3.0,0.0
2009-04-28,34.17,34.98,34.17,34.44,11.39,11.66,11.39,11.48,21600.0,0.0,1.0,3.0,0.0
2009-04-29,34.8,35.91,34.8,35.49,11.6,11.97,11.6,11.83,14400.0,0.0,1.0,3.0,0.0
2009-04-30,36.09,36.52,35.63,35.78,12.03,12.17,11.88,11.93,15600.0,0.0,1.0,3.0,0.0
2009-05-01,35.58,36.01,35.38,35.72,11.86,12.0,11.79,11.91,16600.0,0.0,1.0,3.0,0.0
2009-05-04,36.26,37.36,36.26,37.36,12.09,12.45,12.09,12.45,7100.0,0.0,1.0,3.0,0.0
2009-05-05,37.46,37.47,37.01,37.43,12.49,12.49,12.34,12.48,13300.0,0.0,1.0,3.0,0.0
2009-05-06,37.9,37.9,37.16,37.67,12.63,12.63,12.39,12.56,19800.0,0.0,1.0,3.0,0.0
2009-05-07,38.42,38.43,36.56,36.69,12.81,12.81,12.19,12.23,20400.0,0.0,1.0,3.0,0.0
2009-05-08,37.46,37.93,37.02,37.92,12.49,12.64,12.34,12.64,10100.0,0.0,1.0,3.0,1.84
2009-05-11,37.19,37.4,37.11,37.14,12.4,12.47,12.37,12.38,9900.0,0.0,1.0,3.0,0.0
2009-05-12,37.17,37.17,36.0,36.49,12.39,12.39,12.0,12.16,36800.0,0.0,1.0,3.0,0.0
2009-05-13,35.56,35.69,34.8,34.8,11.85,11.9,11.6,11.6,18900.0,0.0,1.0,3.0,0.0
2009-05-14,34.83,35.77,34.71,35.48,11.61,11.92,11.57,11.83,6500.0,0.0,1.0,3.0,0.0
2009-05-15,35.37,35.68,34.9,35.08,11.79,11.89,11.63,11.69,21900.0,0.0,1.0,3.0,0.0
2009-05-18,35.49,36.4,35.49,36.4,11.83,12.13,11.83,12.13,8300.0,0.0,1.0,3.0,0.0
2009-05-19,36.45,36.97,36.21,36.95,12.15,12.32,12.07,12.32,18600.0,0.0,1.0,3.0,0.0
2009-05-20,36.91,37.46,36.31,36.33,12.3,12.49,12.1,12.11,9700.0,0.0,1.0,3.0,0.0
2009-05-21,35.7,35.95,35.35,35.62,11.9,11.98,11.78,11.87,16000.0,0.0,1.0,3.0,0.0
2009-05-22,35.86,35.86,35.6,35.64,11.95,11.95,11.87,11.88,8000.0,0.0,1.0,3.0,0.0
2009-05-26,35.21,36.52,35.21,36.52,11.74,12.17,11.74,12.17,6300.0,0.0,1.0,3.0,0.0
2009-05-27,36.87,36.87,36.34,36.34,12.29,12.29,12.11,12.11,4300.0,0.0,1.0,3.0,0.0
2009-05-28,36.46,36.54,35.69,36.41,12.15,12.18,11.9,12.14,4300.0,0.0,1.0,3.0,0.0
2009-05-29,36.57,36.73,36.41,36.71,12.19,12.24,12.14,12.24,6800.0,0.0,1.0,3.0,0.0
2009-06-01,37.7,38.6,37.7,38.46,12.57,12.87,12.57,12.82,7000.0,0.0,1.0,3.0,0.0
2009-06-02,38.31,38.67,38.31,38.64,12.77,12.89,12.77,12.88,19200.0,0.0,1.0,3.0,0.0
2009-06-03,38.03,38.03,37.4,37.47,12.68,12.68,12.47,12.49,4800.0,0.0,1.0,3.0,0.0
2009-06-04,37.93,38.34,37.63,38.34,12.64,12.78,12.54,12.78,5500.0,0.0,1.0,3.0,0.0
2009-06-05,38.73,38.84,38.0,38.39,12.91,12.95,12.67,12.8,16800.0,0.0,1.0,3.0,0.0
2009-06-08,37.79,38.32,37.6,38.13,12.6,12.77,12.53,12.71,8100.0,0.0,1.0,3.0,0.0
2009-06-09,38.4,38.5,38.12,38.5,12.8,12.83,12.71,12.83,5000.0,0.0,1.0,3.0,0.0
2009-06-10,38.79,38.79,37.92,38.35,12.93,12.93,12.64,12.78,5600.0,0.0,1.0,3.0,0.0
2009-06-11,38.47,38.83,38.47,38.55,12.82,12.94,12.82,12.85,6600.0,0.0,1.0,3.0,0.0
2009-06-12,38.31,38.44,37.96,38.44,12.77,12.81,12.65,12.81,11800.0,0.0,1.0,3.0,0.0
2009-06-15,37.61,37.61,37.15,37.38,12.54,12.54,12.38,12.46,13100.0,0.0,1.0,3.0,0.0
2009-06-16,37.62,37.69,36.6,36.72,12.54,12.56,12.2,12.24,26200.0,0.0,1.0,3.0,0.0
2009-06-17,36.2,36.81,36.15,36.54,12.07,12.27,12.05,12.18,2500.0,0.0,1.0,3.0,0.0
2009-06-18,36.61,36.78,36.61,36.78,12.2,12.26,12.2,12.26,4200.0,0.0,1.0,3.0,0.0
2009-06-19,36.81,37.0,36.68,36.77,12.27,12.33,12.23,12.26,3100.0,0.17,1.0,3.0,0.0
2009-06-22,36.01,36.01,35.55,35.58,12.0,12.0,11.85,11.86,4600.0,0.0,1.0,3.0,0.0
2009-06-23,35.47,35.47,34.96,35.28,11.82,11.82,11.65,11.76,3500.0,0.0,1.0,3.0,0.0
2009-06-24,35.4,36.05,35.4,35.76,11.8,12.02,11.8,11.92,12500.0,0.0,1.0,3.0,0.0
2009-06-25,35.8,36.61,35.75,36.61,11.93,12.2,11.92,12.2,6200.0,0.0,1.0,3.0,0.0
2009-06-26,36.53,36.73,36.47,36.73,12.18,12.24,12.16,12.24,1400.0,0.0,1.0,3.0,0.0
2009-06-29,36.43,36.98,36.43,36.94,12.14,12.33,12.14,12.31,3300.0,0.0,1.0,3.0,0.0
2009-06-30,37.0,37.09,36.55,36.75,12.33,12.36,12.18,12.25,16400.0,0.0,1.0,3.0,0.0
2009-07-01,37.03,37.3,37.03,37.13,12.34,12.43,12.34,12.38,4300.0,0.0,1.0,3.0,0.0
2009-07-02,36.53,36.53,36.04,36.04,12.18,12.18,12.01,12.01,9500.0,0.0,1.0,3.0,0.0
2009-07-06,35.18,35.25,35.18,35.25,11.73,11.75,11.73,11.75,1000.0,0.0,1.0,3.0,0.0
2009-07-07,35.66,35.66,34.85,34.88,11.89,11.89,11.62,11.63,3500.0,0.0,1.0,3.0,0.0
2009-07-08,35.06,35.06,34.14,34.59,11.69,11.69,11.38,11.53,7400.0,0.0,1.0,3.0,0.0
2009-07-09,34.8,35.1,34.77,35.09,11.6,11.7,11.59,11.7,1900.0,0.0,1.0,3.0,0.0
2009-07-10,34.57,34.73,34.57,34.73,11.52,11.58,11.52,11.58,400.0,0.0,1.0,3.0,0.0
2009-07-13,35.0,35.5,34.47,35.47,11.67,11.83,11.49,11.82,4300.0,0.0,1.0,3.0,0.0
2009-07-14,35.63,35.65,35.57,35.57,11.88,11.88,11.86,11.86,8500.0,0.0,1.0,3.0,0.0
2009-07-15,36.57,37.25,36.57,37.24,12.19,12.42,12.19,12.41,9800.0,0.0,1.0,3.0,0.0
2009-07-16,37.16,37.83,37.12,37.77,12.39,12.61,12.37,12.59,7800.0,0.0,1.0,3.0,0.0
2009-07-17,37.79,37.79,37.56,37.64,12.6,12.6,12.52,12.55,3500.0,0.0,1.0,3.0,0.0
2009-07-20,38.06,38.25,37.94,38.21,12.69,12.75,12.65,12.74,2400.0,0.0,1.0,3.0,0.0
2009-07-21,38.18,38.26,37.83,38.25,12.73,12.75,12.61,12.75,10800.0,0.0,1.0,3.0,0.0
2009-07-22,38.23,38.62,38.23,38.53,12.74,12.87,12.74,12.84,5800.0,0.0,1.0,3.0,0.0
2009-07-23,38.5,39.61,38.5,39.49,12.83,13.2,12.83,13.16,14400.0,0.0,1.0,3.0,0.0
2009-07-24,39.34,39.79,39.2,39.79,13.11,13.26,13.07,13.26,12700.0,0.0,1.0,3.0,0.0
2009-07-27,39.84,40.02,39.65,40.01,13.28,13.34,13.22,13.34,7700.0,0.0,1.0,3.0,0.0
2009-07-28,39.94,40.05,39.61,39.96,13.31,13.35,13.2,13.32,6100.0,0.0,1.0,3.0,0.0
2009-07-29,39.54,39.54,39.45,39.45,13.18,13.18,13.15,13.15,800.0,0.0,1.0,3.0,0.0
2009-07-30,40.17,40.58,40.17,40.26,13.39,13.53,13.39,13.42,8300.0,0.0,1.0,3.0,0.0
2009-07-31,40.06,40.48,40.03,40.46,13.35,13.49,13.34,13.49,11400.0,0.0,1.0,3.0,0.0
2009-08-03,40.84,41.23,40.62,41.23,13.61,13.74,13.54,13.74,18900.0,0.0,1.0,3.0,0.0
2009-08-04,41.05,41.75,41.05,41.63,13.68,13.92,13.68,13.88,14500.0,0.0,1.0,3.0,0.0
2009-08-05,41.55,41.67,41.23,41.61,13.85,13.89,13.74,13.87,4800.0,0.0,1.0,3.0,0.0
2009-08-06,41.85,41.87,41.24,41.24,13.95,13.96,13.75,13.75,11000.0,0.0,1.0,3.0,0.0
2009-08-07,41.9,42.61,41.65,42.36,13.97,14.2,13.88,14.12,29100.0,0.0,1.0,3.0,0.0
2009-08-10,42.21,42.35,41.91,41.91,14.07,14.12,13.97,13.97,6900.0,0.0,1.0,3.0,0.0
2009-08-11,41.72,41.72,41.33,41.51,13.91,13.91,13.78,13.84,44700.0,0.0,1.0,3.0,0.0
2009-08-12,42.0,42.29,41.96,42.29,14.0,14.1,13.99,14.1,2800.0,0.0,1.0,3.0,0.0
2009-08-13,42.35,42.39,41.86,42.39,14.12,14.13,13.95,14.13,4800.0,0.0,1.0,3.0,0.0
2009-08-14,42.67,42.67,41.75,41.88,14.22,14.22,13.92,13.96,30800.0,0.0,1.0,3.0,0.0
2009-08-17,41.16,41.16,40.65,40.74,13.72,13.72,13.55,13.58,64900.0,0.0,1.0,3.0,0.0
2009-08-18,40.83,41.21,40.83,41.14,13.61,13.74,13.61,13.71,10600.0,0.0,1.0,3.0,2.03
2009-08-19,40.71,41.45,40.68,41.41,13.57,13.82,13.56,13.8,5100.0,0.0,1.0,3.0,0.0
2009-08-20,41.29,41.92,41.29,41.92,13.76,13.97,13.76,13.97,5600.0,0.0,1.0,3.0,0.0
2009-08-21,42.2,42.83,42.2,42.79,14.07,14.28,14.07,14.26,28400.0,0.0,1.0,3.0,0.0
2009-08-24,43.25,43.25,42.6,42.64,14.42,14.42,14.2,14.21,10100.0,0.0,1.0,3.0,0.0
2009-08-25,43.14,43.14,42.86,42.86,14.38,14.38,14.29,14.29,18700.0,0.0,1.0,3.0,0.0
2009-08-26,42.8,42.86,42.57,42.83,14.27,14.29,14.19,14.28,5600.0,0.0,1.0,3.0,0.0
2009-08-27,42.77,43.03,42.27,43.03,14.26,14.34,14.09,14.34,9200.0,0.0,1.0,3.0,0.0
2009-08-28,43.43,43.43,42.98,43.07,14.48,14.48,14.33,14.36,7800.0,0.0,1.0,3.0,0.0
2009-08-31,42.55,42.75,42.35,42.58,14.18,14.25,14.12,14.19,21600.0,0.0,1.0,3.0,0.0
2009-09-01,42.26,42.51,41.48,41.48,14.09,14.17,13.83,13.83,5500.0,0.0,1.0,3.0,0.0
2009-09-02,41.42,41.54,41.15,41.36,13.81,13.85,13.72,13.79,4900.0,0.0,1.0,3.0,0.0
2009-09-03,41.26,41.49,41.26,41.45,13.75,13.83,13.75,13.82,4400.0,0.0,1.0,3.0,0.0
2009-09-04,41.83,42.41,41.83,42.41,13.94,14.14,13.94,14.14,5900.0,0.0,1.0,3.0,0.0
2009-09-08,42.91,42.93,42.82,42.9,14.3,14.31,14.27,14.3,2000.0,0.0,1.0,3.0,0.0
2009-09-09,43.0,43.59,42.97,43.59,14.33,14.53,14.32,14.53,3100.0,0.0,1.0,3.0,0.0
2009-09-10,43.7,44.15,43.7,44.07,14.57,14.72,14.57,14.69,1500.0,0.0,1.0,3.0,0.0
2009-09-11,44.25,44.6,44.1,44.12,14.75,14.87,14.7,14.71,3900.0,0.0,1.0,3.0,0.0
2009-09-14,43.92,44.79,43.92,44.78,14.64,14.93,14.64,14.93,5500.0,0.0,1.0,3.0,0.0
2009-09-15,45.11,45.38,44.78,45.31,15.04,15.13,14.93,15.1,4700.0,0.0,1.0,3.0,0.0
2009-09-16,45.56,46.2,45.56,46.1,15.19,15.4,15.19,15.37,9100.0,0.0,1.0,3.0,0.0
2009-09-17,46.18,46.38,45.75,46.05,15.39,15.46,15.25,15.35,8600.0,0.0,1.0,3.0,0.0
2009-09-18,45.74,45.82,45.53,45.7,15.25,15.27,15.18,15.23,7400.0,0.17,1.0,3.0,0.0
2009-09-21,45.28,45.49,45.21,45.47,15.09,15.16,15.07,15.16,1600.0,0.0,1.0,3.0,0.0
2009-09-22,45.9,46.01,45.8,45.95,15.3,15.34,15.27,15.32,6700.0,0.0,1.0,3.0,0.0
2009-09-23,46.06,46.06,45.34,45.34,15.35,15.35,15.11,15.11,6000.0,0.0,1.0,3.0,0.0
2009-09-24,45.5,45.5,44.29,44.48,15.17,15.17,14.76,14.83,9000.0,0.0,1.0,3.0,0.0
2009-09-25,44.41,44.41,44.14,44.26,14.8,14.8,14.71,14.75,7200.0,0.0,1.0,3.0,0.0
2009-09-28,44.32,45.2,44.32,45.06,14.77,15.07,14.77,15.02,8000.0,0.0,1.0,3.0,0.0
2009-09-29,45.22,45.53,45.11,45.28,15.07,15.18,15.04,15.09,14300.0,0.0,1.0,3.0,0.0
2009-09-30,45.4,45.4,44.87,44.94,15.13,15.13,14.96,14.98,700.0,0.0,1.0,3.0,0.0
2009-10-01,44.88,44.88,43.54,43.54,14.96,14.96,14.51,14.51,7900.0,0.0,1.0,3.0,0.0
2009-10-02,43.1,43.55,42.96,43.17,14.37,14.52,14.32,14.39,5300.0,0.0,1.0,3.0,0.0
2009-10-05,43.41,44.11,43.29,44.11,14.47,14.7,14.43,14.7,5000.0,0.0,1.0,3.0,0.0
2009-10-06,44.82,45.06,44.65,44.78,14.94,15.02,14.88,14.93,6800.0,0.0,1.0,3.0,0.0
2009-10-07,44.63,44.81,44.6,44.81,14.88,14.94,14.87,14.94,2400.0,0.0,1.0,3.0,0.0
2009-10-08,45.11,45.49,45.11,45.49,15.04,15.16,15.04,15.16,5600.0,0.0,1.0,3.0,0.0
2009-10-09,45.52,45.68,45.41,45.68,15.17,15.23,15.14,15.23,900.0,0.0,1.0,3.0,0.0
2009-10-12,46.13,46.13,45.79,45.91,15.38,15.38,15.26,15.3,1500.0,0.0,1.0,3.0,0.0
2009-10-13,45.85,45.88,45.5,45.73,15.28,15.29,15.17,15.24,2600.0,0.0,1.0,3.0,0.0
2009-10-14,46.2,46.6,46.16,46.6,15.4,15.53,15.39,15.53,17300.0,0.0,1.0,3.0,0.0
2009-10-15,46.36,46.76,46.34,46.76,15.45,15.59,15.45,15.59,4400.0,0.0,1.0,3.0,0.0
2009-10-16,46.34,46.4,45.97,46.37,15.45,15.47,15.32,15.46,13000.0,0.0,1.0,3.0,0.0
2009-10-19,46.3,46.84,46.28,46.76,15.43,15.61,15.43,15.59,5100.0,0.0,1.0,3.0,0.0
2009-10-20,46.88,46.88,46.21,46.34,15.63,15.63,15.4,15.45,4300.0,0.0,1.0,3.0,0.0
2009-10-21,46.78,46.78,45.76,45.76,15.59,15.59,15.25,15.25,2400.0,0.0,1.0,3.0,0.0
2009-10-22,45.77,46.5,45.7,46.4,15.26,15.5,15.23,15.47,7900.0,0.0,1.0,3.0,0.0
2009-10-23,46.1,46.1,45.64,45.64,15.37,15.37,15.21,15.21,3400.0,0.0,1.0,3.0,0.0
2009-10-26,45.68,46.29,45.14,45.15,15.23,15.43,15.05,15.05,2600.0,0.0,1.0,3.0,0.0
2009-10-27,45.31,45.31,44.77,44.77,15.1,15.1,14.92,14.92,5900.0,0.0,1.0,3.0,0.0
2009-10-28,44.56,44.56,43.13,43.17,14.85,14.85,14.38,14.39,18500.0,0.0,1.0,3.0,0.0
2009-10-29,43.48,44.32,43.48,44.31,14.49,14.77,14.49,14.77,10200.0,0.0,1.0,3.0,0.0
2009-10-30,44.18,44.18,42.92,43.11,14.73,14.73,14.31,14.37,18300.0,0.0,1.0,3.0,0.0
2009-11-02,43.37,43.75,42.65,43.26,14.46,14.58,14.22,14.42,25600.0,0.0,1.0,3.0,0.0
2009-11-03,43.06,43.82,42.92,43.82,14.35,14.61,14.31,14.61,9600.0,0.0,1.0,3.0,0.0
2009-11-04,44.39,44.39,42.0,43.71,14.8,14.8,14.0,14.57,16900.0,0.0,1.0,3.0,0.0
2009-11-05,44.11,44.66,44.09,44.66,14.7,14.89,14.7,14.89,12400.0,0.0,1.0,3.0,0.0
2009-11-06,44.57,44.67,44.57,44.64,14.86,14.89,14.86,14.88,1800.0,0.0,1.0,3.0,0.0
2009-11-09,45.08,45.68,45.08,45.68,15.03,15.23,15.03,15.23,2000.0,0.0,1.0,3.0,0.0
2009-11-10,45.5,45.67,45.46,45.67,15.17,15.22,15.15,15.22,5100.0,0.0,1.0,3.0,0.0
2009-11-11,45.96,46.23,45.87,45.89,15.32,15.41,15.29,15.3,7200.0,0.0,1.0,3.0,0.0
2009-11-12,46.15,46.15,45.27,45.28,15.38,15.38,15.09,15.09,2000.0,0.0,1.0,3.0,0.0
2009-11-13,45.67,45.67,45.6,45.6,15.22,15.22,15.2,15.2,1500.0,0.0,1.0,3.0,0.0
2009-11-16,46.27,46.72,46.27,46.46,15.42,15.57,15.42,15.49,4600.0,0.0,1.0,3.0,0.0
2009-11-17,46.25,46.49,46.2,46.49,15.42,15.5,15.4,15.5,4200.0,0.0,1.0,3.0,0.0
2009-11-18,46.36,46.44,46.16,46.21,15.45,15.48,15.39,15.4,1900.0,0.0,1.0,3.0,0.0
2009-11-19,45.35,45.37,45.1,45.32,15.12,15.12,15.03,15.11,5300.0,0.0,1.0,3.0,0.0
2009-11-20,45.01,45.15,44.95,45.15,15.0,15.05,14.98,15.05,3400.0,0.0,1.0,3.0,0.0
2009-11-23,46.05,46.05,45.52,45.52,15.35,15.35,15.17,15.17,6400.0,0.0,1.0,3.0,0.0
2009-11-24,45.23,45.52,45.23,45.52,15.08,15.17,15.08,15.17,3600.0,0.0,1.0,3.0,0.0
2009-11-25,45.67,45.86,45.67,45.86,15.22,15.29,15.22,15.29,1000.0,0.0,1.0,3.0,0.0
2009-11-27,44.3,45.37,44.08,45.37,14.77,15.12,14.69,15.12,4500.0,0.0,1.0,3.0,0.0
2009-11-30,44.97,44.98,44.6,44.98,14.99,14.99,14.87,14.99,3100.0,0.0,1.0,3.0,0.0
2009-12-01,45.49,45.88,45.49,45.76,15.16,15.29,15.16,15.25,7600.0,0.0,1.0,3.0,0.0
2009-12-02,46.05,46.33,45.94,46.11,15.35,15.44,15.31,15.37,3500.0,0.0,1.0,3.0,0.0
2009-12-03,46.32,46.42,45.68,45.71,15.44,15.47,15.23,15.24,5900.0,0.0,1.0,3.0,0.0
2009-12-04,46.4,46.65,45.85,46.25,15.47,15.55,15.28,15.42,28800.0,0.0,1.0,3.0,0.0
2009-12-07,46.26,46.41,46.11,46.11,15.42,15.47,15.37,15.37,2700.0,0.0,1.0,3.0,0.0
2009-12-08,45.74,46.1,45.74,45.86,15.25,15.37,15.25,15.29,11900.0,0.0,1.0,3.0,0.0
2009-12-09,45.71,45.89,45.61,45.89,15.24,15.3,15.2,15.3,4700.0,0.0,1.0,3.0,0.0
2009-12-10,46.15,46.29,46.15,46.21,15.38,15.43,15.38,15.4,19700.0,0.0,1.0,3.0,0.0
2009-12-11,46.36,46.47,46.34,46.47,15.45,15.49,15.45,15.49,5600.0,0.0,1.0,3.0,0.0
2009-12-14,46.85,47.15,46.7,47.15,15.62,15.72,15.57,15.72,5000.0,0.0,1.0,3.0,0.0
2009-12-15,46.9,47.23,46.85,47.06,15.63,15.74,15.62,15.69,30300.0,0.0,1.0,3.0,2.36
2009-12-16,47.35,47.48,47.24,47.31,15.78,15.83,15.75,15.77,15400.0,0.0,1.0,3.0,0.0
2009-12-17,47.02,47.02,46.85,46.91,15.67,15.67,15.62,15.64,700.0,0.0,1.0,3.0,0.0
2009-12-18,47.1,47.1,46.71,46.85,15.7,15.7,15.57,15.62,16400.0,0.12,1.0,3.0,0.0
2009-12-21,47.41,47.71,47.41,47.64,15.8,15.9,15.8,15.88,7600.0,0.0,1.0,3.0,0.0
2009-12-22,47.93,48.02,47.84,48.02,15.98,16.01,15.95,16.01,3800.0,0.0,1.0,3.0,0.0
2009-12-23,48.06,48.45,48.06,48.45,16.02,16.15,16.02,16.15,3900.0,0.0,1.0,3.0,0.0
2009-12-24,48.56,48.56,48.56,48.56,16.19,16.19,16.19,16.19,300.0,0.0,1.0,3.0,0.0
2009-12-28,49.07,49.07,48.54,48.7,16.36,16.36,16.18,16.23,4000.0,0.0,1.0,3.0,0.0
2009-12-29,48.71,48.71,48.55,48.61,16.24,16.24,16.18,16.2,2500.0,0.0,1.0,3.0,0.0
2009-12-30,48.5,48.52,48.34,48.34,16.17,16.17,16.11,16.11,4400.0,0.0,1.0,3.0,0.0
2009-12-31,48.53,48.57,48.3,48.3,16.18,16.19,16.1,16.1,3700.0,0.0,1.0,3.0,0.0
2010-01-04,48.38,48.77,48.38,48.69,16.13,16.26,16.13,16.23,12100.0,0.0,1.0,3.0,0.0
2010-01-05,48.86,48.88,48.58,48.85,16.29,16.29,16.19,16.28,43900.0,0.0,1.0,3.0,0.0
2010-01-06,48.87,49.19,48.87,49.17,16.29,16.4,16.29,16.39,2700.0,0.0,1.0,3.0,0.0
2010-01-07,49.19,49.43,49.17,49.41,16.4,16.48,16.39,16.47,16600.0,0.0,1.0,3.0,0.0
2010-01-08,49.31,49.67,49.2,49.67,16.44,16.56,16.4,16.56,31200.0,0.0,1.0,3.0,0.0
2010-01-11,49.95,49.95,49.53,49.69,16.65,16.65,16.51,16.56,4800.0,0.0,1.0,3.0,0.0
2010-01-12,49.37,49.39,48.87,49.03,16.46,16.46,16.29,16.34,15300.0,0.0,1.0,3.0,0.0
2010-01-13,49.23,49.62,48.83,49.62,16.41,16.54,16.28,16.54,3600.0,0.0,1.0,3.0,2.45
2010-01-14,49.54,49.7,49.5,49.7,16.51,16.57,16.5,16.57,2400.0,0.0,1.0,3.0,0.0
2010-01-15,49.59,49.66,48.93,49.06,16.53,16.55,16.31,16.35,4300.0,0.0,1.0,3.0,0.0
2010-01-19,49.03,49.59,48.94,49.59,16.34,16.53,16.31,16.53,29100.0,0.0,1.0,3.0,0.0
2010-01-20,49.18,49.22,48.77,49.22,16.39,16.41,16.26,16.41,4100.0,0.0,1.0,3.0,0.0
2010-01-21,49.28,49.28,48.39,48.45,16.43,16.43,16.13,16.15,3000.0,0.0,1.0,3.0,0.0
2010-01-22,48.28,48.31,47.4,47.4,16.09,16.1,15.8,15.8,6600.0,0.0,1.0,3.0,0.0
2010-01-25,47.6,47.6,47.37,47.52,15.87,15.87,15.79,15.84,6300.0,0.0,1.0,3.0,0.0
2010-01-26,47.25,47.71,47.13,47.33,15.75,15.9,15.71,15.78,7500.0,0.0,1.0,3.0,0.0
2010-01-27,47.2,47.4,46.68,47.37,15.73,15.8,15.56,15.79,5200.0,0.0,1.0,3.0,0.0
2010-01-28,47.39,47.5,46.09,46.73,15.8,15.83,15.36,15.58,34500.0,0.0,1.0,3.0,0.0
2010-01-29,46.84,47.17,46.0,46.16,15.61,15.72,15.33,15.39,11300.0,0.0,1.0,3.0,0.0
2010-02-01,46.15,46.77,46.15,46.76,15.38,15.59,15.38,15.59,35800.0,0.0,1.0,3.0,0.0
2010-02-02,46.88,47.54,46.88,47.52,15.63,15.85,15.63,15.84,4000.0,0.0,1.0,3.0,0.0
2010-02-03,47.29,47.34,47.09,47.21,15.76,15.78,15.7,15.74,4100.0,0.0,1.0,3.0,0.0
2010-02-04,46.44,46.44,45.62,45.63,15.48,15.48,15.21,15.21,11700.0,0.0,1.0,3.0,0.0
2010-02-05,45.38,45.62,44.58,45.62,15.13,15.21,14.86,15.21,28900.0,0.0,1.0,3.0,0.0
2010-02-08,45.68,45.79,45.4,45.79,15.23,15.26,15.13,15.26,1100.0,0.0,1.0,3.0,0.0
2010-02-09,45.95,46.06,45.5,45.98,15.32,15.35,15.17,15.33,19300.0,0.0,1.0,3.0,0.0
2010-02-10,45.87,45.98,45.48,45.95,15.29,15.33,15.16,15.32,9300.0,0.0,1.0,3.0,0.0
2010-02-11,45.92,46.57,45.92,46.57,15.31,15.52,15.31,15.52,4600.0,0.0,1.0,3.0,0.0
2010-02-12,45.98,46.84,45.98,46.84,15.33,15.61,15.33,15.61,343300.0,0.0,1.0,3.0,0.0
2010-02-16,47.29,47.6,47.05,47.6,15.76,15.87,15.68,15.87,110100.0,0.0,1.0,3.0,
2010-02-17,47.84,47.92,47.59,47.9,15.95,15.97,15.86,15.97,307900.0,0.0,1.0,3.0,0.0
2010-02-18,47.88,48.15,47.88,48.15,15.96,16.05,15.96,16.05,3300.0,0.0,1.0,3.0,-9.58
2010-02-19,48.15,48.51,48.06,48.45,16.05,16.17,16.02,16.15,8200.0,0.0,1.0,3.0,0.0
2010-02-22,48.55,48.66,48.39,48.47,16.18,16.22,16.13,16.16,23900.0,0.0,1.0,3.0,7.26
2010-02-23,48.28,48.33,47.7,47.87,16.09,16.11,15.9,15.96,4200.0,0.0,1.0,3.0,0.0
2010-02-24,47.83,48.13,47.83,48.13,15.94,16.04,15.94,16.04,2600.0,0.0,1.0,3.0,0.0
2010-02-25,47.38,48.16,47.38,48.11,15.79,16.05,15.79,16.04,4900.0,0.0,1.0,3.0,0.0
2010-02-26,48.06,48.06,48.06,48.06,16.02,16.02,16.02,16.02,100.0,0.0,1.0,3.0,2.41
2010-03-01,48.41,49.09,48.41,49.04,16.14,16.36,16.14,16.35,31700.0,0.0,1.0,3.0,0.0
2010-03-02,49.41,49.63,49.39,49.46,16.47,16.54,16.46,16.49,2900.0,0.0,1.0,3.0,0.0
2010-03-03,49.61,49.84,49.45,49.59,16.54,16.61,16.48,16.53,2300.0,0.0,1.0,3.0,0.0
2010-03-04,49.71,49.71,49.49,49.49,16.57,16.57,16.5,16.5,1100.0,0.0,1.0,3.0,0.0
2010-03-05,50.0,50.44,50.0,50.44,16.67,16.81,16.67,16.81,6900.0,0.0,1.0,3.0,0.0
2010-03-08,50.37,50.59,50.37,50.51,16.79,16.86,16.79,16.84,5800.0,0.0,1.0,3.0,0.0
2010-03-09,50.34,50.9,50.34,50.53,16.78,16.97,16.78,16.84,3400.0,0.0,1.0,3.0,0.0
2010-03-10,51.05,51.07,50.78,51.07,17.02,17.02,16.93,17.02,3700.0,0.0,1.0,3.0,0.0
2010-03-11,50.93,51.09,50.86,51.09,16.98,17.03,16.95,17.03,1400.0,0.0,1.0,3.0,0.0
2010-03-12,51.35,51.38,51.09,51.2,17.12,17.13,17.03,17.07,2700.0,0.0,1.0,3.0,0.0
2010-03-15,51.2,51.21,50.78,51.21,17.07,17.07,16.93,17.07,6300.0,0.0,1.0,3.0,0.0
2010-03-16,51.33,51.84,51.26,51.84,17.11,17.28,17.09,17.28,7200.0,0.0,1.0,3.0,0.0
2010-03-17,51.99,52.43,51.99,52.22,17.33,17.48,17.33,17.41,4700.0,0.0,1.0,3.0,0.0
2010-03-18,52.38,52.38,51.91,52.02,17.46,17.46,17.3,17.34,4800.0,0.0,1.0,3.0,0.0
2010-03-19,51.36,51.97,51.27,51.36,17.12,17.32,17.09,17.12,2800.0,0.13,1.0,3.0,0.0
2010-03-22,51.57,51.84,51.57,51.82,17.19,17.28,17.19,17.27,3400.0,0.0,1.0,3.0,0.0
2010-03-23,51.96,52.28,51.74,52.28,17.32,17.43,17.25,17.43,8400.0,0.0,1.0,3.0,0.0
2010-03-24,52.0,52.07,51.92,51.95,17.33,17.36,17.31,17.32,4000.0,0.0,1.0,3.0,0.0
2010-03-25,52.22,52.34,51.65,51.65,17.41,17.45,17.22,17.22,9400.0,0.0,1.0,3.0,0.0
2010-03-26,51.68,51.92,51.29,51.57,17.23,17.31,17.1,17.19,40300.0,0.0,1.0,3.0,0.0
2010-03-29,51.86,51.99,51.86,51.99,17.29,17.33,17.29,17.33,2900.0,0.0,1.0,3.0,0.0
2010-03-30,52.19,52.26,51.75,52.03,17.4,17.42,17.25,17.34,2000.0,0.0,1.0,3.0,0.0
2010-03-31,51.9,52.19,51.8,51.8,17.3,17.4,17.27,17.27,10600.0,0.0,1.0,3.0,0.0
2010-04-01,52.34,52.45,52.08,52.14,17.45,17.48,17.36,17.38,2800.0,0.0,1.0,3.0,0.0
2010-04-05,52.49,53.09,52.49,53.09,17.5,17.7,17.5,17.7,6100.0,0.0,1.0,3.0,0.0
2010-04-06,52.91,53.36,52.91,53.35,17.64,17.79,17.64,17.78,3000.0,0.0,1.0,3.0,0.0
2010-04-07,53.3,53.3,53.0,53.0,17.77,17.77,17.67,17.67,5700.0,0.0,1.0,3.0,0.0
2010-04-08,52.67,52.97,52.61,52.97,17.56,17.66,17.54,17.66,3900.0,0.0,1.0,3.0,0.0
2010-04-09,53.02,53.39,52.94,53.39,17.67,17.8,17.65,17.8,3600.0,0.0,1.0,3.0,0.0
2010-04-12,53.54,53.62,53.43,53.45,17.85,17.87,17.81,17.82,4600.0,0.0,1.0,3.0,0.0
2010-04-13,53.49,53.66,53.37,53.66,17.83,17.89,17.79,17.89,12400.0,0.0,1.0,3.0,0.0
2010-04-14,53.92,54.37,53.91,54.36,17.97,18.12,17.97,18.12,5100.0,0.0,1.0,3.0,0.0
2010-04-15,54.33,54.56,54.27,54.4,18.11,18.19,18.09,18.13,5300.0,0.0,1.0,3.0,0.0
2010-04-16,54.23,54.33,53.29,53.55,18.08,18.11,17.76,17.85,19400.0,0.0,1.0,3.0,0.0
2010-04-19,53.34,53.42,52.9,53.38,17.78,17.81,17.63,17.79,4900.0,0.0,1.0,3.0,0.0
2010-04-20,53.81,54.03,53.75,54.03,17.94,18.01,17.92,18.01,5300.0,0.0,1.0,3.0,0.0
2010-04-21,54.1,54.3,54.02,54.08,18.03,18.1,18.01,18.03,2700.0,0.0,1.0,3.0,0.0
2010-04-22,53.89,54.75,53.88,54.75,17.96,18.25,17.96,18.25,2700.0,0.0,1.0,3.0,0.0
2010-04-23,55.03,55.42,55.02,55.42,18.34,18.47,18.34,18.47,7200.0,0.0,1.0,3.0,0.0
2010-04-26,55.57,55.71,55.26,55.26,18.52,18.57,18.42,18.42,4600.0,0.0,1.0,3.0,0.0
2010-04-27,55.07,55.24,53.76,53.79,18.36,18.41,17.92,17.93,7600.0,0.0,1.0,3.0,0.0
2010-04-28,54.11,54.27,53.68,53.92,18.04,18.09,17.89,17.97,3600.0,0.0,1.0,3.0,0.0
2010-04-29,54.35,54.8,54.28,54.8,18.12,18.27,18.09,18.27,15800.0,0.0,1.0,3.0,0.0
2010-04-30,54.89,54.89,53.85,53.85,18.3,18.3,17.95,17.95,2500.0,0.0,1.0,3.0,0.0
2010-05-03,54.04,54.61,54.04,54.61,18.01,18.2,18.01,18.2,2500.0,0.0,1.0,3.0,0.0
2010-05-04,53.73,53.73,52.9,53.07,17.91,17.91,17.63,17.69,9600.0,0.0,1.0,3.0,0.0
2010-05-05,52.52,53.16,52.07,52.56,17.51,17.72,17.36,17.52,6500.0,0.0,1.0,3.0,0.0
2010-05-06,52.39,52.39,22.0,50.71,17.46,17.46,7.33,16.9,37700.0,0.0,1.0,3.0,0.0
2010-05-07,50.28,50.76,49.13,49.36,16.76,16.92,16.38,16.45,13800.0,0.0,1.0,3.0,0.0
2010-05-10,51.92,51.97,50.36,51.97,17.31,17.32,16.79,17.32,13500.0,0.0,1.0,3.0,0.0
2010-05-11,51.65,52.67,51.4,52.12,17.22,17.56,17.13,17.37,56600.0,0.0,1.0,3.0,0.0
2010-05-12,52.38,53.19,52.3,53.05,17.46,17.73,17.43,17.68,22200.0,0.0,1.0,3.0,0.0
2010-05-13,53.1,53.55,52.86,52.86,17.7,17.85,17.62,17.62,61800.0,0.0,1.0,3.0,-2.66
2010-05-14,52.47,52.47,51.24,51.63,17.49,17.49,17.08,17.21,33100.0,0.0,1.0,3.0,0.0
2010-05-17,51.89,51.91,50.5,51.69,17.3,17.3,16.83,17.23,30900.0,0.0,1.0,3.0,2.58
2010-05-18,52.24,52.38,50.74,50.84,17.41,17.46,16.91,16.95,36800.0,0.0,1.0,3.0,0.0
2010-05-19,50.53,50.55,49.77,50.38,16.84,16.85,16.59,16.79,9100.0,0.0,1.0,3.0,0.0
2010-05-20,48.99,49.22,48.16,48.21,16.33,16.41,16.05,16.07,28000.0,0.0,1.0,3.0,0.0
2010-05-21,47.4,49.17,47.26,48.91,15.8,16.39,15.75,16.3,136100.0,0.0,1.0,3.0,0.0
2010-05-24,48.91,49.23,48.74,48.75,16.3,16.41,16.25,16.25,12900.0,0.0,1.0,3.0,0.0
2010-05-25,47.27,48.25,46.43,48.25,15.76,16.08,15.48,16.08,9500.0,0.0,1.0,3.0,0.0
2010-05-26,49.05,49.51,48.57,48.57,16.35,16.5,16.19,16.19,5900.0,0.0,1.0,3.0,0.0
2010-05-27,49.56,50.52,49.56,50.52,16.52,16.84,16.52,16.84,39100.0,0.0,1.0,3.0,0.0
2010-05-28,50.21,50.54,50.0,50.19,16.74,16.85,16.67,16.73,2100.0,0.0,1.0,3.0,0.0
2010-06-01,49.61,50.07,48.79,48.79,16.54,16.69,16.26,16.26,10300.0,0.0,1.0,3.0,0.0
2010-06-02,48.94,50.06,48.89,50.06,16.31,16.69,16.3,16.69,3700.0,0.0,1.0,3.0,0.0
2010-06-03,50.24,50.53,50.07,50.51,16.75,16.84,16.69,16.84,112500.0,0.0,1.0,3.0,0.0
2010-06-04,49.54,49.68,48.28,48.37,16.51,16.56,16.09,16.12,14500.0,0.0,1.0,3.0,0.0
2010-06-07,48.55,48.55,47.39,47.5,16.18,16.18,15.8,15.83,34000.0,0.0,1.0,3.0,0.0
2010-06-08,47.56,47.72,46.84,47.57,15.85,15.91,15.61,15.86,35000.0,0.0,1.0,3.0,0.0
2010-06-09,48.24,48.76,48.05,48.05,16.08,16.25,16.02,16.02,7300.0,0.0,1.0,3.0,0.0
2010-06-10,48.97,49.35,48.67,49.35,16.32,16.45,16.22,16.45,4500.0,0.0,1.0,3.0,0.0
2010-06-11,49.42,49.48,49.16,49.35,16.47,16.49,16.39,16.45,4900.0,0.0,1.0,3.0,0.0
2010-06-14,50.8,50.86,50.07,50.07,16.93,16.95,16.69,16.69,8400.0,0.0,1.0,3.0,0.0
2010-06-15,50.61,51.33,50.61,51.32,16.87,17.11,16.87,17.11,2300.0,0.0,1.0,3.0,0.0
2010-06-16,50.95,51.43,50.78,51.13,16.98,17.14,16.93,17.04,147800.0,0.0,1.0,3.0,0.0
2010-06-17,51.28,51.28,50.54,50.97,17.09,17.09,16.85,16.99,38200.0,0.0,1.0,3.0,2.55
2010-06-18,50.88,51.05,50.74,50.83,16.96,17.02,16.91,16.94,8600.0,0.16,1.0,3.0,5.1
2010-06-21,51.57,51.61,50.23,50.47,17.19,17.2,16.74,16.82,8200.0,0.0,1.0,3.0,0.0
2010-06-22,50.64,50.64,49.43,49.44,16.88,16.88,16.48,16.48,3500.0,0.0,1.0,3.0,0.0
2010-06-23,49.19,49.73,49.0,49.46,16.4,16.58,16.33,16.49,5500.0,0.0,1.0,3.0,0.0
2010-06-24,49.04,49.13,48.55,48.55,16.35,16.38,16.18,16.18,5800.0,0.0,1.0,3.0,0.0
2010-06-25,48.67,49.21,48.5,49.02,16.22,16.4,16.17,16.34,4000.0,0.0,1.0,3.0,0.0
2010-06-28,48.7,49.31,48.64,48.98,16.23,16.44,16.21,16.33,3400.0,0.0,1.0,3.0,0.0
2010-06-29,47.99,48.05,47.06,47.06,16.0,16.02,15.69,15.69,25400.0,0.0,1.0,3.0,0.0
2010-06-30,47.28,47.49,46.48,46.61,15.76,15.83,15.49,15.54,1900.0,0.0,1.0,3.0,0.0
2010-07-01,46.48,46.49,45.24,46.25,15.49,15.5,15.08,15.42,100700.0,0.0,1.0,3.0,0.0
2010-07-02,45.83,46.11,45.83,46.11,15.28,15.37,15.28,15.37,1200.0,0.0,1.0,3.0,0.0
2010-07-06,46.48,46.78,45.57,45.58,15.49,15.59,15.19,15.19,5200.0,0.0,1.0,3.0,0.0
2010-07-07,46.33,46.71,46.33,46.5,15.44,15.57,15.44,15.5,800.0,0.0,1.0,3.0,-2.29
2010-07-08,47.84,48.01,47.75,47.86,15.95,16.0,15.92,15.95,1800.0,0.0,1.0,3.0,0.0
2010-07-09,48.16,48.5,48.16,48.5,16.05,16.17,16.05,16.17,1200.0,0.0,1.0,3.0,0.0
2010-07-12,48.38,48.62,48.04,48.31,16.13,16.21,16.01,16.1,6200.0,0.0,1.0,3.0,0.0
2010-07-13,48.8,49.34,48.72,49.34,16.27,16.45,16.24,16.45,13000.0,0.0,1.0,3.0,0.0
2010-07-14,49.32,49.32,48.89,49.11,16.44,16.44,16.3,16.37,4600.0,0.0,1.0,3.0,0.0
2010-07-15,49.32,49.32,48.65,49.26,16.44,16.44,16.22,16.42,1700.0,0.0,1.0,3.0,0.0
2010-07-16,48.93,48.93,47.58,47.74,16.31,16.31,15.86,15.91,25300.0,0.0,1.0,3.0,0.0
2010-07-19,47.94,47.97,47.52,47.9,15.98,15.99,15.84,15.97,2000.0,0.0,1.0,3.0,0.0
2010-07-20,47.79,48.62,47.79,48.62,15.93,16.21,15.93,16.21,1500.0,0.0,1.0,3.0,0.0
2010-07-21,48.96,49.08,47.99,48.03,16.32,16.36,16.0,16.01,14100.0,0.0,1.0,3.0,0.0
2010-07-22,49.13,49.41,49.07,49.1,16.38,16.47,16.36,16.37,26200.0,0.0,1.0,3.0,0.0
2010-07-23,49.19,50.0,49.17,49.98,16.4,16.67,16.39,16.66,2100.0,0.0,1.0,3.0,-2.47
2010-07-26,50.58,50.79,50.54,50.69,16.86,16.93,16.85,16.9,2900.0,0.0,1.0,3.0,0.0
2010-07-27,51.28,51.28,50.57,50.62,17.09,17.09,16.86,16.87,4200.0,0.0,1.0,3.0,0.0
2010-07-28,50.38,50.38,49.93,50.03,16.79,16.79,16.64,16.68,3400.0,0.0,1.0,3.0,0.0
2010-07-29,49.24,49.94,49.23,49.78,16.41,16.65,16.41,16.59,6800.0,0.0,1.0,3.0,0.0
2010-07-30,49.12,49.86,49.12,49.67,16.37,16.62,16.37,16.56,1100.0,0.0,1.0,3.0,0.0
2010-08-02,50.66,50.91,50.55,50.88,16.89,16.97,16.85,16.96,18900.0,0.0,1.0,3.0,0.0
2010-08-03,50.69,50.71,50.58,50.58,16.9,16.9,16.86,16.86,1500.0,0.0,1.0,3.0,0.0
2010-08-04,50.78,50.85,50.57,50.85,16.93,16.95,16.86,16.95,2400.0,0.0,1.0,3.0,0.0
2010-08-05,50.85,50.85,50.85,50.85,16.95,16.95,16.95,16.95,0.0,0.0,1.0,3.0,0.0
2010-08-06,50.23,50.43,50.23,50.43,16.74,16.81,16.74,16.81,300.0,0.0,1.0,3.0,0.0
2010-08-09,50.92,51.12,50.88,51.12,16.97,17.04,16.96,17.04,1300.0,0.0,1.0,3.0,0.0
2010-08-10,50.59,50.59,50.27,50.47,16.86,16.86,16.76,16.82,4500.0,0.0,1.0,3.0,0.0
2010-08-11,49.39,49.56,48.84,48.84,16.46,16.52,16.28,16.28,4900.0,0.0,1.0,3.0,0.0
2010-08-12,48.4,48.69,48.4,48.53,16.13,16.23,16.13,16.18,11000.0,0.0,1.0,3.0,0.0
2010-08-13,48.34,48.71,48.34,48.63,16.11,16.24,16.11,16.21,2900.0,0.0,1.0,3.0,0.0
2010-08-16,48.15,48.58,47.94,48.39,16.05,16.19,15.98,16.13,3800.0,0.0,1.0,3.0,0.0
2010-08-17,48.79,49.53,48.79,49.42,16.26,16.51,16.26,16.47,85900.0,0.0,1.0,3.0,0.0
2010-08-18,49.2,49.53,48.95,49.4,16.4,16.51,16.32,16.47,4600.0,0.0,1.0,3.0,0.0
2010-08-19,49.19,49.19,48.33,48.47,16.4,16.4,16.11,16.16,2600.0,0.0,1.0,3.0,-2.47
2010-08-20,48.2,48.4,48.03,48.4,16.07,16.13,16.01,16.13,1800.0,0.0,1.0,3.0,0.0
2010-08-23,48.74,48.8,48.12,48.12,16.25,16.27,16.04,16.04,7000.0,0.0,1.0,3.0,0.0
2010-08-24,47.39,47.51,47.22,47.33,15.8,15.84,15.74,15.78,6000.0,0.0,1.0,3.0,0.0
2010-08-25,46.92,47.55,46.7,47.55,15.64,15.85,15.57,15.85,5200.0,0.0,1.0,3.0,0.0
2010-08-26,47.7,47.7,47.25,47.4,15.9,15.9,15.75,15.8,7100.0,0.0,1.0,3.0,0.0
2010-08-27,47.32,48.14,47.28,48.14,15.77,16.05,15.76,16.05,11300.0,0.0,1.0,3.0,0.0
2010-08-30,48.13,48.22,47.51,47.51,16.04,16.07,15.84,15.84,3700.0,0.0,1.0,3.0,0.0
2010-08-31,47.21,47.76,47.21,47.59,15.74,15.92,15.74,15.86,3600.0,0.0,1.0,3.0,0.0
2010-09-01,48.36,48.96,48.36,48.94,16.12,16.32,16.12,16.31,3000.0,0.0,1.0,3.0,0.0
2010-09-02,49.4,49.77,49.4,49.74,16.47,16.59,16.47,16.58,2200.0,0.0,1.0,3.0,0.0
2010-09-03,50.36,50.5,50.11,50.46,16.79,16.83,16.7,16.82,8200.0,0.0,1.0,3.0,0.0
2010-09-07,50.16,50.19,49.73,49.77,16.72,16.73,16.58,16.59,1000.0,0.0,1.0,3.0,0.0
2010-09-08,49.98,50.08,49.98,50.0,16.66,16.69,16.66,16.67,1700.0,0.0,1.0,3.0,0.0
2010-09-09,50.42,50.42,49.98,50.1,16.81,16.81,16.66,16.7,2500.0,0.0,1.0,3.0,0.0
2010-09-10,50.35,50.36,50.31,50.31,16.78,16.79,16.77,16.77,2300.0,0.0,1.0,3.0,0.0
2010-09-13,50.79,51.05,50.78,50.98,16.93,17.02,16.93,16.99,2400.0,0.0,1.0,3.0,0.0
2010-09-14,51.19,51.27,51.15,51.2,17.06,17.09,17.05,17.07,7400.0,0.0,1.0,3.0,0.0
2010-09-15,50.98,51.29,50.96,51.22,16.99,17.1,16.99,17.07,3500.0,0.0,1.0,3.0,0.0
2010-09-16,51.15,51.15,50.96,50.99,17.05,17.05,16.99,17.0,3300.0,0.0,1.0,3.0,0.0
2010-09-17,51.12,51.12,50.78,51.08,17.04,17.04,16.93,17.03,21100.0,0.17,1.0,3.0,0.0
2010-09-20,51.65,51.86,51.59,51.86,17.22,17.29,17.2,17.29,1400.0,0.0,1.0,3.0,-2.55
2010-09-21,51.91,51.92,51.84,51.85,17.3,17.31,17.28,17.28,1600.0,0.0,1.0,3.0,0.0
2010-09-22,51.58,51.75,51.19,51.22,17.19,17.25,17.06,17.07,4400.0,0.0,1.0,3.0,0.0
2010-09-23,50.87,50.87,50.87,50.87,16.96,16.96,16.96,16.96,200.0,0.0,1.0,3.0,0.0
2010-09-24,51.45,52.11,51.45,52.08,17.15,17.37,17.15,17.36,2800.0,0.0,1.0,3.0,0.0
2010-09-27,52.02,52.2,51.99,52.14,17.34,17.4,17.33,17.38,1300.0,0.0,1.0,3.0,0.0
2010-09-28,51.7,52.41,51.64,52.41,17.23,17.47,17.21,17.47,4400.0,0.0,1.0,3.0,0.0
2010-09-29,52.3,52.41,52.19,52.36,17.43,17.47,17.4,17.45,5700.0,0.0,1.0,3.0,0.0
2010-09-30,52.71,52.78,52.33,52.66,17.57,17.59,17.44,17.55,11200.0,0.0,1.0,3.0,0.0
2010-10-01,52.61,52.61,52.61,52.61,17.54,17.54,17.54,17.54,200.0,0.0,1.0,3.0,0.0
2010-10-04,52.47,52.53,51.9,52.0,17.49,17.51,17.3,17.33,4600.0,0.0,1.0,3.0,0.0
2010-10-05,52.61,53.21,52.61,53.21,17.54,17.74,17.54,17.74,1400.0,0.0,1.0,3.0,0.0
2010-10-06,53.2,53.2,52.96,52.96,17.73,17.73,17.65,17.65,500.0,0.0,1.0,3.0,0.0
2010-10-07,53.16,53.16,52.67,52.67,17.72,17.72,17.56,17.56,1800.0,0.0,1.0,3.0,0.0
2010-10-08,52.92,53.43,52.82,53.43,17.64,17.81,17.61,17.81,3300.0,0.0,1.0,3.0,0.0
2010-10-11,53.3,53.61,53.29,53.61,17.77,17.87,17.76,17.87,1600.0,0.0,1.0,3.0,0.0
2010-10-12,52.99,53.57,52.99,53.57,17.66,17.86,17.66,17.86,1900.0,0.0,1.0,3.0,0.0
2010-10-13,53.98,54.31,53.98,54.26,17.99,18.1,17.99,18.09,1600.0,0.0,1.0,3.0,0.0
2010-10-14,53.71,53.81,53.67,53.81,17.9,17.94,17.89,17.94,2700.0,0.0,1.0,3.0,0.0
2010-10-15,53.82,53.85,53.73,53.85,17.94,17.95,17.91,17.95,1200.0,0.0,1.0,3.0,0.0
2010-10-18,54.4,54.4,53.8,54.04,18.13,18.13,17.93,18.01,10600.0,0.0,1.0,3.0,0.0
2010-10-19,53.87,53.87,53.05,53.05,17.96,17.96,17.68,17.68,500.0,0.0,1.0,3.0,0.0
2010-10-20,53.35,53.96,53.21,53.79,17.78,17.99,17.74,17.93,11900.0,0.0,1.0,3.0,0.0
2010-10-21,54.04,54.19,53.36,53.7,18.01,18.06,17.79,17.9,10700.0,0.0,1.0,3.0,0.0
2010-10-22,53.8,53.92,53.78,53.92,17.93,17.97,17.93,17.97,400.0,0.0,1.0,3.0,0.0
2010-10-25,54.51,54.7,54.4,54.52,18.17,18.23,18.13,18.17,1900.0,0.0,1.0,3.0,0.0
2010-10-26,53.89,54.36,53.88,54.12,17.96,18.12,17.96,18.04,7000.0,0.0,1.0,3.0,0.0
2010-10-27,53.91,54.0,53.71,54.0,17.97,18.0,17.9,18.0,5000.0,0.0,1.0,3.0,0.0
2010-10-28,54.5,54.5,53.86,54.04,18.17,18.17,17.95,18.01,4500.0,0.0,1.0,3.0,0.0
2010-10-29,53.91,54.33,53.91,54.33,17.97,18.11,17.97,18.11,3700.0,0.0,1.0,3.0,0.0
2010-11-01,54.5,54.61,54.37,54.39,18.17,18.2,18.12,18.13,3500.0,0.0,1.0,3.0,0.0
2010-11-02,54.69,54.79,54.55,54.76,18.23,18.26,18.18,18.25,7900.0,0.0,1.0,3.0,0.0
2010-11-03,54.84,54.86,54.54,54.68,18.28,18.29,18.18,18.23,1800.0,0.0,1.0,3.0,0.0
2010-11-04,55.58,55.89,55.48,55.89,18.53,18.63,18.49,18.63,6900.0,0.0,1.0,3.0,0.0
2010-11-05,55.97,56.22,55.94,56.13,18.66,18.74,18.65,18.71,17500.0,0.0,1.0,3.0,0.0
2010-11-08,56.09,56.28,56.05,56.26,18.7,18.76,18.68,18.75,7900.0,0.0,1.0,3.0,0.0
2010-11-09,56.51,56.51,55.7,55.7,18.84,18.84,18.57,18.57,2400.0,0.0,1.0,3.0,0.0
2010-11-10,55.8,55.8,55.68,55.68,18.6,18.6,18.56,18.56,1000.0,0.0,1.0,3.0,0.0
2010-11-11,55.45,55.92,55.45,55.92,18.48,18.64,18.48,18.64,2700.0,0.0,1.0,3.0,0.0
2010-11-12,55.81,55.81,54.98,55.2,18.6,18.6,18.33,18.4,12100.0,0.0,1.0,3.0,0.0
2010-11-15,55.37,55.73,55.3,55.56,18.46,18.58,18.43,18.52,111000.0,0.0,1.0,3.0,0.0
2010-11-16,54.76,54.8,54.1,54.1,18.25,18.27,18.03,18.03,2900.0,0.0,1.0,3.0,0.0
2010-11-17,54.5,54.57,54.35,54.44,18.17,18.19,18.12,18.15,1600.0,0.0,1.0,3.0,0.0
2010-11-18,55.1,55.27,55.1,55.15,18.37,18.42,18.37,18.38,1700.0,0.0,1.0,3.0,0.0
2010-11-19,55.23,55.37,55.03,55.37,18.41,18.46,18.34,18.46,2600.0,0.0,1.0,3.0,0.0
2010-11-22,55.19,55.73,55.19,55.73,18.4,18.58,18.4,18.58,1400.0,0.0,1.0,3.0,0.0
2010-11-23,55.06,55.18,54.96,55.02,18.35,18.39,18.32,18.34,5100.0,0.0,1.0,3.0,0.0
2010-11-24,55.88,56.08,55.88,56.07,18.63,18.69,18.63,18.69,1800.0,0.0,1.0,3.0,0.0
2010-11-26,55.91,56.01,55.91,55.94,18.64,18.67,18.64,18.65,2500.0,0.0,1.0,3.0,0.0
2010-11-29,55.43,55.79,55.23,55.73,18.48,18.6,18.41,18.58,12200.0,0.0,1.0,3.0,0.0
2010-11-30,55.18,55.58,55.18,55.58,18.39,18.53,18.39,18.53,4800.0,0.0,1.0,3.0,0.0
2010-12-01,56.37,56.56,56.37,56.54,18.79,18.85,18.79,18.85,2500.0,0.0,1.0,3.0,0.0
2010-12-02,56.73,57.36,56.73,57.36,18.91,19.12,18.91,19.12,4800.0,0.0,1.0,3.0,0.0
2010-12-03,57.31,57.73,57.31,57.73,19.1,19.24,19.1,19.24,2200.0,0.0,1.0,3.0,0.0
2010-12-06,57.61,57.85,57.61,57.85,19.2,19.28,19.2,19.28,10000.0,0.0,1.0,3.0,0.0
2010-12-07,58.45,58.45,57.79,57.79,19.48,19.48,19.26,19.26,6100.0,0.0,1.0,3.0,0.0
2010-12-08,57.9,58.0,57.69,57.73,19.3,19.33,19.23,19.24,2800.0,0.0,1.0,3.0,0.0
2010-12-09,58.21,58.21,57.83,57.87,19.4,19.4,19.28,19.29,18400.0,0.0,1.0,3.0,2.89
2010-12-10,58.18,58.5,58.04,58.48,19.39,19.5,19.35,19.49,4800.0,0.0,1.0,3.0,0.0
2010-12-13,58.61,58.68,58.54,58.61,19.54,19.56,19.51,19.54,2700.0,0.0,1.0,3.0,0.0
2010-12-14,58.65,58.67,58.34,58.34,19.55,19.56,19.45,19.45,5200.0,0.0,1.0,3.0,0.0
2010-12-15,58.37,58.69,58.15,58.15,19.46,19.56,19.38,19.38,4000.0,0.0,1.0,3.0,0.0
2010-12-16,58.01,58.59,58.01,58.59,19.34,19.53,19.34,19.53,2100.0,0.0,1.0,3.0,0.0
2010-12-17,58.51,58.69,58.44,58.62,19.5,19.56,19.48,19.54,4900.0,0.21,1.0,3.0,0.0
2010-12-20,58.81,58.85,58.65,58.74,19.6,19.62,19.55,19.58,3500.0,0.0,1.0,3.0,0.0
2010-12-21,58.96,59.22,58.96,59.22,19.65,19.74,19.65,19.74,1400.0,0.0,1.0,3.0,0.0
2010-12-22,59.34,59.49,59.32,59.41,19.78,19.83,19.77,19.8,5100.0,0.0,1.0,3.0,0.0
2010-12-23,59.49,59.49,59.17,59.27,19.83,19.83,19.72,19.76,3600.0,0.0,1.0,3.0,0.0
2010-12-27,59.15,59.31,59.15,59.31,19.72,19.77,19.72,19.77,1700.0,0.0,1.0,3.0,0.0
2010-12-28,59.15,59.19,59.14,59.14,19.72,19.73,19.71,19.71,1200.0,0.0,1.0,3.0,0.0
2010-12-29,59.24,59.49,59.24,59.49,19.75,19.83,19.75,19.83,2600.0,0.0,1.0,3.0,0.0
2010-12-30,59.51,59.55,59.43,59.43,19.84,19.85,19.81,19.81,9100.0,0.0,1.0,3.0,0.0
2010-12-31,59.44,59.44,59.27,59.43,19.81,19.81,19.76,19.81,15600.0,0.0,1.0,3.0,0.0
2011-01-03,59.7,60.12,59.7,59.96,19.9,20.04,19.9,19.99,3100.0,0.0,1.0,3.0,0.0
2011-01-04,60.17,60.17,59.12,59.45,20.06,20.06,19.71,19.82,2800.0,0.0,1.0,3.0,0.0
2011-01-05,59.44,59.86,59.3,59.86,19.81,19.95,19.77,19.95,3700.0,0.0,1.0,3.0,0.0
2011-01-06,59.8,60.04,59.7,59.72,19.93,20.01,19.9,19.91,7300.0,0.0,1.0,3.0,0.0
2011-01-07,59.93,59.93,59.3,59.4,19.98,19.98,19.77,19.8,1900.0,0.0,1.0,3.0,0.0
2011-01-10,59.54,60.0,59.33,59.95,19.85,20.0,19.78,19.98,51400.0,0.0,1.0,3.0,0.0
2011-01-11,60.26,60.26,59.9,60.07,20.09,20.09,19.97,20.02,16800.0,0.0,1.0,3.0,0.0
2011-01-12,60.68,60.68,60.42,60.54,20.23,20.23,20.14,20.18,5400.0,0.0,1.0,3.0,0.0
2011-01-13,60.44,60.61,60.38,60.46,20.15,20.2,20.13,20.15,1300.0,0.0,1.0,3.0,0.0
2011-01-14,60.52,60.88,60.52,60.88,20.17,20.29,20.17,20.29,6300.0,0.0,1.0,3.0,0.0
2011-01-18,60.89,61.19,60.72,61.19,20.3,20.4,20.24,20.4,7400.0,0.0,1.0,3.0,3.04
2011-01-19,60.87,60.87,60.33,60.34,20.29,20.29,20.11,20.11,6400.0,0.0,1.0,3.0,0.0
2011-01-20,60.03,60.03,59.54,59.82,20.01,20.01,19.85,19.94,5200.0,0.0,1.0,3.0,0.0
2011-01-21,60.18,60.18,59.65,59.69,20.06,20.06,19.88,19.9,55600.0,0.0,1.0,3.0,0.0
2011-01-24,59.94,60.26,59.77,60.24,19.98,20.09,19.92,20.08,3200.0,0.0,1.0,3.0,0.0
2011-01-25,60.12,60.23,59.79,60.23,20.04,20.08,19.93,20.08,9300.0,0.0,1.0,3.0,0.0
2011-01-26,60.7,60.98,60.36,60.91,20.23,20.33,20.12,20.3,25000.0,0.0,1.0,3.0,0.0
2011-01-27,61.04,61.31,60.94,61.25,20.35,20.44,20.31,20.42,6900.0,0.0,1.0,3.0,0.0
2011-01-28,61.4,61.4,60.18,60.19,20.47,20.47,20.06,20.06,4300.0,0.0,1.0,3.0,0.0
2011-01-31,60.33,60.9,60.33,60.74,20.11,20.3,20.11,20.25,6600.0,0.0,1.0,3.0,0.0
2011-02-01,61.33,61.64,61.13,61.58,20.44,20.55,20.38,20.53,13600.0,0.0,1.0,3.0,0.0
2011-02-02,61.53,61.56,61.47,61.52,20.51,20.52,20.49,20.51,2000.0,0.0,1.0,3.0,0.0
2011-02-03,61.44,61.56,61.15,61.56,20.48,20.52,20.38,20.52,1500.0,0.0,1.0,3.0,0.0
2011-02-04,61.85,62.05,61.85,61.99,20.62,20.68,20.62,20.66,17300.0,0.0,1.0,3.0,0.0
2011-02-07,62.35,62.71,62.35,62.56,20.78,20.9,20.78,20.85,1200.0,0.0,1.0,3.0,0.0
2011-02-08,62.55,62.76,62.55,62.74,20.85,20.92,20.85,20.91,7700.0,0.0,1.0,3.0,0.0
2011-02-09,62.83,62.83,62.39,62.5,20.94,20.94,20.8,20.83,45000.0,0.0,1.0,3.0,0.0
2011-02-10,62.48,62.94,62.42,62.81,20.83,20.98,20.81,20.94,8000.0,0.0,1.0,3.0,0.0
2011-02-11,63.04,63.59,63.04,63.58,21.01,21.2,21.01,21.19,6600.0,0.0,1.0,3.0,0.0
2011-02-14,63.71,63.95,63.65,63.76,21.24,21.32,21.22,21.25,42400.0,0.0,1.0,3.0,0.0
2011-02-15,63.66,63.72,63.43,63.43,21.22,21.24,21.14,21.14,6800.0,0.0,1.0,3.0,3.19
2011-02-16,64.18,64.44,63.89,64.13,21.39,21.48,21.3,21.38,14100.0,0.0,1.0,3.0,0.0
2011-02-17,64.2,64.53,64.2,64.51,21.4,21.51,21.4,21.5,4600.0,0.0,1.0,3.0,0.0
2011-02-18,64.49,64.63,64.25,64.34,21.5,21.54,21.42,21.45,1800.0,0.0,1.0,3.0,0.0
2011-02-22,63.68,63.81,62.68,62.68,21.23,21.27,20.89,20.89,7100.0,0.0,1.0,3.0,0.0
2011-02-23,62.91,62.91,61.44,61.86,20.97,20.97,20.48,20.62,11300.0,0.0,1.0,3.0,0.0
2011-02-24,61.84,62.12,61.67,61.99,20.61,20.71,20.56,20.66,17000.0,0.0,1.0,3.0,0.0
2011-02-25,62.42,62.99,62.42,62.99,20.81,21.0,20.81,21.0,2500.0,0.0,1.0,3.0,0.0
2011-02-28,63.51,63.53,63.11,63.17,21.17,21.18,21.04,21.06,5000.0,0.0,1.0,3.0,0.0
2011-03-01,63.65,63.65,62.37,62.37,21.22,21.22,20.79,20.79,2500.0,0.0,1.0,3.0,0.0
2011-03-02,62.14,62.78,62.14,62.78,20.71,20.93,20.71,20.93,2200.0,0.0,1.0,3.0,0.0
2011-03-03,63.43,63.94,63.22,63.88,21.14,21.31,21.07,21.29,3000.0,0.0,1.0,3.0,0.0
2011-03-04,63.98,63.98,63.15,63.5,21.33,21.33,21.05,21.17,1700.0,0.0,1.0,3.0,0.0
2011-03-07,64.11,64.11,62.61,62.75,21.37,21.37,20.87,20.92,1500.0,0.0,1.0,3.0,0.0
2011-03-08,62.96,63.66,62.66,63.66,20.99,21.22,20.89,21.22,14500.0,0.0,1.0,3.0,0.0
2011-03-09,63.3,63.38,63.25,63.25,21.1,21.13,21.08,21.08,1300.0,0.0,1.0,3.0,0.0
2011-03-10,62.53,62.53,61.82,62.08,20.84,20.84,20.61,20.69,8100.0,0.0,1.0,3.0,0.0
2011-03-11,61.75,62.66,61.75,62.66,20.58,20.89,20.58,20.89,1900.0,0.0,1.0,3.0,0.0
2011-03-14,62.29,62.29,61.78,62.23,20.76,20.76,20.59,20.74,2400.0,0.0,1.0,3.0,0.0
2011-03-15,60.58,61.84,60.19,61.5,20.19,20.61,20.06,20.5,24600.0,0.0,1.0,3.0,0.0
2011-03-16,61.5,61.54,60.84,60.85,20.5,20.51,20.28,20.28,4000.0,0.0,1.0,3.0,0.0
2011-03-17,61.75,61.75,61.25,61.25,20.58,20.58,20.42,20.42,54300.0,0.0,1.0,3.0,0.0
2011-03-18,61.85,61.85,61.29,61.29,20.62,20.62,20.43,20.43,5700.0,0.21,1.0,3.0,0.0
2011-03-21,62.32,62.62,62.09,62.46,20.77,20.87,20.7,20.82,11400.0,0.0,1.0,3.0,0.0
2011-03-22,62.52,62.6,62.18,62.18,20.84,20.87,20.73,20.73,5800.0,0.0,1.0,3.0,0.0
2011-03-23,61.84,62.39,61.72,62.35,20.61,20.8,20.57,20.78,1600.0,0.0,1.0,3.0,0.0
2011-03-24,62.35,62.87,62.05,62.86,20.78,20.96,20.68,20.95,1300.0,0.0,1.0,3.0,0.0
2011-03-25,62.96,63.61,62.96,63.48,20.99,21.2,20.99,21.16,8300.0,0.0,1.0,3.0,0.0
2011-03-28,63.33,63.52,63.21,63.24,21.11,21.17,21.07,21.08,18800.0,0.0,1.0,3.0,0.0
2011-03-29,62.92,63.56,62.66,63.43,20.97,21.19,20.89,21.14,12800.0,0.0,1.0,3.0,0.0
2011-03-30,63.91,64.33,63.85,64.29,21.3,21.44,21.28,21.43,22900.0,0.0,1.0,3.0,0.0
2011-03-31,64.22,64.57,64.16,64.52,21.41,21.52,21.39,21.51,21400.0,0.0,1.0,3.0,0.0
2011-04-01,64.73,65.09,64.57,64.85,21.58,21.7,21.52,21.62,65800.0,0.0,1.0,3.0,0.0
2011-04-04,65.15,65.15,64.86,64.97,21.72,21.72,21.62,21.66,4200.0,0.0,1.0,3.0,0.0
2011-04-05,65.05,65.64,65.03,65.35,21.68,21.88,21.68,21.78,3800.0,0.0,1.0,3.0,0.0
2011-04-06,65.78,65.82,65.16,65.3,21.93,21.94,21.72,21.77,2100.0,0.0,1.0,3.0,0.0
2011-04-07,65.35,65.35,64.86,64.94,21.78,21.78,21.62,21.65,5300.0,0.0,1.0,3.0,0.0
2011-04-08,65.07,65.16,64.21,64.52,21.69,21.72,21.4,21.51,18700.0,0.0,1.0,3.0,0.0
2011-04-11,64.64,64.64,63.84,64.09,21.55,21.55,21.28,21.36,4900.0,0.0,1.0,3.0,0.0
2011-04-12,63.81,63.89,63.35,63.45,21.27,21.3,21.12,21.15,1900.0,0.0,1.0,3.0,0.0
2011-04-13,63.78,63.89,63.02,63.56,21.26,21.3,21.01,21.19,2900.0,0.0,1.0,3.0,0.0
2011-04-14,63.53,63.85,63.53,63.85,21.18,21.28,21.18,21.28,400.0,0.0,1.0,3.0,0.0
2011-04-15,63.97,64.37,63.89,64.37,21.32,21.46,21.3,21.46,6000.0,0.0,1.0,3.0,0.0
2011-04-18,63.58,63.58,62.99,63.4,21.19,21.19,21.0,21.13,4900.0,0.0,1.0,3.0,0.0
2011-04-19,63.53,63.73,63.4,63.7,21.18,21.24,21.13,21.23,3300.0,0.0,1.0,3.0,0.0
2011-04-20,64.77,64.83,64.62,64.75,21.59,21.61,21.54,21.58,3500.0,0.0,1.0,3.0,0.0
2011-04-21,65.0,65.3,64.95,65.3,21.67,21.77,21.65,21.77,68200.0,0.0,1.0,3.0,0.0
2011-04-25,65.17,65.3,65.06,65.29,21.72,21.77,21.69,21.76,6100.0,0.0,1.0,3.0,0.0
2011-04-26,65.41,65.93,65.41,65.89,21.8,21.98,21.8,21.96,6300.0,0.0,1.0,3.0,3.26
2011-04-27,65.84,65.87,65.61,65.86,21.95,21.96,21.87,21.95,4100.0,0.0,1.0,3.0,0.0
2011-04-28,66.31,66.51,66.23,66.4,22.1,22.17,22.08,22.13,10700.0,0.0,1.0,3.0,0.0
2011-04-29,66.45,66.61,66.34,66.61,22.15,22.2,22.11,22.2,2000.0,0.0,1.0,3.0,0.0
2011-05-02,66.9,66.9,66.14,66.14,22.3,22.3,22.05,22.05,2800.0,0.0,1.0,3.0,0.0
2011-05-03,66.04,66.05,65.35,65.66,22.01,22.02,21.78,21.89,15000.0,0.0,1.0,3.0,0.0
2011-05-04,65.23,65.23,64.75,65.05,21.74,21.74,21.58,21.68,9600.0,0.0,1.0,3.0,0.0
2011-05-05,64.81,65.25,64.81,64.94,21.6,21.75,21.6,21.65,2300.0,0.0,1.0,3.0,0.0
2011-05-06,65.65,65.78,64.94,64.94,21.88,21.93,21.65,21.65,40500.0,0.0,1.0,3.0,0.0
2011-05-09,65.1,65.76,65.1,65.76,21.7,21.92,21.7,21.92,3600.0,0.0,1.0,3.0,0.0
2011-05-10,65.92,66.54,65.92,66.5,21.97,22.18,21.97,22.17,3800.0,0.0,1.0,3.0,0.0
2011-05-11,66.44,66.44,65.48,65.77,22.15,22.15,21.83,21.92,7000.0,0.0,1.0,3.0,0.0
2011-05-12,65.59,66.14,65.59,66.0,21.86,22.05,21.86,22.0,5700.0,0.0,1.0,3.0,0.0
2011-05-13,65.8,65.8,65.39,65.39,21.93,21.93,21.8,21.8,1500.0,0.0,1.0,3.0,0.0
2011-05-16,65.07,65.69,64.94,65.02,21.69,21.9,21.65,21.67,4700.0,0.0,1.0,3.0,0.0
2011-05-17,64.49,64.72,64.05,64.51,21.5,21.57,21.35,21.5,6300.0,0.0,1.0,3.0,0.0
2011-05-18,64.64,65.62,64.52,65.48,21.55,21.87,21.51,21.83,7000.0,0.0,1.0,3.0,0.0
2011-05-19,65.59,65.7,65.31,65.62,21.86,21.9,21.77,21.87,3900.0,0.0,1.0,3.0,0.0
2011-05-20,65.59,65.59,65.1,65.31,21.86,21.86,21.7,21.77,3700.0,0.0,1.0,3.0,0.0
2011-05-23,64.2,64.44,64.12,64.13,21.4,21.48,21.37,21.38,5800.0,0.0,1.0,3.0,0.0
2011-05-24,64.53,64.53,63.97,64.11,21.51,21.51,21.32,21.37,8800.0,0.0,1.0,3.0,0.0
2011-05-25,63.94,64.46,63.85,64.43,21.31,21.49,21.28,21.48,5500.0,0.0,1.0,3.0,6.4
2011-05-26,64.41,65.1,64.41,65.1,21.47,21.7,21.47,21.7,3900.0,0.0,1.0,3.0,0.0
2011-05-27,65.38,65.65,65.32,65.44,21.79,21.88,21.77,21.81,1400.0,0.0,1.0,3.0,0.0
2011-05-31,65.81,65.81,65.58,65.81,21.94,21.94,21.86,21.94,1900.0,0.0,1.0,3.0,0.0
2011-06-01,65.85,65.85,64.39,64.41,21.95,21.95,21.46,21.47,3300.0,0.0,1.0,3.0,0.0
2011-06-02,64.76,64.91,63.77,64.5,21.59,21.64,21.26,21.5,4100.0,0.0,1.0,3.0,0.0
2011-06-03,63.65,64.13,62.84,63.56,21.22,21.38,20.95,21.19,2900.0,0.0,1.0,3.0,0.0
2011-06-06,63.5,63.53,62.52,62.56,21.17,21.18,20.84,20.85,4900.0,0.0,1.0,3.0,0.0
2011-06-07,62.88,63.19,62.73,62.9,20.96,21.06,20.91,20.97,4800.0,0.0,1.0,3.0,0.0
2011-06-08,62.57,62.57,62.08,62.08,20.86,20.86,20.69,20.69,8000.0,0.0,1.0,3.0,0.0
2011-06-09,62.38,62.68,62.38,62.59,20.79,20.89,20.79,20.86,11600.0,0.0,1.0,3.0,0.0
2011-06-10,62.23,62.23,61.51,61.51,20.74,20.74,20.5,20.5,3400.0,0.0,1.0,3.0,0.0
2011-06-13,61.64,61.79,60.96,61.38,20.55,20.6,20.32,20.46,6800.0,0.0,1.0,3.0,0.0
2011-06-14,61.95,62.54,61.95,62.35,20.65,20.85,20.65,20.78,4500.0,0.0,1.0,3.0,0.0
2011-06-15,61.85,61.85,61.26,61.47,20.62,20.62,20.42,20.49,2500.0,0.0,1.0,3.0,0.0
2011-06-16,61.36,61.7,61.0,61.16,20.45,20.57,20.33,20.39,3100.0,0.0,1.0,3.0,0.0
2011-06-17,61.64,61.75,61.16,61.22,20.55,20.58,20.39,20.41,12600.0,0.17,1.0,3.0,0.0
2011-06-20,61.3,61.73,61.22,61.72,20.43,20.58,20.41,20.57,1400.0,0.0,1.0,3.0,0.0
2011-06-21,62.22,62.99,62.22,62.86,20.74,21.0,20.74,20.95,2900.0,0.0,1.0,3.0,0.0
2011-06-22,62.69,63.23,62.62,62.62,20.9,21.08,20.87,20.87,12500.0,0.0,1.0,3.0,0.0
2011-06-23,61.83,62.23,61.38,62.23,20.61,20.74,20.46,20.74,2000.0,0.0,1.0,3.0,0.0
2011-06-24,62.58,62.58,61.97,61.97,20.86,20.86,20.66,20.66,3500.0,0.0,1.0,3.0,0.0
2011-06-27,61.95,62.45,61.79,62.45,20.65,20.82,20.6,20.82,4200.0,0.0,1.0,3.0,0.0
2011-06-28,62.42,63.13,62.41,63.07,20.81,21.04,20.8,21.02,13800.0,0.0,1.0,3.0,0.0
2011-06-29,63.54,63.96,63.52,63.83,21.18,21.32,21.17,21.28,8900.0,0.0,1.0,3.0,0.0
2011-06-30,64.1,64.45,64.1,64.45,21.37,21.48,21.37,21.48,1800.0,0.0,1.0,3.0,0.0
2011-07-01,64.52,65.36,64.44,65.36,21.51,21.79,21.48,21.79,25500.0,0.0,1.0,3.0,0.0
2011-07-05,65.1,65.26,65.02,65.26,21.7,21.75,21.67,21.75,2700.0,0.0,1.0,3.0,0.0
2011-07-06,64.93,65.57,64.93,65.45,21.64,21.86,21.64,21.82,10900.0,0.0,1.0,3.0,0.0
2011-07-07,66.12,66.41,66.08,66.26,22.04,22.14,22.03,22.09,5100.0,0.0,1.0,3.0,0.0
2011-07-08,65.59,65.7,65.35,65.68,21.86,21.9,21.78,21.89,13000.0,0.0,1.0,3.0,0.0
2011-07-11,64.55,64.58,64.19,64.19,21.52,21.53,21.4,21.4,2400.0,0.0,1.0,3.0,0.0
2011-07-12,64.32,64.32,63.98,63.98,21.44,21.44,21.33,21.33,9300.0,0.0,1.0,3.0,0.0
2011-07-13,64.19,64.96,64.15,64.27,21.4,21.65,21.38,21.42,5000.0,0.0,1.0,3.0,0.0
2011-07-14,64.58,64.58,63.51,63.59,21.53,21.53,21.17,21.2,1600.0,0.0,1.0,3.0,0.0
2011-07-15,63.27,63.72,63.27,63.62,21.09,21.24,21.09,21.21,11900.0,0.0,1.0,3.0,0.0
2011-07-18,63.44,63.46,62.58,62.94,21.15,21.15,20.86,20.98,24800.0,0.0,1.0,3.0,0.0
2011-07-19,63.63,64.03,63.51,64.03,21.21,21.34,21.17,21.34,800.0,0.0,1.0,3.0,0.0
2011-07-20,64.12,64.12,64.01,64.11,21.37,21.37,21.34,21.37,1500.0,0.0,1.0,3.0,0.0
2011-07-21,64.65,64.72,64.52,64.72,21.55,21.57,21.51,21.57,3700.0,0.0,1.0,3.0,0.0
2011-07-22,64.62,64.96,64.62,64.93,21.54,21.65,21.54,21.64,3200.0,0.0,1.0,3.0,0.0
2011-07-25,64.16,64.89,64.07,64.51,21.39,21.63,21.36,21.5,3700.0,0.0,1.0,3.0,0.0
2011-07-26,64.04,64.36,64.01,64.23,21.35,21.45,21.34,21.41,4000.0,0.0,1.0,3.0,0.0
2011-07-27,63.88,63.88,62.26,62.47,21.29,21.29,20.75,20.82,3100.0,0.0,1.0,3.0,0.0
2011-07-28,62.33,62.96,62.1,62.1,20.78,20.99,20.7,20.7,6700.0,0.0,1.0,3.0,0.0
2011-07-29,61.25,62.14,59.74,61.96,20.42,20.71,19.91,20.65,33800.0,0.0,1.0,3.0,0.0
2011-08-01,62.69,62.7,61.04,61.36,20.9,20.9,20.35,20.45,7900.0,0.0,1.0,3.0,0.0
2011-08-02,61.32,61.42,59.52,59.56,20.44,20.47,19.84,19.85,24000.0,0.0,1.0,3.0,0.0
2011-08-03,59.64,59.85,57.69,59.85,19.88,19.95,19.23,19.95,12200.0,0.0,1.0,3.0,0.0
2011-08-04,58.25,58.38,55.51,56.25,19.42,19.46,18.5,18.75,9500.0,0.0,1.0,3.0,-2.99
2011-08-05,56.38,56.78,53.91,55.27,18.79,18.93,17.97,18.42,18800.0,0.0,1.0,3.0,0.0
2011-08-08,52.95,53.76,50.95,51.0,17.65,17.92,16.98,17.0,24100.0,0.0,1.0,3.0,0.0
2011-08-09,51.77,53.8,50.35,53.8,17.26,17.93,16.78,17.93,8400.0,0.0,1.0,3.0,0.0
2011-08-10,52.65,52.87,52.09,52.09,17.55,17.62,17.36,17.36,14000.0,0.0,1.0,3.0,0.0
2011-08-11,52.62,55.16,52.41,55.16,17.54,18.39,17.47,18.39,4900.0,0.0,1.0,3.0,0.0
2011-08-12,55.36,55.36,54.72,54.98,18.45,18.45,18.24,18.33,3300.0,0.0,1.0,3.0,0.0
2011-08-15,55.37,56.35,55.37,56.27,18.46,18.78,18.46,18.76,4600.0,0.0,1.0,3.0,0.0
2011-08-16,56.03,56.06,55.55,55.77,18.68,18.69,18.52,18.59,5900.0,0.0,1.0,3.0,0.0
2011-08-17,56.28,56.28,55.29,55.32,18.76,18.76,18.43,18.44,28500.0,0.0,1.0,3.0,0.0
2011-08-18,54.0,54.0,52.36,52.53,18.0,18.0,17.45,17.51,3500.0,0.0,1.0,3.0,0.0
2011-08-19,51.63,52.67,51.5,51.5,17.21,17.56,17.17,17.17,4900.0,0.0,1.0,3.0,-2.62
2011-08-22,52.95,52.95,51.32,51.45,17.65,17.65,17.11,17.15,5800.0,0.0,1.0,3.0,0.0
2011-08-23,51.63,53.13,51.63,53.13,17.21,17.71,17.21,17.71,2000.0,0.0,1.0,3.0,0.0
2011-08-24,53.79,54.18,53.36,54.18,17.93,18.06,17.79,18.06,44000.0,0.0,1.0,3.0,0.0
2011-08-25,54.05,54.07,53.0,53.0,18.02,18.02,17.67,17.67,3800.0,0.0,1.0,3.0,0.0
2011-08-26,52.67,54.34,52.4,54.34,17.56,18.11,17.47,18.11,2600.0,0.0,1.0,3.0,0.0
2011-08-29,55.21,56.52,55.21,56.52,18.4,18.84,18.4,18.84,4700.0,0.0,1.0,3.0,0.0
2011-08-30,56.27,57.1,56.1,56.86,18.76,19.03,18.7,18.95,30900.0,0.0,1.0,3.0,-2.83
2011-08-31,57.57,57.81,56.64,57.06,19.19,19.27,18.88,19.02,9600.0,0.0,1.0,3.0,0.0
2011-09-01,57.07,57.22,55.67,56.97,19.02,19.07,18.56,18.99,2100.0,0.0,1.0,3.0,0.0
2011-09-02,55.06,55.39,54.45,54.63,18.35,18.46,18.15,18.21,4700.0,0.0,1.0,3.0,0.0
2011-09-06,52.87,54.21,52.87,54.15,17.62,18.07,17.62,18.05,18500.0,0.0,1.0,3.0,0.0
2011-09-07,55.2,56.11,54.86,56.11,18.4,18.7,18.29,18.7,40200.0,0.0,1.0,3.0,0.0
2011-09-08,55.71,55.97,55.15,55.29,18.57,18.66,18.38,18.43,3100.0,0.0,1.0,3.0,0.0
2011-09-09,54.98,54.98,53.49,53.65,18.33,18.33,17.83,17.88,4400.0,0.0,1.0,3.0,2.77
2011-09-12,53.0,53.88,52.79,53.83,17.67,17.96,17.6,17.94,1700.0,0.0,1.0,3.0,0.0
2011-09-13,54.31,54.87,53.9,54.82,18.1,18.29,17.97,18.27,3500.0,0.0,1.0,3.0,0.0
2011-09-14,55.24,56.23,55.24,55.95,18.41,18.74,18.41,18.65,2300.0,0.0,1.0,3.0,0.0
2011-09-15,56.32,56.54,55.89,56.5,18.77,18.85,18.63,18.83,1900.0,0.0,1.0,3.0,0.0
2011-09-16,56.3,56.32,55.94,56.32,18.77,18.77,18.65,18.77,50400.0,0.18,1.0,3.0,0.0
2011-09-19,55.19,55.23,55.19,55.23,18.4,18.41,18.4,18.41,1200.0,0.0,1.0,3.0,-2.82
2011-09-20,55.74,56.24,55.01,55.01,18.58,18.75,18.34,18.34,7300.0,0.0,1.0,3.0,0.0
2011-09-21,54.37,54.57,53.45,54.57,18.12,18.19,17.82,18.19,4300.0,0.0,1.0,3.0,0.0
2011-09-22,51.14,51.63,50.64,50.79,17.05,17.21,16.88,16.93,12000.0,0.0,1.0,3.0,0.0
2011-09-23,51.16,51.57,51.12,51.57,17.05,17.19,17.04,17.19,17100.0,0.0,1.0,3.0,0.0
2011-09-26,51.78,52.13,51.78,52.13,17.26,17.38,17.26,17.38,5700.0,0.0,1.0,3.0,0.0
2011-09-27,53.65,54.63,53.57,53.57,17.88,18.21,17.86,17.86,4000.0,0.0,1.0,3.0,0.0
2011-09-28,53.65,53.65,52.65,52.65,17.88,17.88,17.55,17.55,1200.0,0.0,1.0,3.0,0.0
2011-09-29,52.75,52.75,51.54,51.96,17.58,17.58,17.18,17.32,1500.0,0.0,1.0,3.0,0.0
2011-09-30,51.39,51.74,50.98,50.98,17.13,17.25,16.99,16.99,4700.0,0.0,1.0,3.0,0.0
2011-10-03,50.46,50.56,48.71,48.88,16.82,16.85,16.24,16.29,15500.0,0.0,1.0,3.0,0.0
2011-10-04,48.04,49.16,48.02,48.02,16.01,16.39,16.01,16.01,6700.0,0.0,1.0,3.0,0.0
2011-10-05,50.32,51.45,50.3,51.45,16.77,17.15,16.77,17.15,5400.0,0.0,1.0,3.0,0.0
2011-10-06,51.33,52.57,51.33,52.57,17.11,17.52,17.11,17.52,5600.0,0.0,1.0,3.0,0.0
2011-10-07,52.75,52.82,51.82,52.82,17.58,17.61,17.27,17.61,2600.0,0.0,1.0,3.0,0.0
2011-10-10,53.54,53.65,53.42,53.42,17.85,17.88,17.81,17.81,2800.0,0.0,1.0,3.0,0.0
2011-10-11,53.69,53.99,53.61,53.99,17.9,18.0,17.87,18.0,1200.0,0.0,1.0,3.0,0.0
2011-10-12,54.2,55.0,54.2,55.0,18.07,18.33,18.07,18.33,1900.0,0.0,1.0,3.0,0.0
2011-10-13,54.08,54.62,54.08,54.62,18.03,18.21,18.03,18.21,1300.0,0.0,1.0,3.0,0.0
2011-10-14,55.31,55.49,55.03,55.43,18.44,18.5,18.34,18.48,3900.0,0.0,1.0,3.0,0.0
2011-10-17,55.36,55.38,54.67,54.67,18.45,18.46,18.22,18.22,3800.0,0.0,1.0,3.0,0.0
2011-10-18,54.3,55.58,53.48,55.46,18.1,18.53,17.83,18.49,23900.0,0.0,1.0,3.0,0.0
2011-10-19,55.33,55.33,54.74,54.88,18.44,18.44,18.25,18.29,1000.0,0.0,1.0,3.0,0.0
2011-10-20,54.39,54.87,54.16,54.87,18.13,18.29,18.05,18.29,1900.0,0.0,1.0,3.0,0.0
2011-10-21,56.11,56.31,55.89,56.31,18.7,18.77,18.63,18.77,10600.0,0.0,1.0,3.0,0.0
2011-10-24,57.03,57.9,57.03,57.84,19.01,19.3,19.01,19.28,6900.0,0.0,1.0,3.0,0.0
2011-10-25,57.08,57.33,56.86,56.91,19.03,19.11,18.95,18.97,4800.0,0.0,1.0,3.0,0.0
2011-10-26,57.09,57.25,57.06,57.25,19.03,19.08,19.02,19.08,3700.0,0.0,1.0,3.0,0.0
2011-10-27,59.3,59.93,58.66,59.85,19.77,19.98,19.55,19.95,4500.0,0.0,1.0,3.0,0.0
2011-10-28,59.3,59.65,59.27,59.46,19.77,19.88,19.76,19.82,12700.0,0.0,1.0,3.0,0.0
2011-10-31,58.49,58.96,58.49,58.49,19.5,19.65,19.5,19.5,7100.0,0.0,1.0,3.0,0.0
2011-11-01,56.34,56.81,56.0,56.81,18.78,18.94,18.67,18.94,4900.0,0.0,1.0,3.0,0.0
2011-11-02,56.95,57.5,56.86,57.38,18.98,19.17,18.95,19.13,3300.0,0.0,1.0,3.0,0.0
2011-11-03,57.85,58.64,57.85,58.64,19.28,19.55,19.28,19.55,4300.0,0.0,1.0,3.0,0.0
2011-11-04,58.06,58.8,57.99,58.75,19.35,19.6,19.33,19.58,23600.0,0.0,1.0,3.0,0.0
2011-11-07,58.73,58.91,57.66,58.67,19.58,19.64,19.22,19.56,9000.0,0.0,1.0,3.0,0.0
2011-11-08,58.81,59.33,58.09,59.26,19.6,19.78,19.36,19.75,14000.0,0.0,1.0,3.0,0.0
2011-11-09,57.5,57.76,56.68,56.68,19.17,19.25,18.89,18.89,6900.0,0.0,1.0,3.0,0.0
2011-11-10,57.65,57.82,56.64,57.15,19.22,19.27,18.88,19.05,2400.0,0.0,1.0,3.0,0.0
2011-11-11,57.8,58.69,57.8,58.46,19.27,19.56,19.27,19.49,3900.0,0.0,1.0,3.0,0.0
2011-11-14,58.35,58.41,57.74,57.79,19.45,19.47,19.25,19.26,1200.0,0.0,1.0,3.0,0.0
2011-11-15,57.67,58.42,57.67,58.4,19.22,19.47,19.22,19.47,2500.0,0.0,1.0,3.0,0.0
2011-11-16,58.22,58.49,57.76,57.76,19.41,19.5,19.25,19.25,500.0,0.0,1.0,3.0,0.0
2011-11-17,56.43,56.5,56.29,56.34,18.81,18.83,18.76,18.78,1900.0,0.0,1.0,3.0,0.0
2011-11-18,56.37,56.71,56.23,56.46,18.79,18.9,18.74,18.82,11800.0,0.0,1.0,3.0,0.0
2011-11-21,54.99,55.28,54.87,55.26,18.33,18.43,18.29,18.42,5100.0,0.0,1.0,3.0,0.0
2011-11-22,55.26,55.32,54.93,55.17,18.42,18.44,18.31,18.39,7900.0,0.0,1.0,3.0,0.0
2011-11-23,54.06,54.06,53.75,53.89,18.02,18.02,17.92,17.96,4600.0,0.0,1.0,3.0,0.0
2011-11-25,53.29,53.81,53.29,53.81,17.76,17.94,17.76,17.94,300.0,0.0,1.0,3.0,0.0
2011-11-28,55.15,55.58,55.05,55.27,18.38,18.53,18.35,18.42,7800.0,0.0,1.0,3.0,0.0
2011-11-29,55.63,55.77,55.5,55.57,18.54,18.59,18.5,18.52,1900.0,0.0,1.0,3.0,0.0
2011-11-30,57.48,57.64,57.18,57.45,19.16,19.21,19.06,19.15,5400.0,0.0,1.0,3.0,0.0
2011-12-01,57.84,58.16,57.83,57.85,19.28,19.39,19.28,19.28,6900.0,0.0,1.0,3.0,0.0
2011-12-02,58.49,58.74,57.8,57.91,19.5,19.58,19.27,19.3,70400.0,0.0,1.0,3.0,0.0
2011-12-05,58.84,59.13,58.47,58.57,19.61,19.71,19.49,19.52,5000.0,0.0,1.0,3.0,0.0
2011-12-06,58.38,58.69,58.17,58.62,19.46,19.56,19.39,19.54,2800.0,0.0,1.0,3.0,2.93
2011-12-07,57.61,57.93,57.61,57.93,19.2,19.31,19.2,19.31,500.0,0.0,1.0,3.0,0.0
2011-12-08,57.9,57.92,56.72,56.73,19.3,19.31,18.91,18.91,7000.0,0.0,1.0,3.0,0.0
2011-12-09,57.4,58.14,57.22,58.02,19.13,19.38,19.07,19.34,2100.0,0.0,1.0,3.0,0.0
2011-12-12,56.75,56.75,56.75,56.75,18.92,18.92,18.92,18.92,300.0,0.0,1.0,3.0,0.0
2011-12-13,57.59,57.61,56.97,57.1,19.2,19.2,18.99,19.03,5300.0,0.0,1.0,3.0,0.0
2011-12-14,55.9,56.0,55.13,55.27,18.63,18.67,18.38,18.42,4400.0,0.0,1.0,3.0,0.0
2011-12-15,55.65,55.79,55.52,55.79,18.55,18.6,18.51,18.6,1200.0,0.0,1.0,3.0,0.0
2011-12-16,56.5,56.51,55.65,55.88,18.83,18.84,18.55,18.63,1800.0,0.22,1.0,3.0,0.0
2011-12-19,56.3,56.38,55.36,55.36,18.77,18.79,18.45,18.45,3100.0,0.0,1.0,3.0,0.0
2011-12-20,56.06,56.98,56.06,56.83,18.69,18.99,18.69,18.94,8900.0,0.0,1.0,3.0,0.0
2011-12-21,56.49,57.0,56.28,57.0,18.83,19.0,18.76,19.0,10000.0,0.0,1.0,3.0,0.0
2011-12-22,57.4,57.86,57.4,57.68,19.13,19.29,19.13,19.23,5200.0,0.0,1.0,3.0,0.0
2011-12-23,57.78,58.02,57.77,58.02,19.26,19.34,19.26,19.34,2900.0,0.0,1.0,3.0,0.0
2011-12-27,58.22,58.3,58.22,58.3,19.41,19.43,19.41,19.43,3900.0,0.0,1.0,3.0,0.0
2011-12-28,57.87,57.87,57.28,57.31,19.29,19.29,19.09,19.1,2400.0,0.0,1.0,3.0,0.0
2011-12-29,57.43,57.94,57.43,57.94,19.14,19.31,19.14,19.31,3400.0,0.0,1.0,3.0,0.0
2011-12-30,57.89,58.19,57.89,57.95,19.3,19.4,19.3,19.32,9600.0,0.0,1.0,3.0,0.0
2012-01-03,59.34,59.34,58.49,58.52,19.78,19.78,19.5,19.51,5500.0,0.0,1.0,3.0,0.0
2012-01-04,58.23,58.41,58.23,58.41,19.41,19.47,19.41,19.47,700.0,0.0,1.0,3.0,0.0
2012-01-05,57.75,58.68,57.75,58.64,19.25,19.56,19.25,19.55,17800.0,0.0,1.0,3.0,0.0
2012-01-06,59.0,59.0,58.93,58.93,19.67,19.67,19.64,19.64,600.0,0.0,1.0,3.0,0.0
2012-01-09,59.09,59.09,58.58,59.01,19.7,19.7,19.53,19.67,7000.0,0.0,1.0,3.0,0.0
2012-01-10,59.71,59.87,59.69,59.7,19.9,19.96,19.9,19.9,2900.0,0.0,1.0,3.0,0.0
2012-01-11,59.66,60.07,59.66,60.0,19.89,20.02,19.89,20.0,1300.0,0.0,1.0,3.0,0.0
2012-01-12,60.02,60.09,60.02,60.09,20.01,20.03,20.01,20.03,300.0,0.0,1.0,3.0,0.0
2012-01-13,59.59,60.07,59.45,59.9,19.86,20.02,19.82,19.97,27100.0,0.0,1.0,3.0,0.0
2012-01-17,60.12,60.43,59.97,59.97,20.04,20.14,19.99,19.99,1900.0,0.0,1.0,3.0,0.0
2012-01-18,60.03,60.75,59.9,60.75,20.01,20.25,19.97,20.25,1900.0,0.0,1.0,3.0,0.0
2012-01-19,61.28,61.62,61.27,61.49,20.43,20.54,20.42,20.5,1000.0,0.0,1.0,3.0,0.0
2012-01-20,61.43,61.77,61.07,61.27,20.48,20.59,20.36,20.42,5300.0,0.0,1.0,3.0,0.0
2012-01-23,61.46,61.57,60.99,61.31,20.49,20.52,20.33,20.44,1900.0,0.0,1.0,3.0,0.0
2012-01-24,61.18,61.43,61.18,61.43,20.39,20.48,20.39,20.48,900.0,0.0,1.0,3.0,0.0
2012-01-25,61.33,62.36,60.98,62.36,20.44,20.79,20.33,20.79,61300.0,0.0,1.0,3.0,0.0
2012-01-26,62.45,62.51,61.7,61.73,20.82,20.84,20.57,20.58,6700.0,0.0,1.0,3.0,0.0
2012-01-27,61.43,62.03,61.43,61.93,20.48,20.68,20.48,20.64,1800.0,0.0,1.0,3.0,0.0
2012-01-30,61.3,61.53,61.3,61.53,20.43,20.51,20.43,20.51,1000.0,0.0,1.0,3.0,0.0
2012-01-31,62.1,62.1,61.57,61.72,20.7,20.7,20.52,20.57,3100.0,0.0,1.0,3.0,0.0
2012-02-01,62.3,63.01,62.3,63.01,20.77,21.0,20.77,21.0,1200.0,0.0,1.0,3.0,0.0
2012-02-02,63.0,63.0,62.78,62.83,21.0,21.0,20.93,20.94,2100.0,0.0,1.0,3.0,0.0
2012-02-03,63.71,64.0,63.71,63.96,21.24,21.33,21.24,21.32,2700.0,0.0,1.0,3.0,0.0
2012-02-06,63.72,64.03,63.72,64.03,21.24,21.34,21.24,21.34,11700.0,0.0,1.0,3.0,0.0
2012-02-07,63.8,64.21,63.58,63.96,21.27,21.4,21.19,21.32,3600.0,0.0,1.0,3.0,0.0
2012-02-08,64.18,64.43,64.08,64.14,21.39,21.48,21.36,21.38,1100.0,0.0,1.0,3.0,0.0
2012-02-09,64.45,64.45,63.8,64.3,21.48,21.48,21.27,21.43,1900.0,0.0,1.0,3.0,0.0
2012-02-10,63.85,63.85,63.13,63.69,21.28,21.28,21.04,21.23,1900.0,0.0,1.0,3.0,0.0
2012-02-13,64.41,64.42,63.98,64.42,21.47,21.47,21.33,21.47,4700.0,0.0,1.0,3.0,0.0
2012-02-14,63.96,64.19,63.82,64.16,21.32,21.4,21.27,21.39,1700.0,0.0,1.0,3.0,0.0
2012-02-15,64.46,64.48,63.97,64.14,21.49,21.49,21.32,21.38,5100.0,0.0,1.0,3.0,0.0
2012-02-16,64.06,64.99,64.06,64.99,21.35,21.66,21.35,21.66,800.0,0.0,1.0,3.0,0.0
2012-02-17,65.1,65.1,64.84,64.84,21.7,21.7,21.61,21.61,900.0,0.0,1.0,3.0,0.0
2012-02-21,65.16,65.16,64.36,64.38,21.72,21.72,21.45,21.46,4700.0,0.0,1.0,3.0,0.0
2012-02-22,64.43,64.43,64.27,64.28,21.48,21.48,21.42,21.43,800.0,0.0,1.0,3.0,0.0
2012-02-23,64.71,64.8,64.71,64.79,21.57,21.6,21.57,21.6,800.0,0.0,1.0,3.0,0.0
2012-02-24,65.05,65.19,64.86,65.17,21.68,21.73,21.62,21.72,2900.0,0.0,1.0,3.0,0.0
2012-02-27,64.58,65.18,64.58,64.96,21.53,21.73,21.53,21.65,18900.0,0.0,1.0,3.0,0.0
2012-02-28,64.85,65.15,64.85,64.85,21.62,21.72,21.62,21.62,2800.0,0.0,1.0,3.0,0.0
2012-02-29,65.15,65.47,64.54,64.57,21.72,21.82,21.51,21.52,4700.0,0.0,1.0,3.0,0.0
2012-03-01,64.69,65.29,64.68,64.93,21.56,21.76,21.56,21.64,5400.0,0.0,1.0,3.0,0.0
2012-03-02,64.85,64.87,64.51,64.6,21.62,21.62,21.5,21.53,1600.0,0.0,1.0,3.0,0.0
2012-03-05,64.45,64.45,64.02,64.13,21.48,21.48,21.34,21.38,4900.0,0.0,1.0,3.0,0.0
2012-03-06,63.34,63.34,62.87,62.87,21.11,21.11,20.96,20.96,800.0,0.0,1.0,3.0,0.0
2012-03-07,63.14,63.59,62.96,63.47,21.05,21.2,20.99,21.16,2000.0,0.0,1.0,3.0,0.0
2012-03-08,64.14,64.36,63.99,64.36,21.38,21.45,21.33,21.45,4900.0,0.0,1.0,3.0,0.0
2012-03-09,64.36,64.36,64.36,64.36,21.45,21.45,21.45,21.45,0.0,0.0,1.0,3.0,0.0
2012-03-12,65.13,65.13,64.53,64.71,21.71,21.71,21.51,21.57,3800.0,0.0,1.0,3.0,0.0
2012-03-13,65.1,65.95,65.04,65.95,21.7,21.98,21.68,21.98,2400.0,0.0,1.0,3.0,0.0
2012-03-14,66.15,66.15,65.38,65.59,22.05,22.05,21.79,21.86,3400.0,0.0,1.0,3.0,0.0
2012-03-15,65.51,66.04,65.4,66.04,21.84,22.01,21.8,22.01,5700.0,0.0,1.0,3.0,0.0
2012-03-16,65.91,65.91,65.83,65.91,21.97,21.97,21.94,21.97,5000.0,0.17,1.0,3.0,0.0
2012-03-19,65.76,66.36,65.76,66.22,21.92,22.12,21.92,22.07,3300.0,0.0,1.0,3.0,0.0
2012-03-20,65.57,65.71,65.2,65.71,21.86,21.9,21.73,21.9,5700.0,0.0,1.0,3.0,0.0
2012-03-21,65.45,65.72,65.45,65.65,21.82,21.91,21.82,21.88,2600.0,0.0,1.0,3.0,0.0
2012-03-22,65.25,65.25,64.56,64.87,21.75,21.75,21.52,21.62,2300.0,0.0,1.0,3.0,0.0
2012-03-23,64.77,65.13,64.63,65.13,21.59,21.71,21.54,21.71,1300.0,0.0,1.0,3.0,0.0
2012-03-26,65.85,66.0,65.77,66.0,21.95,22.0,21.92,22.0,6300.0,0.0,1.0,3.0,0.0
2012-03-27,65.91,66.14,65.91,66.0,21.97,22.05,21.97,22.0,21400.0,0.0,1.0,3.0,0.0
2012-03-28,65.49,65.49,65.1,65.1,21.83,21.83,21.7,21.7,400.0,0.0,1.0,3.0,0.0
2012-03-29,65.12,65.46,64.64,65.46,21.71,21.82,21.55,21.82,1400.0,0.0,1.0,3.0,0.0
2012-03-30,65.85,65.85,65.49,65.49,21.95,21.95,21.83,21.83,1800.0,0.0,1.0,3.0,0.0
2012-04-02,65.23,66.05,65.2,65.77,21.74,22.02,21.73,21.92,6100.0,0.0,1.0,3.0,0.0
2012-04-03,65.83,65.85,65.52,65.85,21.94,21.95,21.84,21.95,2300.0,0.0,1.0,3.0,0.0
2012-04-04,65.04,65.35,64.8,64.95,21.68,21.78,21.6,21.65,4000.0,0.0,1.0,3.0,0.0
2012-04-05,64.8,64.86,64.72,64.72,21.6,21.62,21.57,21.57,5100.0,0.0,1.0,3.0,0.0
2012-04-09,63.63,63.99,63.63,63.99,21.21,21.33,21.21,21.33,1800.0,0.0,1.0,3.0,0.0
2012-04-10,63.46,63.46,62.37,62.37,21.15,21.15,20.79,20.79,2400.0,0.0,1.0,3.0,0.0
2012-04-11,63.03,63.21,63.03,63.08,21.01,21.07,21.01,21.03,700.0,0.0,1.0,3.0,0.0
2012-04-12,63.06,64.25,63.06,64.25,21.02,21.42,21.02,21.42,1500.0,0.0,1.0,3.0,0.0
2012-04-13,63.74,63.77,63.46,63.46,21.25,21.26,21.15,21.15,25000.0,0.0,1.0,3.0,0.0
2012-04-16,63.92,64.04,63.48,63.48,21.31,21.35,21.16,21.16,500.0,0.0,1.0,3.0,0.0
2012-04-17,64.58,64.71,64.55,64.55,21.53,21.57,21.52,21.52,1400.0,0.0,1.0,3.0,0.0
2012-04-18,64.11,64.31,64.07,64.31,21.37,21.44,21.36,21.44,2700.0,0.0,1.0,3.0,0.0
2012-04-19,64.23,64.26,63.66,63.95,21.41,21.42,21.22,21.32,24000.0,0.0,1.0,3.0,0.0
2012-04-20,64.17,64.52,64.09,64.1,21.39,21.51,21.36,21.37,8100.0,0.0,1.0,3.0,0.0
2012-04-23,63.06,63.37,62.79,63.37,21.02,21.12,20.93,21.12,1300.0,0.0,1.0,3.0,0.0
2012-04-24,63.57,63.7,63.41,63.54,21.19,21.23,21.14,21.18,3500.0,0.0,1.0,3.0,0.0
2012-04-25,64.5,64.52,63.89,64.52,21.5,21.51,21.3,21.51,11900.0,0.0,1.0,3.0,0.0
2012-04-26,64.5,65.09,64.5,65.09,21.5,21.7,21.5,21.7,18100.0,0.0,1.0,3.0,0.0
2012-04-27,65.28,65.44,65.24,65.44,21.76,21.81,21.75,21.81,500.0,0.0,1.0,3.0,0.0
2012-04-30,65.25,65.25,64.67,64.96,21.75,21.75,21.56,21.65,1900.0,0.0,1.0,3.0,0.0
2012-05-01,65.83,65.83,65.64,65.64,21.94,21.94,21.88,21.88,2000.0,0.0,1.0,3.0,0.0
2012-05-02,64.73,65.27,64.73,65.27,21.58,21.76,21.58,21.76,500.0,0.0,1.0,3.0,0.0
2012-05-03,65.39,65.39,64.78,64.78,21.8,21.8,21.59,21.59,1600.0,0.0,1.0,3.0,0.0
2012-05-04,64.09,64.09,63.54,63.54,21.36,21.36,21.18,21.18,21500.0,0.0,1.0,3.0,0.0
2012-05-07,63.43,63.67,63.43,63.57,21.14,21.22,21.14,21.19,4200.0,0.0,1.0,3.0,0.0
2012-05-08,63.4,63.4,62.0,62.85,21.13,21.13,20.67,20.95,9500.0,0.0,1.0,3.0,0.0
2012-05-09,62.33,63.28,62.26,63.05,20.78,21.09,20.75,21.02,2600.0,0.0,1.0,3.0,0.0
2012-05-10,63.21,63.21,63.03,63.03,21.07,21.07,21.01,21.01,500.0,0.0,1.0,3.0,0.0
2012-05-11,62.51,63.41,62.51,63.15,20.84,21.14,20.84,21.05,15000.0,0.0,1.0,3.0,0.0
2012-05-14,62.31,62.54,62.22,62.22,20.77,20.85,20.74,20.74,500.0,0.0,1.0,3.0,0.0
2012-05-15,62.24,62.42,62.22,62.22,20.75,20.81,20.74,20.74,1400.0,0.0,1.0,3.0,0.0
2012-05-16,61.94,61.94,61.56,61.64,20.65,20.65,20.52,20.55,1400.0,0.0,1.0,3.0,0.0
2012-05-17,60.81,60.81,59.7,59.7,20.27,20.27,19.9,19.9,43900.0,0.0,1.0,3.0,0.0
2012-05-18,59.83,59.87,58.83,58.91,19.94,19.96,19.61,19.64,46600.0,0.0,1.0,3.0,0.0
2012-05-21,59.9,60.05,59.85,60.05,19.97,20.02,19.95,20.02,4100.0,0.0,1.0,3.0,0.0
2012-05-22,60.78,60.87,60.44,60.72,20.26,20.29,20.15,20.24,800.0,0.0,1.0,3.0,0.0
2012-05-23,60.01,60.12,59.55,60.12,20.0,20.04,19.85,20.04,6300.0,0.0,1.0,3.0,0.0
2012-05-24,60.99,60.99,60.38,60.73,20.33,20.33,20.13,20.24,500.0,0.0,1.0,3.0,0.0
2012-05-25,61.12,61.18,60.73,60.73,20.37,20.39,20.24,20.24,4700.0,0.0,1.0,3.0,0.0
2012-05-29,61.62,61.72,61.31,61.72,20.54,20.57,20.44,20.57,1200.0,0.0,1.0,3.0,0.0
2012-05-30,60.65,60.65,60.59,60.61,20.22,20.22,20.2,20.2,1700.0,0.0,1.0,3.0,0.0
2012-05-31,60.12,60.42,59.58,60.42,20.04,20.14,19.86,20.14,800.0,0.0,1.0,3.0,0.0
2012-06-01,58.87,58.9,58.42,58.45,19.62,19.63,19.47,19.48,4200.0,0.0,1.0,3.0,0.0
2012-06-04,58.74,58.75,57.68,58.13,19.58,19.58,19.23,19.38,900.0,0.0,1.0,3.0,0.0
2012-06-05,58.37,58.37,58.37,58.37,19.46,19.46,19.46,19.46,600.0,0.0,1.0,3.0,0.0
2012-06-06,59.97,60.24,59.97,60.05,19.99,20.08,19.99,20.02,700.0,0.0,1.0,3.0,0.0
2012-06-07,60.97,60.97,60.08,60.08,20.32,20.32,20.03,20.03,26700.0,0.0,1.0,3.0,0.0
2012-06-08,60.08,60.08,60.08,60.08,20.03,20.03,20.03,20.03,0.0,0.0,1.0,3.0,0.0
2012-06-11,61.14,61.14,59.42,59.46,20.38,20.38,19.81,19.82,2400.0,0.0,1.0,3.0,0.0
2012-06-12,59.15,59.69,59.15,59.65,19.72,19.9,19.72,19.88,1300.0,0.0,1.0,3.0,0.0
2012-06-13,59.97,60.05,59.97,60.05,19.99,20.02,19.99,20.02,800.0,0.0,1.0,3.0,0.0
2012-06-14,59.64,59.92,59.6,59.92,19.88,19.97,19.87,19.97,2400.0,0.0,1.0,3.0,0.0
2012-06-15,59.59,60.13,59.59,60.13,19.86,20.04,19.86,20.04,2900.0,0.25,1.0,3.0,0.0
2012-06-18,60.18,60.53,60.12,60.53,20.06,20.18,20.04,20.18,3200.0,0.0,1.0,3.0,0.0
2012-06-19,60.88,61.39,60.88,61.32,20.29,20.46,20.29,20.44,2700.0,0.0,1.0,3.0,0.0
2012-06-20,61.26,61.39,61.09,61.11,20.42,20.46,20.36,20.37,1400.0,0.0,1.0,3.0,0.0
2012-06-21,60.88,60.88,59.72,59.72,20.29,20.29,19.91,19.91,1100.0,0.0,1.0,3.0,0.0
2012-06-22,59.94,59.94,59.89,59.89,19.98,19.98,19.96,19.96,400.0,0.0,1.0,3.0,0.0
2012-06-25,58.71,58.85,58.61,58.85,19.57,19.62,19.54,19.62,2100.0,0.0,1.0,3.0,0.0
2012-06-26,58.76,59.18,58.76,59.18,19.59,19.73,19.59,19.73,1400.0,0.0,1.0,3.0,0.0
2012-06-27,59.46,59.75,59.46,59.75,19.82,19.92,19.82,19.92,1500.0,0.0,1.0,3.0,0.0
2012-06-28,59.23,59.85,59.23,59.85,19.74,19.95,19.74,19.95,1000.0,0.0,1.0,3.0,0.0
2012-06-29,61.07,61.6,61.07,61.48,20.36,20.53,20.36,20.49,2400.0,0.0,1.0,3.0,0.0
2012-07-02,61.85,61.85,61.25,61.84,20.62,20.62,20.42,20.61,3200.0,0.0,1.0,3.0,0.0
2012-07-03,61.84,61.84,61.84,61.84,20.61,20.61,20.61,20.61,0.0,0.0,1.0,3.0,0.0
2012-07-05,62.51,62.65,62.15,62.53,20.84,20.88,20.72,20.84,1600.0,0.0,1.0,3.0,0.0
2012-07-06,62.03,62.03,61.57,61.72,20.68,20.68,20.52,20.57,600.0,0.0,1.0,3.0,0.0
2012-07-09,61.46,61.46,61.36,61.36,20.49,20.49,20.45,20.45,300.0,0.0,1.0,3.0,0.0
2012-07-10,61.93,61.93,61.25,61.3,20.64,20.64,20.42,20.43,1200.0,0.0,1.0,3.0,0.0
2012-07-11,60.68,60.7,60.59,60.61,20.23,20.23,20.2,20.2,1000.0,0.0,1.0,3.0,0.0
2012-07-12,59.87,60.55,59.87,60.51,19.96,20.18,19.96,20.17,1100.0,0.0,1.0,3.0,0.0
2012-07-13,60.86,61.18,60.86,61.18,20.29,20.39,20.29,20.39,400.0,0.0,1.0,3.0,0.0
2012-07-16,61.18,61.18,61.18,61.18,20.39,20.39,20.39,20.39,0.0,0.0,1.0,3.0,0.0
2012-07-17,60.99,61.45,60.76,61.4,20.33,20.48,20.25,20.47,1600.0,0.0,1.0,3.0,0.0
2012-07-18,61.54,61.76,61.54,61.76,20.51,20.59,20.51,20.59,700.0,0.0,1.0,3.0,0.0
2012-07-19,62.03,62.1,61.77,62.09,20.68,20.7,20.59,20.7,700.0,0.0,1.0,3.0,0.0
2012-07-20,61.54,61.73,61.34,61.34,20.51,20.58,20.45,20.45,2600.0,0.0,1.0,3.0,0.0
2012-07-23,60.71,60.71,60.14,60.52,20.24,20.24,20.05,20.17,1500.0,0.0,1.0,3.0,0.0
2012-07-24,60.5,60.5,59.41,59.69,20.17,20.17,19.8,19.9,1000.0,0.0,1.0,3.0,0.0
2012-07-25,59.91,59.93,59.62,59.67,19.97,19.98,19.87,19.89,8200.0,0.0,1.0,3.0,0.0
2012-07-26,59.67,59.67,59.67,59.67,19.89,19.89,19.89,19.89,0.0,0.0,1.0,3.0,0.0
2012-07-27,61.57,62.11,61.48,61.95,20.52,20.7,20.49,20.65,3700.0,0.0,1.0,3.0,0.0
2012-07-30,62.12,62.2,61.73,61.85,20.71,20.73,20.58,20.62,3400.0,0.0,1.0,3.0,0.0
2012-07-31,61.87,61.88,61.43,61.43,20.62,20.63,20.48,20.48,4100.0,0.0,1.0,3.0,0.0
2012-08-01,61.63,61.63,61.08,61.09,20.54,20.54,20.36,20.36,4100.0,0.0,1.0,3.0,0.0
2012-08-02,60.46,60.46,60.29,60.35,20.15,20.15,20.1,20.12,900.0,0.0,1.0,3.0,0.0
2012-08-03,61.7,61.9,61.65,61.9,20.57,20.63,20.55,20.63,500.0,0.0,1.0,3.0,0.0
2012-08-06,62.1,62.26,62.1,62.23,20.7,20.75,20.7,20.74,2800.0,0.0,1.0,3.0,0.0
2012-08-07,62.5,62.96,62.5,62.82,20.83,20.99,20.83,20.94,2400.0,0.0,1.0,3.0,0.0
2012-08-08,62.59,62.89,62.59,62.75,20.86,20.96,20.86,20.92,2000.0,0.0,1.0,3.0,0.0
2012-08-09,62.99,63.09,62.98,62.98,21.0,21.03,20.99,20.99,2600.0,0.0,1.0,3.0,0.0
2012-08-10,62.86,63.11,62.81,63.11,20.95,21.04,20.94,21.04,3500.0,0.0,1.0,3.0,0.0
2012-08-13,62.51,62.88,62.51,62.88,20.84,20.96,20.84,20.96,4500.0,0.0,1.0,3.0,0.0
2012-08-14,63.01,63.16,62.97,62.97,21.0,21.05,20.99,20.99,2400.0,0.0,1.0,3.0,0.0
2012-08-15,62.93,63.21,62.93,63.2,20.98,21.07,20.98,21.07,2700.0,0.0,1.0,3.0,0.0
2012-08-16,63.28,63.71,63.18,63.66,21.09,21.24,21.06,21.22,1900.0,0.0,1.0,3.0,0.0
2012-08-17,64.0,64.07,63.95,64.07,21.33,21.36,21.32,21.36,1100.0,0.0,1.0,3.0,0.0
2012-08-20,63.78,63.86,63.67,63.83,21.26,21.29,21.22,21.28,2400.0,0.0,1.0,3.0,0.0
2012-08-21,64.1,64.46,63.91,63.91,21.37,21.49,21.3,21.3,700.0,0.0,1.0,3.0,0.0
2012-08-22,63.76,63.94,63.56,63.94,21.25,21.31,21.19,21.31,2400.0,0.0,1.0,3.0,0.0
2012-08-23,63.58,63.67,63.54,63.54,21.19,21.22,21.18,21.18,1500.0,0.0,1.0,3.0,0.0
2012-08-24,63.54,63.54,63.54,63.54,21.18,21.18,21.18,21.18,0.0,0.0,1.0,3.0,0.0
2012-08-27,63.54,63.54,63.54,63.54,21.18,21.18,21.18,21.18,0.0,0.0,1.0,3.0,0.0
2012-08-28,63.63,63.81,63.49,63.71,21.21,21.27,21.16,21.24,1200.0,0.0,1.0,3.0,0.0
2012-08-29,63.5,63.83,63.5,63.77,21.17,21.28,21.17,21.26,2400.0,0.0,1.0,3.0,0.0
2012-08-30,63.44,63.49,63.26,63.37,21.15,21.16,21.09,21.12,4800.0,0.0,1.0,3.0,0.0
2012-08-31,63.51,63.71,63.51,63.71,21.17,21.24,21.17,21.24,4000.0,0.0,1.0,3.0,0.0
2012-09-04,63.52,64.17,63.52,64.17,21.17,21.39,21.17,21.39,600.0,0.0,1.0,3.0,0.0
2012-09-05,63.96,64.11,63.96,63.99,21.32,21.37,21.32,21.33,3900.0,0.0,1.0,3.0,0.0
2012-09-06,64.92,65.35,64.92,65.28,21.64,21.78,21.64,21.76,2800.0,0.0,1.0,3.0,0.0
2012-09-07,65.33,65.66,65.33,65.63,21.78,21.89,21.78,21.88,1600.0,0.0,1.0,3.0,0.0
2012-09-10,65.48,65.48,65.39,65.39,21.83,21.83,21.8,21.8,1300.0,0.0,1.0,3.0,0.0
2012-09-11,65.33,65.64,65.33,65.55,21.78,21.88,21.78,21.85,3100.0,0.0,1.0,3.0,0.0
2012-09-12,65.87,65.87,65.84,65.84,21.96,21.96,21.95,21.95,300.0,0.0,1.0,3.0,0.0
2012-09-13,65.73,66.65,65.68,66.58,21.91,22.22,21.89,22.19,1700.0,0.0,1.0,3.0,0.0
2012-09-14,67.26,67.55,67.26,67.29,22.42,22.52,22.42,22.43,4700.0,0.0,1.0,3.0,0.0
2012-09-17,67.16,67.16,66.88,66.9,22.39,22.39,22.29,22.3,1000.0,0.0,1.0,3.0,0.0
2012-09-18,66.52,66.52,66.29,66.29,22.17,22.17,22.1,22.1,1200.0,0.0,1.0,3.0,0.0
2012-09-19,66.35,66.56,66.35,66.56,22.12,22.19,22.12,22.19,400.0,0.0,1.0,3.0,0.0
2012-09-20,66.1,66.1,65.93,66.0,22.03,22.03,21.98,22.0,4400.0,0.0,1.0,3.0,0.0
2012-09-21,66.3,66.3,65.93,65.95,22.1,22.1,21.98,21.98,2800.0,0.29,1.0,3.0,0.0
2012-09-24,65.48,65.72,64.19,65.56,21.83,21.91,21.4,21.85,9900.0,0.0,1.0,3.0,0.0
2012-09-25,65.43,65.43,64.66,64.75,21.81,21.81,21.55,21.58,2300.0,0.0,1.0,3.0,0.0
2012-09-26,63.74,64.03,63.74,64.03,21.25,21.34,21.25,21.34,400.0,0.0,1.0,3.0,0.0
2012-09-27,64.17,64.7,64.17,64.7,21.39,21.57,21.39,21.57,1600.0,0.0,1.0,3.0,0.0
2012-09-28,64.5,64.5,64.5,64.5,21.5,21.5,21.5,21.5,400.0,0.0,1.0,3.0,0.0
2012-10-01,64.86,64.87,63.04,64.59,21.62,21.62,21.01,21.53,3900.0,0.0,1.0,3.0,0.0
2012-10-02,64.19,64.67,64.19,64.5,21.4,21.56,21.4,21.5,2100.0,0.0,1.0,3.0,0.0
2012-10-03,64.71,64.71,64.69,64.69,21.57,21.57,21.56,21.56,300.0,0.0,1.0,3.0,0.0
2012-10-04,65.0,65.34,64.94,65.32,21.67,21.78,21.65,21.77,4700.0,0.0,1.0,3.0,0.0
2012-10-05,65.7,65.84,65.24,65.4,21.9,21.95,21.75,21.8,2300.0,0.0,1.0,3.0,0.0
2012-10-08,65.17,65.26,65.12,65.22,21.72,21.75,21.71,21.74,10700.0,0.0,1.0,3.0,0.0
2012-10-09,65.11,65.2,64.52,64.52,21.7,21.73,21.51,21.51,4300.0,0.0,1.0,3.0,0.0
2012-10-10,64.47,64.47,64.15,64.15,21.49,21.49,21.38,21.38,600.0,0.0,1.0,3.0,0.0
2012-10-11,64.61,64.77,64.52,64.59,21.54,21.59,21.51,21.53,1200.0,0.0,1.0,3.0,0.0
2012-10-12,64.14,64.25,64.14,64.16,21.38,21.42,21.38,21.39,500.0,0.0,1.0,3.0,0.0
2012-10-15,64.2,64.67,64.0,64.67,21.4,21.56,21.33,21.56,2000.0,0.0,1.0,3.0,0.0
2012-10-16,64.91,65.28,64.91,65.2,21.64,21.76,21.64,21.73,2300.0,0.0,1.0,3.0,0.0
2012-10-17,65.71,65.71,65.71,65.71,21.9,21.9,21.9,21.9,500.0,0.0,1.0,3.0,0.0
2012-10-18,65.67,66.08,65.67,65.89,21.89,22.03,21.89,21.96,4600.0,0.0,1.0,3.0,0.0
2012-10-19,65.54,65.54,64.71,65.03,21.85,21.85,21.57,21.68,3500.0,0.0,1.0,3.0,0.0
2012-10-22,64.92,64.92,64.54,64.56,21.64,21.64,21.51,21.52,12800.0,0.0,1.0,3.0,0.0
2012-10-23,63.82,64.35,63.82,64.18,21.27,21.45,21.27,21.39,3500.0,0.0,1.0,3.0,0.0
2012-10-24,64.26,64.26,63.95,63.95,21.42,21.42,21.32,21.32,1700.0,0.0,1.0,3.0,0.0
2012-10-25,63.9,63.98,63.9,63.98,21.3,21.33,21.3,21.33,500.0,0.0,1.0,3.0,0.0
2012-10-26,63.76,64.06,63.6,64.06,21.25,21.35,21.2,21.35,2200.0,0.0,1.0,3.0,0.0
2012-10-31,63.99,64.31,63.94,64.31,21.33,21.44,21.31,21.44,2100.0,0.0,1.0,3.0,0.0
2012-11-01,65.41,65.43,65.35,65.35,21.8,21.81,21.78,21.78,900.0,0.0,1.0,3.0,0.0
2012-11-02,64.87,64.87,64.87,64.87,21.62,21.62,21.62,21.62,1100.0,0.0,1.0,3.0,0.0
2012-11-05,64.65,65.07,64.65,65.05,21.55,21.69,21.55,21.68,1200.0,0.0,1.0,3.0,0.0
2012-11-06,65.45,65.71,65.45,65.62,21.82,21.9,21.82,21.87,900.0,0.0,1.0,3.0,0.0
2012-11-07,64.84,64.84,64.31,64.65,21.61,21.61,21.44,21.55,1500.0,0.0,1.0,3.0,0.0
2012-11-08,64.55,64.55,63.75,63.79,21.52,21.52,21.25,21.26,2900.0,0.0,1.0,3.0,0.0
2012-11-09,63.18,63.89,63.18,63.8,21.06,21.3,21.06,21.27,2700.0,0.0,1.0,3.0,0.0
2012-11-12,63.55,63.55,63.55,63.55,21.18,21.18,21.18,21.18,100.0,0.0,1.0,3.0,0.0
2012-11-13,63.49,63.79,63.31,63.31,21.16,21.26,21.1,21.1,2100.0,0.0,1.0,3.0,0.0
2012-11-14,62.93,63.11,62.15,62.21,20.98,21.04,20.72,20.74,6300.0,0.0,1.0,3.0,0.0
2012-11-15,61.15,62.34,61.15,62.34,20.38,20.78,20.38,20.78,800.0,0.0,1.0,3.0,0.0
2012-11-16,62.45,62.45,62.43,62.43,20.82,20.82,20.81,20.81,800.0,0.0,1.0,3.0,0.0
2012-11-19,63.34,63.66,63.34,63.62,21.11,21.22,21.11,21.21,900.0,0.0,1.0,3.0,0.0
2012-11-20,63.74,63.92,63.74,63.92,21.25,21.31,21.25,21.31,500.0,0.0,1.0,3.0,0.0
2012-11-21,64.09,64.09,64.09,64.09,21.36,21.36,21.36,21.36,400.0,0.0,1.0,3.0,0.0
2012-11-23,64.5,64.5,64.5,64.5,21.5,21.5,21.5,21.5,300.0,0.0,1.0,3.0,0.0
2012-11-26,64.7,64.71,64.59,64.7,21.57,21.57,21.53,21.57,700.0,0.0,1.0,3.0,0.0
2012-11-27,64.63,65.04,64.63,64.93,21.54,21.68,21.54,21.64,1500.0,0.0,1.0,3.0,0.0
2012-11-28,64.2,65.22,64.2,65.21,21.4,21.74,21.4,21.74,60000.0,0.0,1.0,3.0,0.0
2012-11-29,65.69,66.84,65.19,65.52,21.9,22.28,21.73,21.84,51700.0,0.0,1.0,3.0,0.0
2012-11-30,65.68,65.87,65.45,65.63,21.89,21.96,21.82,21.88,2500.0,0.0,1.0,3.0,0.0
2012-12-03,66.25,66.25,65.46,65.46,22.08,22.08,21.82,21.82,1800.0,0.0,1.0,3.0,0.0
2012-12-04,65.57,65.64,65.51,65.64,21.86,21.88,21.84,21.88,1100.0,0.0,1.0,3.0,0.0
2012-12-05,65.41,65.75,65.28,65.56,21.8,21.92,21.76,21.85,2300.0,0.0,1.0,3.0,0.0
2012-12-06,65.61,66.06,65.58,65.66,21.87,22.02,21.86,21.89,1600.0,0.0,1.0,3.0,0.0
2012-12-07,65.9,66.04,65.82,66.04,21.97,22.01,21.94,22.01,4900.0,0.0,1.0,3.0,0.0
2012-12-10,66.32,66.34,66.12,66.32,22.11,22.11,22.04,22.11,3800.0,0.0,1.0,3.0,0.0
2012-12-11,66.67,66.78,66.5,66.5,22.22,22.26,22.17,22.17,3400.0,0.0,1.0,3.0,0.0
2012-12-12,66.82,66.96,66.73,66.84,22.27,22.32,22.24,22.28,1300.0,0.0,1.0,3.0,0.0
2012-12-13,66.61,66.61,65.97,66.09,22.2,22.2,21.99,22.03,1900.0,0.0,1.0,3.0,0.0
2012-12-14,65.97,66.09,65.9,65.9,21.99,22.03,21.97,21.97,4900.0,0.0,1.0,3.0,0.0
2012-12-17,65.99,66.59,65.99,66.49,22.0,22.2,22.0,22.16,4700.0,0.0,1.0,3.0,0.0
2012-12-18,67.0,67.46,67.0,67.36,22.33,22.49,22.33,22.45,3600.0,0.0,1.0,3.0,0.0
2012-12-19,67.51,67.65,67.39,67.44,22.5,22.55,22.46,22.48,4900.0,0.0,1.0,3.0,0.0
2012-12-20,67.39,67.66,67.19,67.61,22.46,22.55,22.4,22.54,7100.0,0.0,1.0,3.0,0.0
2012-12-21,66.0,66.19,65.94,66.19,22.0,22.06,21.98,22.06,7000.0,0.94,1.0,3.0,0.0
2012-12-24,66.11,66.11,66.02,66.02,22.04,22.04,22.01,22.01,300.0,0.0,1.0,3.0,0.0
2012-12-26,66.13,66.13,65.58,65.71,22.04,22.04,21.86,21.9,6500.0,0.0,1.0,3.0,0.0
2012-12-27,65.19,65.68,64.94,65.68,21.73,21.89,21.65,21.89,69800.0,0.0,1.0,3.0,0.0
2012-12-28,65.09,65.48,65.07,65.25,21.7,21.83,21.69,21.75,5600.0,0.0,1.0,3.0,0.0
2012-12-31,65.28,66.22,65.23,66.09,21.76,22.07,21.74,22.03,10600.0,0.0,1.0,3.0,0.0
2013-01-02,67.94,67.94,67.16,67.68,22.65,22.65,22.39,22.56,14900.0,0.0,1.0,3.0,0.0
2013-01-03,67.81,68.27,67.74,67.93,22.6,22.76,22.58,22.64,14700.0,0.0,1.0,3.0,0.0
2013-01-04,68.05,68.42,67.95,68.29,22.68,22.81,22.65,22.76,24800.0,0.0,1.0,3.0,0.0
2013-01-07,68.09,68.19,68.02,68.16,22.7,22.73,22.67,22.72,1700.0,0.0,1.0,3.0,0.0
2013-01-08,68.25,68.25,67.79,67.97,22.75,22.75,22.6,22.66,1700.0,0.0,1.0,3.0,0.0
2013-01-09,68.24,68.37,68.08,68.35,22.75,22.79,22.69,22.78,18500.0,0.0,1.0,3.0,0.0
2013-01-10,68.46,68.75,68.25,68.67,22.82,22.92,22.75,22.89,50500.0,0.0,1.0,3.0,0.0
2013-01-11,68.57,68.58,68.47,68.48,22.86,22.86,22.82,22.83,2100.0,0.0,1.0,3.0,0.0
2013-01-14,68.53,68.81,68.41,68.64,22.84,22.94,22.8,22.88,3400.0,0.0,1.0,3.0,0.0
2013-01-15,68.33,69.03,68.33,68.95,22.78,23.01,22.78,22.98,4500.0,0.0,1.0,3.0,0.0
2013-01-16,68.93,68.98,68.61,68.88,22.98,22.99,22.87,22.96,23800.0,0.0,1.0,3.0,0.0
2013-01-17,69.27,69.67,69.21,69.59,23.09,23.22,23.07,23.2,22800.0,0.0,1.0,3.0,0.0
2013-01-18,69.39,69.7,69.37,69.7,23.13,23.23,23.12,23.23,1700.0,0.0,1.0,3.0,0.0
2013-01-22,69.8,70.18,69.66,70.15,23.27,23.39,23.22,23.38,7500.0,0.0,1.0,3.0,0.0
2013-01-23,70.15,70.26,70.07,70.23,23.38,23.42,23.36,23.41,8200.0,0.0,1.0,3.0,0.0
2013-01-24,70.76,70.76,70.31,70.65,23.59,23.59,23.44,23.55,36700.0,0.0,1.0,3.0,0.0
2013-01-25,70.91,71.26,70.76,71.23,23.64,23.75,23.59,23.74,8900.0,0.0,1.0,3.0,0.0
2013-01-28,71.4,71.86,71.01,71.11,23.8,23.95,23.67,23.7,21400.0,0.0,1.0,3.0,0.0
2013-01-29,70.9,71.3,70.88,71.17,23.63,23.77,23.63,23.72,14600.0,0.0,1.0,3.0,0.0
2013-01-30,71.06,71.18,70.86,70.86,23.69,23.73,23.62,23.62,7600.0,0.0,1.0,3.0,0.0
2013-01-31,70.75,71.23,70.7,71.1,23.58,23.74,23.57,23.7,10100.0,0.0,1.0,3.0,0.0
2013-02-01,71.45,71.71,71.45,71.59,23.82,23.9,23.82,23.86,6200.0,0.0,1.0,3.0,0.0
2013-02-04,71.3,71.38,70.99,70.99,23.77,23.79,23.66,23.66,3700.0,0.0,1.0,3.0,0.0
2013-02-05,71.19,71.8,71.19,71.62,23.73,23.93,23.73,23.87,11200.0,0.0,1.0,3.0,0.0
2013-02-06,71.44,72.06,71.44,72.05,23.81,24.02,23.81,24.02,15800.0,0.0,1.0,3.0,0.0
2013-02-07,72.06,72.1,71.42,71.9,24.02,24.03,23.81,23.97,31700.0,0.0,1.0,3.0,0.0
2013-02-08,72.15,72.36,72.14,72.33,24.05,24.12,24.05,24.11,17800.0,0.0,1.0,3.0,0.0
2013-02-11,72.11,72.23,72.01,72.01,24.04,24.08,24.0,24.0,3000.0,0.0,1.0,3.0,0.0
2013-02-12,72.24,72.63,72.24,72.48,24.08,24.21,24.08,24.16,7500.0,0.0,1.0,3.0,0.0
2013-02-13,72.72,72.87,72.51,72.69,24.24,24.29,24.17,24.23,13200.0,0.0,1.0,3.0,0.0
2013-02-14,72.74,73.01,72.67,72.67,24.25,24.34,24.22,24.22,28000.0,0.0,1.0,3.0,0.0
2013-02-15,73.04,73.09,72.67,72.83,24.35,24.36,24.22,24.28,26800.0,0.0,1.0,3.0,0.0
2013-02-19,72.96,73.34,72.96,73.3,24.32,24.45,24.32,24.43,14400.0,0.0,1.0,3.0,7.27
2013-02-20,73.19,73.19,72.05,72.05,24.4,24.4,24.02,24.02,3200.0,0.0,1.0,3.0,0.0
2013-02-21,71.81,71.86,71.0,71.46,23.94,23.95,23.67,23.82,5400.0,0.0,1.0,3.0,0.0
2013-02-22,71.87,71.89,71.68,71.84,23.96,23.96,23.89,23.95,1800.0,0.0,1.0,3.0,0.0
2013-02-25,72.4,72.4,70.66,70.66,24.13,24.13,23.55,23.55,5000.0,0.0,1.0,3.0,0.0
2013-02-26,70.7,71.18,70.49,71.15,23.57,23.73,23.5,23.72,6500.0,0.0,1.0,3.0,0.0
2013-02-27,71.4,72.35,71.4,72.34,23.8,24.12,23.8,24.11,2000.0,0.0,1.0,3.0,0.0
2013-02-28,72.1,72.59,72.05,72.05,24.03,24.2,24.02,24.02,4400.0,0.0,1.0,3.0,0.0
2013-03-01,71.7,72.08,71.31,71.95,23.9,24.03,23.77,23.98,3800.0,0.0,1.0,3.0,0.0
2013-03-04,72.04,72.26,71.8,72.19,24.01,24.09,23.93,24.06,3600.0,0.0,1.0,3.0,0.0
2013-03-05,72.58,73.23,72.58,73.05,24.19,24.41,24.19,24.35,5000.0,0.0,1.0,3.0,0.0
2013-03-06,73.51,73.51,73.25,73.3,24.5,24.5,24.42,24.43,2900.0,0.0,1.0,3.0,0.0
2013-03-07,73.33,73.58,73.33,73.58,24.44,24.53,24.44,24.53,1800.0,0.0,1.0,3.0,0.0
2013-03-08,74.0,74.22,73.76,74.22,24.67,24.74,24.59,24.74,7100.0,0.0,1.0,3.0,0.0
2013-03-11,73.99,74.28,73.99,74.12,24.66,24.76,24.66,24.71,2700.0,0.0,1.0,3.0,0.0
2013-03-12,74.15,74.27,74.01,74.25,24.72,24.76,24.67,24.75,9000.0,0.0,1.0,3.0,0.0
2013-03-13,74.14,74.61,74.14,74.57,24.71,24.87,24.71,24.86,1800.0,0.0,1.0,3.0,0.0
2013-03-14,74.82,75.03,74.82,75.0,24.94,25.01,24.94,25.0,1600.0,0.0,1.0,3.0,0.0
2013-03-15,74.72,74.88,74.56,74.8,24.91,24.96,24.85,24.93,7000.0,0.14,1.0,3.0,0.0
2013-03-18,74.17,74.71,74.16,74.31,24.72,24.9,24.72,24.77,10100.0,0.0,1.0,3.0,0.0
2013-03-19,74.6,74.65,73.86,74.14,24.87,24.88,24.62,24.71,5700.0,0.0,1.0,3.0,0.0
2013-03-20,74.43,74.89,74.43,74.85,24.81,24.96,24.81,24.95,4600.0,0.0,1.0,3.0,0.0
2013-03-21,74.28,74.63,74.15,74.15,24.76,24.88,24.72,24.72,9300.0,0.0,1.0,3.0,0.0
2013-03-22,74.29,74.46,74.15,74.42,24.76,24.82,24.72,24.81,1300.0,0.0,1.0,3.0,0.0
2013-03-25,74.76,74.76,73.95,74.33,24.92,24.92,24.65,24.78,3300.0,0.0,1.0,3.0,0.0
2013-03-26,74.5,74.69,74.33,74.69,24.83,24.9,24.78,24.9,5000.0,0.0,1.0,3.0,0.0
2013-03-27,74.12,74.58,73.89,74.58,24.71,24.86,24.63,24.86,1200.0,0.0,1.0,3.0,0.0
2013-03-28,75.23,75.23,74.64,75.07,25.08,25.08,24.88,25.02,8800.0,0.0,1.0,3.0,0.0
2013-04-01,75.14,75.14,74.25,74.34,25.05,25.05,24.75,24.78,4600.0,0.0,1.0,3.0,0.0
2013-04-02,74.62,74.62,74.39,74.39,24.87,24.87,24.8,24.8,4400.0,0.0,1.0,3.0,0.0
2013-04-03,74.0,74.0,72.81,72.96,24.67,24.67,24.27,24.32,6500.0,0.0,1.0,3.0,0.0
2013-04-04,73.18,73.21,73.01,73.21,24.39,24.4,24.34,24.4,6300.0,0.0,1.0,3.0,0.0
2013-04-05,72.5,73.3,72.11,73.3,24.17,24.43,24.04,24.43,2500.0,0.0,1.0,3.0,0.0
2013-04-08,73.41,73.84,73.16,73.84,24.47,24.61,24.39,24.61,6000.0,0.0,1.0,3.0,0.0
2013-04-09,73.92,74.36,73.92,74.08,24.64,24.79,24.64,24.69,1500.0,0.0,1.0,3.0,0.0
2013-04-10,74.45,75.0,74.45,74.87,24.82,25.0,24.82,24.96,3100.0,0.0,1.0,3.0,0.0
2013-04-11,74.98,75.53,74.98,75.35,24.99,25.18,24.99,25.12,2400.0,0.0,1.0,3.0,0.0
2013-04-12,75.06,75.06,74.7,74.83,25.02,25.02,24.9,24.94,4800.0,0.0,1.0,3.0,0.0
2013-04-15,73.9,73.98,72.32,72.32,24.63,24.66,24.11,24.11,2100.0,0.0,1.0,3.0,0.0
2013-04-16,73.02,73.67,73.0,73.67,24.34,24.56,24.33,24.56,700.0,0.0,1.0,3.0,0.0
2013-04-17,72.7,72.7,72.7,72.7,24.23,24.23,24.23,24.23,700.0,0.0,1.0,3.0,0.0
2013-04-18,72.7,72.7,71.66,72.22,24.23,24.23,23.89,24.07,4300.0,0.0,1.0,3.0,0.0
2013-04-19,72.3,73.01,72.3,72.81,24.1,24.34,24.1,24.27,2300.0,0.0,1.0,3.0,0.0
2013-04-22,72.62,73.47,72.62,73.47,24.21,24.49,24.21,24.49,2800.0,0.0,1.0,3.0,0.0
2013-04-23,74.31,74.31,73.69,73.86,24.77,24.77,24.56,24.62,3000.0,0.0,1.0,3.0,0.0
2013-04-24,74.37,74.49,74.11,74.49,24.79,24.83,24.7,24.83,2400.0,0.0,1.0,3.0,0.0
2013-04-25,74.74,75.26,74.73,75.26,24.91,25.09,24.91,25.09,3900.0,0.0,1.0,3.0,0.0
2013-04-26,74.87,74.87,74.49,74.81,24.96,24.96,24.83,24.94,2200.0,0.0,1.0,3.0,0.0
2013-04-29,75.19,75.26,75.04,75.24,25.06,25.09,25.01,25.08,2500.0,0.0,1.0,3.0,0.0
2013-04-30,75.28,75.52,75.18,75.48,25.09,25.17,25.06,25.16,2800.0,0.0,1.0,3.0,0.0
2013-05-01,75.54,75.54,74.48,74.48,25.18,25.18,24.83,24.83,2900.0,0.0,1.0,3.0,0.0
2013-05-02,75.22,75.22,75.22,75.22,25.07,25.07,25.07,25.07,400.0,0.0,1.0,3.0,0.0
2013-05-03,76.14,76.62,76.14,76.35,25.38,25.54,25.38,25.45,1100.0,0.0,1.0,3.0,0.0
2013-05-06,76.49,76.76,76.33,76.59,25.5,25.59,25.44,25.53,3100.0,0.0,1.0,3.0,0.0
2013-05-07,77.0,77.14,76.98,77.14,25.67,25.71,25.66,25.71,2400.0,0.0,1.0,3.0,0.0
2013-05-08,77.37,77.39,77.37,77.39,25.79,25.8,25.79,25.8,1500.0,0.0,1.0,3.0,0.0
2013-05-09,77.71,77.83,77.48,77.48,25.9,25.94,25.83,25.83,2300.0,0.0,1.0,3.0,0.0
2013-05-10,77.74,78.11,77.74,78.04,25.91,26.04,25.91,26.01,4800.0,0.0,1.0,3.0,0.0
2013-05-13,77.98,77.98,77.79,77.83,25.99,25.99,25.93,25.94,3900.0,0.0,1.0,3.0,0.0
2013-05-14,78.74,78.86,78.67,78.84,26.25,26.29,26.22,26.28,4400.0,0.0,1.0,3.0,0.0
2013-05-15,78.7,79.25,78.7,79.25,26.23,26.42,26.23,26.42,2700.0,0.0,1.0,3.0,0.0
2013-05-16,79.16,79.33,78.72,78.72,26.39,26.44,26.24,26.24,4300.0,0.0,1.0,3.0,0.0
2013-05-17,79.23,79.59,79.12,79.59,26.41,26.53,26.37,26.53,3000.0,0.0,1.0,3.0,0.0
2013-05-20,79.75,79.81,79.66,79.66,26.58,26.6,26.55,26.55,10000.0,0.0,1.0,3.0,0.0
2013-05-21,79.64,80.02,79.52,80.02,26.55,26.67,26.51,26.67,3700.0,0.0,1.0,3.0,0.0
2013-05-22,79.91,80.12,78.05,78.05,26.64,26.71,26.02,26.02,1300.0,0.0,1.0,3.0,0.0
2013-05-23,77.53,78.14,77.5,78.14,25.84,26.05,25.83,26.05,5300.0,0.0,1.0,3.0,0.0
2013-05-24,77.48,78.0,77.48,77.95,25.83,26.0,25.83,25.98,3000.0,0.0,1.0,3.0,0.0
2013-05-28,78.97,79.35,78.42,78.59,26.32,26.45,26.14,26.2,11000.0,0.0,1.0,3.0,0.0
2013-05-29,77.92,78.22,77.29,78.22,25.97,26.07,25.76,26.07,6500.0,0.0,1.0,3.0,0.0
2013-05-30,78.4,78.58,78.29,78.58,26.13,26.19,26.1,26.19,3200.0,0.0,1.0,3.0,0.0
2013-05-31,78.07,78.62,77.79,78.09,26.02,26.21,25.93,26.03,1600.0,0.0,1.0,3.0,0.0
2013-06-03,77.59,77.59,76.69,77.19,25.86,25.86,25.56,25.73,18600.0,0.0,1.0,3.0,0.0
2013-06-04,77.68,77.68,76.85,76.87,25.89,25.89,25.62,25.62,2600.0,0.0,1.0,3.0,0.0
2013-06-05,76.56,76.56,75.79,76.03,25.52,25.52,25.26,25.34,1700.0,0.0,1.0,3.0,0.0
2013-06-06,75.66,76.2,75.5,76.2,25.22,25.4,25.17,25.4,1600.0,0.0,1.0,3.0,0.0
2013-06-07,77.1,77.55,76.65,77.33,25.7,25.85,25.55,25.78,4600.0,0.0,1.0,3.0,0.0
2013-06-10,77.78,77.89,77.24,77.36,25.93,25.96,25.75,25.79,7300.0,0.0,1.0,3.0,0.0
2013-06-11,77.87,77.87,76.43,76.82,25.96,25.96,25.48,25.61,10100.0,0.0,1.0,3.0,0.0
2013-06-12,77.32,77.32,75.81,75.81,25.77,25.77,25.27,25.27,1800.0,0.0,1.0,3.0,0.0
2013-06-13,75.83,77.47,75.83,77.47,25.28,25.82,25.28,25.82,13400.0,0.0,1.0,3.0,0.0
2013-06-14,77.54,77.54,76.77,77.05,25.85,25.85,25.59,25.68,10800.0,0.0,1.0,3.0,0.0
2013-06-17,77.55,77.74,77.28,77.28,25.85,25.91,25.76,25.76,15700.0,0.0,1.0,3.0,0.0
2013-06-18,77.58,78.19,77.58,78.19,25.86,26.06,25.86,26.06,2500.0,0.0,1.0,3.0,0.0
2013-06-19,78.14,78.14,77.08,77.08,26.05,26.05,25.69,25.69,2800.0,0.0,1.0,3.0,0.0
2013-06-20,75.66,75.68,74.84,74.84,25.22,25.23,24.95,24.95,3400.0,0.0,1.0,3.0,0.0
2013-06-21,74.86,74.86,73.72,74.35,24.95,24.95,24.57,24.78,4600.0,0.31,1.0,3.0,0.0
2013-06-24,73.28,74.14,72.89,74.14,24.43,24.71,24.3,24.71,6700.0,0.0,1.0,3.0,0.0
2013-06-25,74.17,74.58,73.99,74.54,24.72,24.86,24.66,24.85,4100.0,0.0,1.0,3.0,0.0
2013-06-26,75.24,75.37,75.18,75.31,25.08,25.12,25.06,25.1,1100.0,0.0,1.0,3.0,0.0
2013-06-27,75.86,76.25,75.52,76.19,25.29,25.42,25.17,25.4,4500.0,0.0,1.0,3.0,0.0
2013-06-28,76.25,76.49,76.07,76.07,25.42,25.5,25.36,25.36,2200.0,0.0,1.0,3.0,0.0
2013-07-01,78.54,78.54,76.61,77.1,26.18,26.18,25.54,25.7,1200.0,0.0,1.0,3.0,0.0
2013-07-02,77.1,77.45,76.37,76.61,25.7,25.82,25.46,25.54,5900.0,0.0,1.0,3.0,0.0
2013-07-03,76.62,76.88,76.59,76.78,25.54,25.63,25.53,25.59,700.0,0.0,1.0,3.0,0.0
2013-07-05,76.78,76.78,76.78,76.78,25.59,25.59,25.59,25.59,0.0,0.0,1.0,3.0,0.0
2013-07-08,77.82,78.13,77.77,77.77,25.94,26.04,25.92,25.92,4900.0,0.0,1.0,3.0,0.0
2013-07-09,77.36,78.65,77.36,78.37,25.79,26.22,25.79,26.12,3900.0,0.0,1.0,3.0,7.78
2013-07-10,78.42,78.6,78.4,78.45,26.14,26.2,26.13,26.15,2700.0,0.0,1.0,3.0,0.0
2013-07-11,79.29,79.49,79.29,79.49,26.43,26.5,26.43,26.5,600.0,0.0,1.0,3.0,0.0
2013-07-12,79.95,80.06,79.74,79.9,26.65,26.69,26.58,26.63,2400.0,0.0,1.0,3.0,0.0
2013-07-15,80.17,80.3,80.17,80.27,26.72,26.77,26.72,26.76,1000.0,0.0,1.0,3.0,0.0
2013-07-16,80.0,80.0,79.7,79.85,26.67,26.67,26.57,26.62,12800.0,0.0,1.0,3.0,0.0
2013-07-17,79.83,80.25,79.83,80.02,26.61,26.75,26.61,26.67,63200.0,0.0,1.0,3.0,0.0
2013-07-18,80.41,80.9,80.41,80.72,26.8,26.97,26.8,26.91,2900.0,0.0,1.0,3.0,0.0
2013-07-19,80.71,80.77,80.7,80.7,26.9,26.92,26.9,26.9,65600.0,0.0,1.0,3.0,0.0
2013-07-22,81.3,81.3,80.78,81.12,27.1,27.1,26.93,27.04,2700.0,0.0,1.0,3.0,0.0
2013-07-23,81.44,81.44,81.0,81.04,27.15,27.15,27.0,27.01,6800.0,0.0,1.0,3.0,0.0
2013-07-24,80.85,80.85,80.38,80.38,26.95,26.95,26.79,26.79,3200.0,0.0,1.0,3.0,0.0
2013-07-25,80.75,81.23,80.59,81.23,26.92,27.08,26.86,27.08,9500.0,0.0,1.0,3.0,0.0
2013-07-26,80.96,80.96,80.51,80.95,26.99,26.99,26.84,26.98,38600.0,0.0,1.0,3.0,0.0
2013-07-29,80.75,80.95,80.52,80.52,26.92,26.98,26.84,26.84,1700.0,0.0,1.0,3.0,-12.15
2013-07-30,80.77,81.11,80.77,80.91,26.92,27.04,26.92,26.97,39200.0,0.0,1.0,3.0,0.0
2013-07-31,81.18,81.45,81.16,81.45,27.06,27.15,27.05,27.15,2300.0,0.0,1.0,3.0,-8.09
2013-08-01,81.97,82.5,81.97,82.4,27.32,27.5,27.32,27.47,5600.0,0.0,1.0,3.0,0.0
2013-08-02,82.28,82.46,82.28,82.46,27.43,27.49,27.43,27.49,1900.0,0.0,1.0,3.0,0.0
2013-08-05,82.36,82.67,82.36,82.49,27.45,27.56,27.45,27.5,1400.0,0.0,1.0,3.0,0.0
2013-08-06,81.81,81.83,81.81,81.83,27.27,27.28,27.27,27.28,400.0,0.0,1.0,3.0,0.0
2013-08-07,81.1,81.39,81.1,81.21,27.03,27.13,27.03,27.07,5200.0,0.0,1.0,3.0,0.0
2013-08-08,81.21,81.21,81.21,81.21,27.07,27.07,27.07,27.07,0.0,0.0,1.0,3.0,0.0
2013-08-09,81.8,81.95,81.66,81.77,27.27,27.32,27.22,27.26,3600.0,0.0,1.0,3.0,0.0
2013-08-12,81.35,81.84,81.35,81.84,27.12,27.28,27.12,27.28,1800.0,0.0,1.0,3.0,0.0
2013-08-13,82.07,82.07,81.58,81.8,27.36,27.36,27.19,27.27,3500.0,0.0,1.0,3.0,0.0
2013-08-14,81.45,81.45,81.43,81.43,27.15,27.15,27.14,27.14,1900.0,0.0,1.0,3.0,0.0
2013-08-15,80.82,80.82,79.86,79.87,26.94,26.94,26.62,26.62,3100.0,0.0,1.0,3.0,0.0
2013-08-16,79.67,79.99,79.53,79.85,26.56,26.66,26.51,26.62,27200.0,0.0,1.0,3.0,0.0
2013-08-19,79.47,79.6,78.93,78.93,26.49,26.53,26.31,26.31,67400.0,0.0,1.0,3.0,0.0
2013-08-20,79.91,80.09,79.84,80.04,26.64,26.7,26.61,26.68,89400.0,0.0,1.0,3.0,0.0
2013-08-21,79.79,80.24,79.47,79.64,26.6,26.75,26.49,26.55,36100.0,0.0,1.0,3.0,0.0
2013-08-22,79.91,80.59,78.7,80.47,26.64,26.86,26.23,26.82,32300.0,0.0,1.0,3.0,-7.96
2013-08-23,80.53,80.83,80.53,80.83,26.84,26.94,26.84,26.94,2800.0,0.0,1.0,3.0,0.0
2013-08-26,80.88,81.32,80.88,80.93,26.96,27.11,26.96,26.98,6900.0,0.0,1.0,3.0,0.0
2013-08-27,79.79,79.79,79.26,79.26,26.6,26.6,26.42,26.42,3200.0,0.0,1.0,3.0,0.0
2013-08-28,79.54,79.54,79.34,79.45,26.51,26.51,26.45,26.48,3800.0,0.0,1.0,3.0,0.0
2013-08-29,80.19,80.19,79.95,79.95,26.73,26.73,26.65,26.65,800.0,0.0,1.0,3.0,0.0
2013-08-30,79.08,79.08,79.08,79.08,26.36,26.36,26.36,26.36,200.0,0.0,1.0,3.0,0.0
2013-09-03,80.28,80.28,79.04,79.04,26.76,26.76,26.35,26.35,1600.0,0.0,1.0,3.0,0.0
2013-09-04,79.81,80.16,79.81,80.16,26.6,26.72,26.6,26.72,5300.0,0.0,1.0,3.0,0.0
2013-09-05,80.48,80.49,80.4,80.46,26.83,26.83,26.8,26.82,2200.0,0.0,1.0,3.0,0.0
2013-09-06,79.61,80.69,79.61,80.69,26.54,26.9,26.54,26.9,400.0,0.0,1.0,3.0,0.0
2013-09-09,81.51,81.51,81.51,81.51,27.17,27.17,27.17,27.17,700.0,0.0,1.0,3.0,0.0
2013-09-10,82.19,82.19,82.19,82.19,27.4,27.4,27.4,27.4,200.0,0.0,1.0,3.0,0.0
2013-09-11,82.23,82.68,82.21,82.49,27.41,27.56,27.4,27.5,1300.0,0.0,1.0,3.0,0.0
2013-09-12,82.8,82.8,82.2,82.25,27.6,27.6,27.4,27.42,17200.0,0.0,1.0,3.0,0.0
2013-09-13,82.18,82.45,82.16,82.32,27.39,27.48,27.39,27.44,19400.0,0.0,1.0,3.0,0.0
2013-09-16,83.38,83.38,82.64,82.64,27.79,27.79,27.55,27.55,1800.0,0.0,1.0,3.0,0.0
2013-09-17,82.2,83.38,82.2,83.38,27.4,27.79,27.4,27.79,3700.0,0.0,1.0,3.0,0.0
2013-09-18,83.62,84.39,83.09,84.29,27.87,28.13,27.7,28.1,2500.0,0.0,1.0,3.0,0.0
2013-09-19,84.34,84.45,84.12,84.17,28.11,28.15,28.04,28.06,12600.0,0.0,1.0,3.0,0.0
2013-09-20,83.69,83.69,83.59,83.59,27.9,27.9,27.86,27.86,300.0,0.0,1.0,3.0,0.0
2013-09-23,83.49,83.49,83.02,83.25,27.83,27.83,27.67,27.75,900.0,0.0,1.0,3.0,0.0
2013-09-24,83.57,83.66,83.5,83.5,27.86,27.89,27.83,27.83,1800.0,0.0,1.0,3.0,0.0
2013-09-25,83.21,83.57,83.21,83.57,27.74,27.86,27.74,27.86,500.0,0.0,1.0,3.0,0.0
2013-09-26,83.54,83.81,83.54,83.78,27.85,27.94,27.85,27.93,1700.0,0.0,1.0,3.0,0.0
2013-09-27,83.68,83.81,83.58,83.72,27.89,27.94,27.86,27.91,1600.0,0.0,1.0,3.0,0.0
2013-09-30,82.76,83.61,82.55,83.41,27.59,27.87,27.52,27.8,3400.0,0.0,1.0,3.0,0.0
2013-10-01,83.87,84.74,83.87,84.43,27.96,28.25,27.96,28.14,8500.0,0.0,1.0,3.0,0.0
2013-10-02,84.08,84.48,84.08,84.34,28.03,28.16,28.03,28.11,2100.0,0.0,1.0,3.0,0.0
2013-10-03,83.55,83.75,83.2,83.61,27.85,27.92,27.73,27.87,7400.0,0.0,1.0,3.0,0.0
2013-10-04,83.94,84.46,83.92,84.3,27.98,28.15,27.97,28.1,4500.0,0.0,1.0,3.0,0.0
2013-10-07,83.77,84.04,83.65,83.75,27.92,28.01,27.88,27.92,1500.0,0.0,1.0,3.0,0.0
2013-10-08,83.2,83.22,81.98,81.98,27.73,27.74,27.33,27.33,2800.0,0.0,1.0,3.0,0.0
2013-10-09,81.76,81.85,81.43,81.52,27.25,27.28,27.14,27.17,4500.0,0.0,1.0,3.0,0.0
2013-10-10,83.03,83.37,82.83,83.28,27.68,27.79,27.61,27.76,1300.0,0.0,1.0,3.0,0.0
2013-10-11,83.39,84.25,83.39,84.24,27.8,28.08,27.8,28.08,3900.0,0.0,1.0,3.0,0.0
2013-10-14,85.16,85.16,83.59,84.58,28.39,28.39,27.86,28.19,13200.0,0.0,1.0,3.0,0.0
2013-10-15,84.73,84.73,84.04,84.04,28.24,28.24,28.01,28.01,2900.0,0.0,1.0,3.0,0.0
2013-10-16,85.0,85.14,84.85,85.09,28.33,28.38,28.28,28.36,4400.0,0.0,1.0,3.0,0.0
2013-10-17,84.88,85.9,84.86,85.86,28.29,28.63,28.29,28.62,8200.0,0.0,1.0,3.0,0.0
2013-10-18,86.61,86.61,86.22,86.53,28.87,28.87,28.74,28.84,3600.0,0.0,1.0,3.0,0.0
2013-10-21,86.87,86.87,86.38,86.5,28.96,28.96,28.79,28.83,3500.0,0.0,1.0,3.0,0.0
2013-10-22,86.84,87.08,86.69,86.89,28.95,29.03,28.9,28.96,10200.0,0.0,1.0,3.0,0.0
2013-10-23,86.55,86.55,86.03,86.47,28.85,28.85,28.68,28.82,6100.0,0.0,1.0,3.0,0.0
2013-10-24,86.57,86.57,86.55,86.55,28.86,28.86,28.85,28.85,400.0,0.0,1.0,3.0,0.0
2013-10-25,86.98,86.98,86.61,86.95,28.99,28.99,28.87,28.98,1500.0,0.0,1.0,3.0,0.0
2013-10-28,87.1,87.12,86.49,86.68,29.03,29.04,28.83,28.89,3000.0,0.0,1.0,3.0,0.0
2013-10-29,87.0,87.0,86.62,86.62,29.0,29.0,28.87,28.87,400.0,0.0,1.0,3.0,0.0
2013-10-30,87.19,87.19,86.15,86.15,29.06,29.06,28.72,28.72,1300.0,0.0,1.0,3.0,0.0
2013-10-31,86.17,86.62,85.8,86.62,28.72,28.87,28.6,28.87,2100.0,0.0,1.0,3.0,0.0
2013-11-01,85.8,86.01,85.44,86.01,28.6,28.67,28.48,28.67,1500.0,0.0,1.0,3.0,0.0
2013-11-04,86.32,86.61,86.1,86.6,28.77,28.87,28.7,28.87,3300.0,0.0,1.0,3.0,0.0
2013-11-05,85.67,86.57,85.67,86.57,28.56,28.86,28.56,28.86,1600.0,0.0,1.0,3.0,0.0
2013-11-06,86.68,86.68,85.89,86.05,28.89,28.89,28.63,28.68,2000.0,0.0,1.0,3.0,0.0
2013-11-07,86.28,86.28,84.47,84.52,28.76,28.76,28.16,28.17,2400.0,0.0,1.0,3.0,0.0
2013-11-08,85.11,85.46,85.11,85.46,28.37,28.49,28.37,28.49,3200.0,0.0,1.0,3.0,0.0
2013-11-11,85.75,86.05,85.75,85.98,28.58,28.68,28.58,28.66,2600.0,0.0,1.0,3.0,0.0
2013-11-12,85.92,85.92,85.47,85.87,28.64,28.64,28.49,28.62,2100.0,0.0,1.0,3.0,0.0
2013-11-13,86.0,86.77,85.9,86.77,28.67,28.92,28.63,28.92,900.0,0.0,1.0,3.0,0.0
2013-11-14,86.7,87.07,86.57,86.96,28.9,29.02,28.86,28.99,2400.0,0.0,1.0,3.0,0.0
2013-11-15,87.05,87.44,87.05,87.44,29.02,29.15,29.02,29.15,2600.0,0.0,1.0,3.0,0.0
2013-11-18,87.28,87.6,86.5,86.63,29.09,29.2,28.83,28.88,1800.0,0.0,1.0,3.0,0.0
2013-11-19,86.32,86.78,85.76,86.0,28.77,28.93,28.59,28.67,3400.0,0.0,1.0,3.0,0.0
2013-11-20,86.02,86.43,85.62,85.62,28.67,28.81,28.54,28.54,1500.0,0.0,1.0,3.0,0.0
2013-11-21,86.4,86.94,86.4,86.94,28.8,28.98,28.8,28.98,400.0,0.0,1.0,3.0,0.0
2013-11-22,87.31,87.51,87.08,87.51,29.1,29.17,29.03,29.17,18600.0,0.0,1.0,3.0,0.0
2013-11-25,86.85,87.42,86.85,87.14,28.95,29.14,28.95,29.05,12500.0,0.0,1.0,3.0,0.0
2013-11-26,87.33,87.86,87.33,87.74,29.11,29.29,29.11,29.25,2500.0,0.0,1.0,3.0,0.0
2013-11-27,87.86,88.09,87.79,88.09,29.29,29.36,29.26,29.36,600.0,0.0,1.0,3.0,0.0
2013-11-29,88.2,88.2,88.2,88.2,29.4,29.4,29.4,29.4,200.0,0.0,1.0,3.0,0.0
2013-12-02,88.06,88.12,87.52,87.56,29.35,29.37,29.17,29.19,1900.0,0.0,1.0,3.0,0.0
2013-12-03,87.29,87.53,86.76,86.76,29.1,29.18,28.92,28.92,11400.0,0.0,1.0,3.0,0.0
2013-12-04,86.94,87.07,86.5,87.07,28.98,29.02,28.83,29.02,1200.0,0.0,1.0,3.0,0.0
2013-12-05,87.05,87.23,87.0,87.23,29.02,29.08,29.0,29.08,2600.0,0.0,1.0,3.0,0.0
2013-12-06,88.0,88.05,88.0,88.05,29.33,29.35,29.33,29.35,1800.0,0.0,1.0,3.0,0.0
2013-12-09,87.8,87.84,87.55,87.7,29.27,29.28,29.18,29.23,3100.0,0.0,1.0,3.0,0.0
2013-12-10,87.74,87.95,87.4,87.4,29.25,29.32,29.13,29.13,3400.0,0.0,1.0,3.0,0.0
2013-12-11,87.66,87.66,86.9,87.02,29.22,29.22,28.97,29.01,1800.0,0.0,1.0,3.0,0.0
2013-12-12,86.26,86.26,86.05,86.05,28.75,28.75,28.68,28.68,1900.0,0.0,1.0,3.0,0.0
2013-12-13,86.76,86.81,86.56,86.56,28.92,28.94,28.85,28.85,600.0,0.0,1.0,3.0,0.0
2013-12-16,87.31,87.42,87.1,87.42,29.1,29.14,29.03,29.14,2700.0,0.0,1.0,3.0,0.0
2013-12-17,87.08,87.43,87.08,87.36,29.03,29.14,29.03,29.12,1300.0,0.0,1.0,3.0,0.0
2013-12-18,87.9,88.08,87.9,88.08,29.3,29.36,29.3,29.36,800.0,0.0,1.0,3.0,0.0
2013-12-19,88.0,88.0,88.0,88.0,29.33,29.33,29.33,29.33,600.0,0.0,1.0,3.0,0.0
2013-12-20,79.2,80.93,79.2,80.93,26.4,26.98,26.4,26.98,7200.0,0.0,1.0,3.0,0.0
2013-12-23,81.63,81.68,81.25,81.58,27.21,27.23,27.08,27.19,58600.0,0.0,1.0,3.0,0.0
2013-12-24,81.87,81.87,81.87,81.87,27.29,27.29,27.29,27.29,300.0,0.0,1.0,3.0,0.0
2013-12-26,82.26,82.43,81.9,82.16,27.42,27.48,27.3,27.39,4000.0,0.0,1.0,3.0,0.0
2013-12-27,83.74,83.74,81.9,82.08,27.91,27.91,27.3,27.36,2300.0,0.0,1.0,3.0,0.0
2013-12-30,82.05,82.26,81.92,82.02,27.35,27.42,27.31,27.34,1700.0,0.0,1.0,3.0,0.0
2013-12-31,82.37,82.55,82.23,82.55,27.46,27.52,27.41,27.52,5800.0,0.0,1.0,3.0,0.0
2014-01-02,82.23,82.23,81.31,81.64,27.41,27.41,27.1,27.21,11500.0,0.0,1.0,3.0,0.0
2014-01-03,81.91,82.06,81.57,82.02,27.3,27.35,27.19,27.34,6700.0,0.0,1.0,3.0,0.0
2014-01-06,82.3,82.3,81.26,81.51,27.43,27.43,27.09,27.17,2800.0,0.0,1.0,3.0,0.0
2014-01-07,81.8,82.34,81.8,82.08,27.27,27.45,27.27,27.36,3400.0,0.0,1.0,3.0,0.0
2014-01-08,81.97,82.23,81.97,82.0,27.32,27.41,27.32,27.33,1700.0,0.0,1.0,3.0,0.0
2014-01-09,82.68,82.68,82.01,82.09,27.56,27.56,27.34,27.36,4400.0,0.0,1.0,3.0,0.0
2014-01-10,82.31,82.75,82.29,82.61,27.44,27.58,27.43,27.54,1500.0,0.0,1.0,3.0,0.0
2014-01-13,82.75,82.75,81.43,81.63,27.58,27.58,27.14,27.21,7000.0,0.0,1.0,3.0,0.0
2014-01-14,81.86,82.84,81.3,82.84,27.29,27.61,27.1,27.61,1500.0,0.0,1.0,3.0,0.0
2014-01-15,83.02,83.19,82.97,83.03,27.67,27.73,27.66,27.68,2700.0,0.0,1.0,3.0,0.0
2014-01-16,82.97,83.18,82.9,83.05,27.66,27.73,27.63,27.68,47900.0,0.0,1.0,3.0,0.0
2014-01-17,83.15,83.27,82.87,82.87,27.72,27.76,27.62,27.62,6800.0,0.0,1.0,3.0,0.0
2014-01-21,83.55,83.55,82.92,83.08,27.85,27.85,27.64,27.69,6000.0,0.0,1.0,3.0,0.0
2014-01-22,83.51,83.79,83.42,83.71,27.84,27.93,27.81,27.9,2500.0,0.0,1.0,3.0,0.0
2014-01-23,83.4,83.4,82.73,82.78,27.8,27.8,27.58,27.59,4100.0,0.0,1.0,3.0,0.0
2014-01-24,82.68,82.68,80.85,80.85,27.56,27.56,26.95,26.95,8000.0,0.0,1.0,3.0,0.0
2014-01-27,81.0,81.0,79.63,80.5,27.0,27.0,26.54,26.83,8100.0,0.0,1.0,3.0,0.0
2014-01-28,80.6,80.86,80.58,80.86,26.87,26.95,26.86,26.95,3000.0,0.0,1.0,3.0,0.0
2014-01-29,80.38,80.51,79.52,79.89,26.79,26.84,26.51,26.63,4400.0,0.0,1.0,3.0,0.0
2014-01-30,80.72,81.32,80.65,81.06,26.91,27.11,26.88,27.02,3300.0,0.0,1.0,3.0,0.0
2014-01-31,80.98,81.08,80.91,81.0,26.99,27.03,26.97,27.0,2700.0,0.0,1.0,3.0,0.0
2014-02-03,80.07,80.07,77.92,78.18,26.69,26.69,25.97,26.06,19800.0,0.0,1.0,3.0,0.0
2014-02-04,78.38,79.12,78.38,78.87,26.13,26.37,26.13,26.29,5500.0,0.0,1.0,3.0,0.0
2014-02-05,78.7,78.7,78.09,78.64,26.23,26.23,26.03,26.21,4300.0,0.0,1.0,3.0,0.0
2014-02-06,79.3,79.46,79.3,79.46,26.43,26.49,26.43,26.49,2000.0,0.0,1.0,3.0,0.0
2014-02-07,80.02,80.38,79.68,80.29,26.67,26.79,26.56,26.76,2300.0,0.0,1.0,3.0,0.0
2014-02-10,80.31,80.33,80.31,80.33,26.77,26.78,26.77,26.78,800.0,0.0,1.0,3.0,0.0
2014-02-11,81.04,81.44,81.04,81.41,27.01,27.15,27.01,27.14,4300.0,0.0,1.0,3.0,0.0
2014-02-12,81.97,82.02,81.48,81.7,27.32,27.34,27.16,27.23,4600.0,0.0,1.0,3.0,0.0
2014-02-13,82.03,82.58,82.03,82.58,27.34,27.53,27.34,27.53,1100.0,0.0,1.0,3.0,0.0
2014-02-14,82.61,82.89,82.36,82.85,27.54,27.63,27.45,27.62,3300.0,0.0,1.0,3.0,0.0
2014-02-18,82.91,83.57,82.85,83.57,27.64,27.86,27.62,27.86,4256.0,0.0,1.0,3.0,0.0
2014-02-19,83.64,83.64,83.22,83.22,27.88,27.88,27.74,27.74,1269.0,0.0,1.0,3.0,0.0
2014-02-20,82.92,83.26,82.92,83.26,27.64,27.75,27.64,27.75,819.0,0.0,1.0,3.0,0.0
2014-02-21,83.89,84.08,83.82,83.82,27.96,28.03,27.94,27.94,2413.0,0.0,1.0,3.0,0.0
2014-02-24,83.87,84.65,83.87,84.62,27.96,28.22,27.96,28.21,1773.0,0.0,1.0,3.0,0.0
2014-02-25,84.59,84.61,84.07,84.52,28.2,28.2,28.02,28.17,1364.0,0.0,1.0,3.0,0.0
2014-02-26,85.11,85.11,84.49,84.73,28.37,28.37,28.16,28.24,898.0,0.0,1.0,3.0,0.0
2014-02-27,84.51,84.86,84.51,84.86,28.17,28.29,28.17,28.29,1256.0,0.0,1.0,3.0,0.0
2014-02-28,84.85,85.0,84.85,85.0,28.28,28.33,28.28,28.33,938.0,0.0,1.0,3.0,0.0
2014-03-03,84.52,84.63,84.11,84.33,28.17,28.21,28.04,28.11,1576.0,0.0,1.0,3.0,0.0
2014-03-04,86.0,86.33,86.0,86.23,28.67,28.78,28.67,28.74,6439.0,0.0,1.0,3.0,0.0
2014-03-05,86.12,86.12,85.91,86.05,28.71,28.71,28.64,28.68,1025.0,0.0,1.0,3.0,0.0
2014-03-06,86.16,86.16,86.04,86.04,28.72,28.72,28.68,28.68,648.0,0.0,1.0,3.0,0.0
2014-03-07,85.97,85.97,85.85,85.85,28.66,28.66,28.62,28.62,1222.0,0.0,1.0,3.0,0.0
2014-03-10,85.25,85.59,85.25,85.59,28.42,28.53,28.42,28.53,2044.0,0.0,1.0,3.0,0.0
2014-03-11,85.63,85.63,84.05,85.18,28.54,28.54,28.02,28.39,667.0,0.0,1.0,3.0,0.0
2014-03-12,84.33,85.12,84.33,85.12,28.11,28.37,28.11,28.37,2834.0,0.0,1.0,3.0,0.0
2014-03-13,84.99,84.99,84.0,84.37,28.33,28.33,28.0,28.12,1310.0,0.0,1.0,3.0,0.0
2014-03-14,84.65,84.65,84.37,84.37,28.22,28.22,28.12,28.12,712.0,0.0,1.0,3.0,0.0
2014-03-17,85.08,85.23,84.8,85.07,28.36,28.41,28.27,28.36,1815.0,0.0,1.0,3.0,0.0
2014-03-18,85.51,85.77,85.48,85.77,28.5,28.59,28.49,28.59,1568.0,0.0,1.0,3.0,0.0
2014-03-19,85.81,85.81,85.11,85.11,28.6,28.6,28.37,28.37,2806.0,0.0,1.0,3.0,0.0
2014-03-20,85.11,85.11,85.11,85.11,28.37,28.37,28.37,28.37,272.0,0.0,1.0,3.0,0.0
2014-03-21,85.37,85.94,85.12,85.16,28.46,28.65,28.37,28.39,2132.0,0.0,1.0,3.0,0.0
2014-03-24,83.93,83.93,83.44,83.44,27.98,27.98,27.81,27.81,2436.0,0.0,1.0,3.0,0.0
2014-03-25,84.45,84.64,83.99,84.16,28.15,28.21,28.0,28.05,3384.0,0.0,1.0,3.0,0.0
2014-03-26,84.0,84.0,83.76,83.76,28.0,28.0,27.92,27.92,2408.0,0.0,1.0,3.0,0.0
2014-03-27,82.9,82.9,82.27,82.43,27.63,27.63,27.42,27.48,3137.0,0.0,1.0,3.0,0.0
2014-03-28,83.28,83.59,83.28,83.59,27.76,27.86,27.76,27.86,572.0,0.0,1.0,3.0,0.0
2014-03-31,83.68,84.07,83.68,84.07,27.89,28.02,27.89,28.02,3829.0,0.0,1.0,3.0,0.0
2014-04-01,84.6,84.96,84.6,84.73,28.2,28.32,28.2,28.24,2311.0,0.0,1.0,3.0,0.0
2014-04-02,85.08,85.34,85.08,85.34,28.36,28.45,28.36,28.45,2101.0,0.0,1.0,3.0,0.0
2014-04-03,85.18,85.18,84.85,84.85,28.39,28.39,28.28,28.28,1921.0,0.0,1.0,3.0,0.0
2014-04-04,85.34,85.34,84.0,84.0,28.45,28.45,28.0,28.0,760.0,0.0,1.0,3.0,0.0
2014-04-07,82.81,82.81,81.55,81.56,27.6,27.6,27.18,27.19,2469.0,0.0,1.0,3.0,0.0
2014-04-08,82.09,82.28,81.89,82.28,27.36,27.43,27.3,27.43,1968.0,0.0,1.0,3.0,0.0
2014-04-09,82.36,83.4,82.36,83.4,27.45,27.8,27.45,27.8,1408.0,0.0,1.0,3.0,0.0
2014-04-10,83.26,83.39,81.5,81.53,27.75,27.8,27.17,27.18,2069.0,0.0,1.0,3.0,0.0
2014-04-11,80.5,80.6,80.45,80.48,26.83,26.87,26.82,26.83,967.0,0.0,1.0,3.0,0.0
2014-04-14,80.79,81.07,80.0,80.0,26.93,27.02,26.67,26.67,2036.0,0.0,1.0,3.0,0.0
2014-04-15,80.78,80.78,80.78,80.78,26.93,26.93,26.93,26.93,760.0,0.0,1.0,3.0,0.0
2014-04-16,81.43,81.45,81.37,81.45,27.14,27.15,27.12,27.15,1492.0,0.0,1.0,3.0,0.0
2014-04-17,81.78,82.21,81.78,82.21,27.26,27.4,27.26,27.4,2094.0,0.0,1.0,3.0,0.0
2014-04-21,82.19,82.43,82.14,82.38,27.4,27.48,27.38,27.46,972.0,0.0,1.0,3.0,0.0
2014-04-22,82.9,83.94,82.72,83.53,27.63,27.98,27.57,27.84,3036.0,0.0,1.0,3.0,0.0
2014-04-23,83.14,83.14,83.02,83.02,27.71,27.71,27.67,27.67,674.0,0.0,1.0,3.0,0.0
2014-04-24,83.65,83.65,82.48,82.76,27.88,27.88,27.49,27.59,4192.0,0.0,1.0,3.0,0.0
2014-04-25,81.95,81.95,81.95,81.95,27.32,27.32,27.32,27.32,380.0,0.0,1.0,3.0,0.0
2014-04-28,82.03,82.03,80.68,81.21,27.34,27.34,26.89,27.07,1476.0,0.0,1.0,3.0,0.0
2014-04-29,81.53,81.87,81.45,81.72,27.18,27.29,27.15,27.24,7881.0,0.0,1.0,3.0,0.0
2014-04-30,81.22,81.69,81.22,81.69,27.07,27.23,27.07,27.23,794.0,0.0,1.0,3.0,0.0
2014-05-01,82.13,82.73,81.68,82.2,27.38,27.58,27.23,27.4,6371.0,0.0,1.0,3.0,0.0
2014-05-02,82.5,82.63,82.35,82.4,27.5,27.54,27.45,27.47,682.0,0.0,1.0,3.0,0.0
2014-05-05,81.79,82.48,81.79,82.33,27.26,27.49,27.26,27.44,2068.0,0.0,1.0,3.0,0.0
2014-05-06,82.33,82.33,82.33,82.33,27.44,27.44,27.44,27.44,288.0,0.0,1.0,3.0,0.0
2014-05-07,81.53,81.65,81.37,81.58,27.18,27.22,27.12,27.19,919.0,0.0,1.0,3.0,-8.15
2014-05-08,81.83,82.03,80.67,80.82,27.28,27.34,26.89,26.94,1787.0,0.0,1.0,3.0,0.0
2014-05-09,80.71,81.35,80.71,81.35,26.9,27.12,26.9,27.12,5030.0,0.0,1.0,3.0,0.0
2014-05-12,81.99,82.95,81.99,82.78,27.33,27.65,27.33,27.59,5916.0,0.0,1.0,3.0,0.0
2014-05-13,82.91,83.0,82.58,82.68,27.64,27.67,27.53,27.56,2486.0,0.0,1.0,3.0,0.0
2014-05-14,82.02,82.17,81.75,81.75,27.34,27.39,27.25,27.25,2219.0,0.0,1.0,3.0,0.0
2014-05-15,81.0,81.0,79.91,80.77,27.0,27.0,26.64,26.92,2725.0,0.0,1.0,3.0,0.0
2014-05-16,80.92,81.18,80.59,81.18,26.97,27.06,26.86,27.06,2979.0,0.0,1.0,3.0,0.0
2014-05-19,81.0,82.05,81.0,82.05,27.0,27.35,27.0,27.35,981.0,0.0,1.0,3.0,0.0
2014-05-20,81.32,81.32,80.62,80.62,27.11,27.11,26.87,26.87,1075.0,0.0,1.0,3.0,0.0
2014-05-21,81.03,81.57,81.03,81.44,27.01,27.19,27.01,27.15,2447.0,0.0,1.0,3.0,0.0
2014-05-22,82.07,82.43,82.03,82.33,27.36,27.48,27.34,27.44,3167.0,0.0,1.0,3.0,0.0
2014-05-23,81.89,82.78,81.89,82.6,27.3,27.59,27.3,27.53,3255.0,0.0,1.0,3.0,0.0
2014-05-27,83.0,83.62,82.88,83.31,27.67,27.87,27.63,27.77,5625.0,0.0,1.0,3.0,0.0
2014-05-28,83.41,83.51,83.41,83.51,27.8,27.84,27.8,27.84,1289.0,0.0,1.0,3.0,0.0
2014-05-29,83.47,83.62,83.11,83.27,27.82,27.87,27.7,27.76,2853.0,0.0,1.0,3.0,0.0
2014-05-30,83.72,83.75,83.65,83.65,27.91,27.92,27.88,27.88,6099.0,0.0,1.0,3.0,0.0
2014-06-02,83.72,83.72,83.3,83.5,27.91,27.91,27.77,27.83,835.0,0.0,1.0,3.0,0.0
2014-06-03,82.89,83.53,82.89,83.32,27.63,27.84,27.63,27.77,10532.0,0.0,1.0,3.0,0.0
2014-06-04,83.11,83.82,83.11,83.82,27.7,27.94,27.7,27.94,2524.0,0.0,1.0,3.0,0.0
2014-06-05,84.8,84.8,84.8,84.8,28.27,28.27,28.27,28.27,327.0,0.0,1.0,3.0,0.0
2014-06-06,84.91,85.55,84.77,85.55,28.3,28.52,28.26,28.52,1344.0,0.0,1.0,3.0,0.0
2014-06-09,85.9,85.9,85.73,85.73,28.63,28.63,28.58,28.58,677.0,0.0,1.0,3.0,0.0
2014-06-10,85.6,85.6,85.22,85.4,28.53,28.53,28.41,28.47,2096.0,0.0,1.0,3.0,0.0
2014-06-11,85.2,85.42,84.94,85.17,28.4,28.47,28.31,28.39,3974.0,0.0,1.0,3.0,0.0
2014-06-12,84.82,84.88,84.8,84.88,28.27,28.29,28.27,28.29,1418.0,0.0,1.0,3.0,0.0
2014-06-13,85.11,85.17,84.12,84.8,28.37,28.39,28.04,28.27,2252.0,0.0,1.0,3.0,0.0
2014-06-16,84.84,85.19,84.6,85.13,28.28,28.4,28.2,28.38,3082.0,0.0,1.0,3.0,0.0
2014-06-17,86.1,86.12,86.04,86.1,28.7,28.71,28.68,28.7,7695.0,0.0,1.0,3.0,0.0
2014-06-18,85.87,86.09,85.54,86.09,28.62,28.7,28.51,28.7,3313.0,0.0,1.0,3.0,0.0
2014-06-19,86.09,86.3,86.09,86.19,28.7,28.77,28.7,28.73,1300.0,0.0,1.0,3.0,0.0
2014-06-20,86.37,86.41,86.01,86.41,28.79,28.8,28.67,28.8,903.0,0.0,1.0,3.0,0.0
2014-06-23,86.55,86.55,86.09,86.09,28.85,28.85,28.7,28.7,386.0,0.0,1.0,3.0,0.0
2014-06-24,86.3,86.76,85.92,86.0,28.77,28.92,28.64,28.67,2741.0,0.0,1.0,3.0,0.0
2014-06-25,85.44,85.88,85.44,85.88,28.48,28.63,28.48,28.63,1452.0,0.0,1.0,3.0,0.0
2014-06-26,85.99,85.99,85.79,85.79,28.66,28.66,28.6,28.6,512.0,0.0,1.0,3.0,0.0
2014-06-27,85.86,86.4,85.86,86.1,28.62,28.8,28.62,28.7,1119.0,0.0,1.0,3.0,0.0
2014-06-30,86.22,86.8,86.22,86.79,28.74,28.93,28.74,28.93,2826.0,0.0,1.0,3.0,0.0
2014-07-01,87.41,87.41,87.34,87.34,29.14,29.14,29.11,29.11,852.0,0.0,1.0,3.0,0.0
2014-07-02,87.32,87.53,87.28,87.53,29.11,29.18,29.09,29.18,1398.0,0.0,1.0,3.0,0.0
2014-07-03,87.5,87.5,87.34,87.34,29.17,29.17,29.11,29.11,1773.0,0.0,1.0,3.0,0.0
2014-07-07,87.08,87.08,86.55,86.55,29.03,29.03,28.85,28.85,2533.0,0.0,1.0,3.0,0.0
2014-07-08,86.0,86.0,85.12,85.46,28.67,28.67,28.37,28.49,4360.0,0.0,1.0,3.0,0.0
2014-07-09,85.89,85.89,85.46,85.62,28.63,28.63,28.49,28.54,1200.0,0.0,1.0,3.0,0.0
2014-07-10,84.29,85.39,84.04,85.31,28.1,28.46,28.01,28.44,4948.0,0.0,1.0,3.0,0.0
2014-07-11,84.87,84.92,84.71,84.92,28.29,28.31,28.24,28.31,1209.0,0.0,1.0,3.0,0.0
2014-07-14,85.47,85.82,85.3,85.3,28.49,28.61,28.43,28.43,3299.0,0.0,1.0,3.0,0.0
2014-07-15,85.47,85.47,84.57,84.81,28.49,28.49,28.19,28.27,6794.0,0.0,1.0,3.0,0.0
2014-07-16,84.92,85.07,84.65,85.07,28.31,28.36,28.22,28.36,1630.0,0.0,1.0,3.0,0.0
2014-07-17,84.54,84.55,84.0,84.0,28.18,28.18,28.0,28.0,1319.0,0.0,1.0,3.0,0.0
2014-07-18,84.66,84.76,84.66,84.76,28.22,28.25,28.22,28.25,1096.0,0.0,1.0,3.0,0.0
2014-07-21,84.42,84.65,84.25,84.65,28.14,28.22,28.08,28.22,3125.0,0.0,1.0,3.0,0.0
2014-07-22,84.95,85.52,84.95,85.06,28.32,28.51,28.32,28.35,1110.0,0.0,1.0,3.0,0.0
2014-07-23,85.03,85.5,85.03,85.3,28.34,28.5,28.34,28.43,1177.0,0.0,1.0,3.0,0.0
2014-07-24,85.15,85.15,85.15,85.15,28.38,28.38,28.38,28.38,618.0,0.0,1.0,3.0,0.0
2014-07-25,84.87,84.87,84.66,84.73,28.29,28.29,28.22,28.24,1882.0,0.0,1.0,3.0,0.0
2014-07-28,84.54,84.61,84.4,84.4,28.18,28.2,28.13,28.14,6683.0,0.0,1.0,3.0,0.0
2014-07-29,84.57,84.92,84.34,84.62,28.19,28.31,28.11,28.21,6028.0,0.0,1.0,3.0,0.0
2014-07-30,84.6,84.8,84.34,84.8,28.2,28.27,28.11,28.27,6588.0,0.0,1.0,3.0,0.0
2014-07-31,83.19,83.76,83.0,83.37,27.73,27.92,27.67,27.79,6934.0,0.0,1.0,3.0,0.0
2014-08-01,82.99,82.99,82.01,82.84,27.66,27.66,27.34,27.61,3522.0,0.0,1.0,3.0,0.0
2014-08-04,82.46,83.23,82.45,83.23,27.49,27.74,27.48,27.74,2400.0,0.0,1.0,3.0,0.0
2014-08-05,82.76,83.34,82.76,83.34,27.59,27.78,27.59,27.78,719.0,0.0,1.0,3.0,0.0
2014-08-06,82.79,82.79,82.79,82.79,27.6,27.6,27.6,27.6,501.0,0.0,1.0,3.0,0.0
2014-08-07,82.58,82.69,82.58,82.69,27.53,27.56,27.53,27.56,894.0,0.0,1.0,3.0,0.0
2014-08-08,82.63,83.28,82.53,83.28,27.54,27.76,27.51,27.76,6429.0,0.0,1.0,3.0,0.0
2014-08-11,84.23,84.5,83.91,83.91,28.08,28.17,27.97,27.97,1422.0,0.0,1.0,3.0,0.0
2014-08-12,84.07,84.07,83.16,83.55,28.02,28.02,27.72,27.85,2163.0,0.0,1.0,3.0,0.0
2014-08-13,84.01,84.32,84.01,84.32,28.0,28.11,28.0,28.11,1280.0,0.0,1.0,3.0,0.0
2014-08-14,84.4,84.64,84.4,84.63,28.13,28.21,28.13,28.21,2215.0,0.0,1.0,3.0,0.0
2014-08-15,85.0,85.41,83.76,84.28,28.33,28.47,27.92,28.09,2921.0,0.0,1.0,3.0,0.0
2014-08-18,85.03,85.44,85.03,85.44,28.34,28.48,28.34,28.48,2139.0,0.0,1.0,3.0,0.0
2014-08-19,85.67,85.74,85.67,85.74,28.56,28.58,28.56,28.58,1913.0,0.0,1.0,3.0,0.0
2014-08-20,85.59,85.68,85.29,85.68,28.53,28.56,28.43,28.56,1173.0,0.0,1.0,3.0,0.0
2014-08-21,85.38,85.98,85.38,85.88,28.46,28.66,28.46,28.63,2414.0,0.0,1.0,3.0,0.0
2014-08-22,85.75,85.75,85.75,85.75,28.58,28.58,28.58,28.58,0.0,0.0,1.0,3.0,0.0
2014-08-25,86.6,86.6,86.19,86.26,28.87,28.87,28.73,28.75,1517.0,0.0,1.0,3.0,0.0
2014-08-26,86.5,86.69,86.5,86.66,28.83,28.9,28.83,28.89,922.0,0.0,1.0,3.0,0.0
2014-08-27,86.66,86.77,86.66,86.77,28.88,28.92,28.88,28.92,2651.0,0.0,1.0,3.0,0.0
2014-08-28,86.56,86.61,86.45,86.61,28.85,28.87,28.82,28.87,3375.0,0.0,1.0,3.0,0.0
2014-08-29,86.39,86.4,86.39,86.39,28.8,28.8,28.8,28.8,432.0,0.0,1.0,3.0,0.0
2014-09-02,86.96,87.03,86.84,86.85,28.99,29.01,28.95,28.95,1373.0,0.0,1.0,3.0,0.0
2014-09-03,87.42,87.43,86.99,86.99,29.14,29.14,29.0,29.0,872.0,0.0,1.0,3.0,0.0
2014-09-04,87.31,87.31,86.92,86.92,29.1,29.1,28.97,28.97,817.0,0.0,1.0,3.0,0.0
2014-09-05,86.92,86.92,86.92,86.92,28.97,28.97,28.97,28.97,0.0,0.0,1.0,3.0,0.0
2014-09-08,87.16,87.17,86.7,86.86,29.05,29.06,28.9,28.95,2028.0,0.0,1.0,3.0,0.0
2014-09-09,86.4,86.4,86.4,86.4,28.8,28.8,28.8,28.8,309.0,0.0,1.0,3.0,0.0
2014-09-10,86.06,86.56,86.06,86.56,28.69,28.85,28.69,28.85,1239.0,0.0,1.0,3.0,0.0
2014-09-11,86.58,86.67,86.54,86.66,28.86,28.89,28.85,28.89,1115.0,0.0,1.0,3.0,0.0
2014-09-12,86.44,86.6,85.91,85.91,28.81,28.87,28.64,28.64,839.0,0.0,1.0,3.0,0.0
2014-09-15,85.21,85.29,85.03,85.25,28.4,28.43,28.34,28.42,1693.0,0.0,1.0,3.0,0.0
2014-09-16,85.2,85.81,85.04,85.8,28.4,28.6,28.35,28.6,1757.0,0.0,1.0,3.0,0.0
2014-09-17,85.84,86.12,85.56,85.88,28.61,28.71,28.52,28.63,1564.0,0.0,1.0,3.0,0.0
2014-09-18,86.38,86.38,85.99,86.24,28.79,28.79,28.66,28.75,1690.0,0.0,1.0,3.0,0.0
2014-09-19,85.45,85.46,85.44,85.44,28.48,28.49,28.48,28.48,2573.0,0.0,1.0,3.0,0.0
2014-09-22,84.41,84.41,83.84,83.92,28.14,28.14,27.95,27.97,1531.0,0.0,1.0,3.0,0.0
2014-09-23,83.92,83.92,83.58,83.58,27.97,27.97,27.86,27.86,1730.0,0.0,1.0,3.0,0.0
2014-09-24,83.18,83.82,83.05,83.74,27.73,27.94,27.68,27.91,2326.0,0.0,1.0,3.0,0.0
2014-09-25,82.49,82.83,82.45,82.76,27.5,27.61,27.48,27.58,2659.0,0.0,1.0,3.0,0.0
2014-09-26,82.93,83.43,82.87,83.43,27.64,27.81,27.62,27.81,2049.0,0.0,1.0,3.0,0.0
2014-09-29,83.14,83.28,83.0,83.0,27.71,27.76,27.67,27.67,1633.0,0.0,1.0,3.0,0.0
2014-09-30,82.82,82.97,82.51,82.56,27.6,27.66,27.5,27.52,21275.0,0.0,1.0,3.0,0.0
2014-10-01,81.7,81.93,81.08,81.08,27.23,27.31,27.03,27.03,4783.0,0.0,1.0,3.0,0.0
2014-10-02,81.01,81.74,80.2,81.66,27.0,27.25,26.73,27.22,7160.0,0.0,1.0,3.0,0.0
2014-10-03,82.6,82.6,82.14,82.28,27.53,27.53,27.38,27.43,1059.0,0.0,1.0,3.0,0.0
2014-10-06,82.15,82.32,82.15,82.32,27.38,27.44,27.38,27.44,701.0,0.0,1.0,3.0,0.0
2014-10-07,81.56,81.56,80.89,80.89,27.19,27.19,26.96,26.96,2422.0,0.0,1.0,3.0,20.47
2014-10-08,80.2,80.2,80.2,80.2,26.73,26.73,26.73,26.73,2255.0,0.0,1.0,3.0,-20.13
2014-10-09,81.42,81.42,79.88,79.88,27.14,27.14,26.63,26.63,3435.0,0.0,1.0,3.0,0.0
2014-10-10,78.78,78.78,78.5,78.5,26.26,26.26,26.17,26.17,4366.0,0.0,1.0,3.0,0.0
2014-10-13,78.8,78.8,77.08,77.08,26.27,26.27,25.69,25.69,3591.0,0.0,1.0,3.0,0.0
2014-10-14,78.73,78.84,77.72,78.27,26.24,26.28,25.91,26.09,3392.0,0.0,1.0,3.0,0.0
2014-10-15,76.22,78.37,76.22,78.37,25.41,26.12,25.41,26.12,5161.0,0.0,1.0,3.0,0.0
2014-10-16,77.28,79.32,77.28,79.32,25.76,26.44,25.76,26.44,4796.0,0.0,1.0,3.0,0.0
2014-10-17,80.19,80.2,79.35,79.53,26.73,26.73,26.45,26.51,3483.0,0.0,1.0,3.0,0.0
2014-10-20,79.5,80.36,79.5,80.36,26.5,26.79,26.5,26.79,2050.0,0.0,1.0,3.0,0.0
2014-10-21,81.0,82.27,81.0,82.03,27.0,27.42,27.0,27.34,3464.0,0.0,1.0,3.0,0.0
2014-10-22,82.66,82.66,81.75,81.75,27.55,27.55,27.25,27.25,695.0,0.0,1.0,3.0,0.0
2014-10-23,82.12,82.7,82.12,82.32,27.37,27.57,27.37,27.44,1489.0,0.0,1.0,3.0,0.0
2014-10-24,82.32,82.7,82.32,82.52,27.44,27.57,27.44,27.51,1068.0,0.0,1.0,3.0,0.0
2014-10-27,81.89,82.52,81.89,82.52,27.3,27.51,27.3,27.51,1680.0,0.0,1.0,3.0,0.0
2014-10-28,82.8,84.21,82.8,84.21,27.6,28.07,27.6,28.07,2205.0,0.0,1.0,3.0,0.0
2014-10-29,83.72,83.97,83.72,83.97,27.91,27.99,27.91,27.99,3139.0,0.0,1.0,3.0,0.0
2014-10-30,84.01,84.49,83.69,84.49,28.0,28.16,27.9,28.16,1281.0,0.0,1.0,3.0,0.0
2014-10-31,85.92,85.92,85.29,85.5,28.64,28.64,28.43,28.5,8125.0,0.0,1.0,3.0,0.0
2014-11-03,85.67,86.44,85.55,86.31,28.56,28.81,28.52,28.77,6420.0,0.0,1.0,3.0,0.0
2014-11-04,85.17,85.41,84.92,85.4,28.39,28.47,28.31,28.47,2157.0,0.0,1.0,3.0,0.0
2014-11-05,85.4,85.43,85.21,85.28,28.47,28.48,28.4,28.43,1936.0,0.0,1.0,3.0,0.0
2014-11-06,85.54,85.55,85.45,85.55,28.51,28.52,28.48,28.52,960.0,0.0,1.0,3.0,0.0
2014-11-07,85.99,86.13,85.47,86.13,28.66,28.71,28.49,28.71,5633.0,0.0,1.0,3.0,0.0
2014-11-10,86.1,86.2,85.83,86.18,28.7,28.73,28.61,28.73,33974.0,0.0,1.0,3.0,0.0
2014-11-11,85.95,86.49,85.95,86.49,28.65,28.83,28.65,28.83,16399.0,0.0,1.0,3.0,4.31
2014-11-12,86.03,86.39,85.91,86.11,28.68,28.8,28.64,28.7,5117.0,0.0,1.0,3.0,0.0
2014-11-13,86.85,86.85,85.72,85.72,28.95,28.95,28.57,28.57,778.0,0.0,1.0,3.0,0.0
2014-11-14,86.21,86.21,85.84,85.84,28.74,28.74,28.61,28.61,609.0,0.0,1.0,3.0,0.0
2014-11-17,86.14,86.19,86.14,86.19,28.71,28.73,28.71,28.73,1844.0,0.0,1.0,3.0,0.0
2014-11-18,85.98,86.71,85.98,86.35,28.66,28.9,28.66,28.78,1601.0,0.0,1.0,3.0,0.0
2014-11-19,86.26,86.26,85.62,85.62,28.75,28.75,28.54,28.54,2306.0,0.0,1.0,3.0,0.0
2014-11-20,86.04,86.4,86.04,86.23,28.68,28.8,28.68,28.74,2496.0,0.0,1.0,3.0,0.0
2014-11-21,87.2,87.2,86.67,86.85,29.07,29.07,28.89,28.95,6325.0,0.0,1.0,3.0,0.0
2014-11-24,86.86,87.1,86.86,87.1,28.95,29.03,28.95,29.03,2644.0,0.0,1.0,3.0,0.0
2014-11-25,87.68,87.68,87.02,87.59,29.23,29.23,29.01,29.2,1721.0,0.0,1.0,3.0,0.0
2014-11-26,87.78,87.8,87.64,87.64,29.26,29.27,29.21,29.21,1514.0,0.0,1.0,3.0,0.0
2014-11-28,87.87,87.87,87.16,87.41,29.29,29.29,29.05,29.14,1118.0,0.0,1.0,3.0,0.0
2014-12-01,85.72,85.86,85.72,85.79,28.57,28.62,28.57,28.6,8627.0,0.0,1.0,3.0,0.0
2014-12-02,85.37,86.1,85.37,85.84,28.46,28.7,28.46,28.61,2476.0,0.0,1.0,3.0,0.0
2014-12-03,86.44,86.95,86.44,86.89,28.81,28.98,28.81,28.96,2021.0,0.0,1.0,3.0,0.0
2014-12-04,86.83,86.83,86.44,86.52,28.94,28.94,28.81,28.84,360.0,0.0,1.0,3.0,0.0
2014-12-05,86.95,86.95,86.81,86.81,28.98,28.98,28.94,28.94,342.0,0.0,1.0,3.0,0.0
2014-12-08,87.33,87.33,86.05,86.05,29.11,29.11,28.68,28.68,900.0,0.0,1.0,3.0,0.0
2014-12-09,85.36,86.27,85.1,86.27,28.45,28.76,28.37,28.76,3325.0,0.0,1.0,3.0,0.0
2014-12-10,85.8,85.8,85.12,85.12,28.6,28.6,28.37,28.37,855.0,0.0,1.0,3.0,0.0
2014-12-11,85.82,85.82,85.24,85.24,28.61,28.61,28.41,28.41,384.0,0.0,1.0,3.0,0.0
2014-12-12,84.86,84.86,84.53,84.62,28.29,28.29,28.18,28.21,600.0,0.0,1.0,3.0,0.0
2014-12-15,84.42,84.47,82.92,83.29,28.14,28.16,27.64,27.76,4043.0,0.0,1.0,3.0,0.0
2014-12-16,83.53,83.53,82.99,82.99,27.84,27.84,27.66,27.66,9582.0,0.0,1.0,3.0,0.0
2014-12-17,82.98,84.68,82.98,84.68,27.66,28.23,27.66,28.23,1315.0,0.0,1.0,3.0,0.0
2014-12-18,86.41,86.55,85.99,85.99,28.8,28.85,28.66,28.66,3399.0,0.0,1.0,3.0,0.0
2014-12-19,83.61,84.2,82.7,82.98,27.87,28.07,27.57,27.66,4599.0,0.0,1.0,3.0,0.0
2014-12-22,83.51,83.61,83.08,83.6,27.84,27.87,27.69,27.87,23123.0,0.0,1.0,3.0,0.0
2014-12-23,84.02,84.08,83.56,83.81,28.01,28.03,27.85,27.94,22230.0,0.0,1.0,3.0,0.0
2014-12-24,83.96,84.22,83.8,83.8,27.99,28.07,27.93,27.93,2813.0,0.0,1.0,3.0,0.0
2014-12-26,84.6,84.6,84.6,84.6,28.2,28.2,28.2,28.2,393.0,0.0,1.0,3.0,0.0
2014-12-29,84.1,84.85,84.1,84.82,28.03,28.28,28.03,28.27,995.0,0.0,1.0,3.0,0.0
2014-12-30,84.76,84.76,84.21,84.35,28.25,28.25,28.07,28.12,2788.0,0.0,1.0,3.0,0.0
2014-12-31,84.87,84.87,83.86,84.38,28.29,28.29,27.95,28.13,9082.0,0.0,1.0,3.0,0.0
2015-01-02,84.14,84.14,83.05,83.14,28.05,28.05,27.68,27.71,5351.0,0.0,1.0,3.0,0.0
2015-01-05,83.0,83.1,82.0,82.05,27.67,27.7,27.33,27.35,12550.0,0.0,1.0,3.0,0.0
2015-01-06,82.05,82.05,80.83,80.83,27.35,27.35,26.94,26.94,6745.0,0.0,1.0,3.0,0.0
2015-01-07,82.0,82.0,81.49,81.89,27.33,27.33,27.16,27.3,4385.0,0.0,1.0,3.0,0.0
2015-01-08,83.1,83.15,83.1,83.15,27.7,27.72,27.7,27.72,491.0,0.0,1.0,3.0,0.0
2015-01-09,82.97,82.97,82.67,82.67,27.66,27.66,27.56,27.56,1979.0,0.0,1.0,3.0,0.0
2015-01-12,82.62,82.62,82.03,82.15,27.54,27.54,27.34,27.38,1577.0,0.0,1.0,3.0,0.0
2015-01-13,83.0,83.67,81.48,82.19,27.67,27.89,27.16,27.4,3462.0,0.0,1.0,3.0,0.0
2015-01-14,80.84,81.85,80.84,81.35,26.95,27.28,26.95,27.12,1550.0,0.0,1.0,3.0,0.0
2015-01-15,82.14,82.14,80.91,80.91,27.38,27.38,26.97,26.97,1489.0,0.0,1.0,3.0,0.0
2015-01-16,81.14,81.14,81.14,81.14,27.05,27.05,27.05,27.05,292.0,0.0,1.0,3.0,0.0
2015-01-20,82.03,82.09,81.35,81.87,27.34,27.36,27.12,27.29,2450.0,0.0,1.0,3.0,0.0
2015-01-21,81.86,81.86,81.62,81.62,27.29,27.29,27.21,27.21,1313.0,0.0,1.0,3.0,0.0
2015-01-22,82.73,83.11,82.54,83.06,27.58,27.7,27.51,27.69,2186.0,0.0,1.0,3.0,0.0
2015-01-23,83.92,83.92,83.22,83.6,27.97,27.97,27.74,27.87,1205.0,0.0,1.0,3.0,0.0
2015-01-26,83.85,84.12,83.51,84.12,27.95,28.04,27.84,28.04,1170.0,0.0,1.0,3.0,0.0
2015-01-27,83.7,83.91,83.7,83.91,27.9,27.97,27.9,27.97,929.0,0.0,1.0,3.0,0.0
2015-01-28,83.76,83.84,82.56,83.0,27.92,27.95,27.52,27.67,3307.0,0.0,1.0,3.0,0.0
2015-01-29,82.17,83.14,82.09,83.14,27.39,27.71,27.36,27.71,1132.0,0.0,1.0,3.0,0.0
2015-01-30,82.57,82.57,82.48,82.49,27.52,27.52,27.49,27.5,1234.0,0.0,1.0,3.0,0.0
2015-02-02,82.11,82.11,81.67,81.76,27.37,27.37,27.22,27.25,1427.0,0.0,1.0,3.0,0.0
2015-02-03,82.81,84.03,82.73,83.93,27.6,28.01,27.58,27.98,2154.0,0.0,1.0,3.0,0.0
2015-02-04,84.11,84.11,83.48,83.48,28.04,28.04,27.83,27.83,1555.0,0.0,1.0,3.0,0.0
2015-02-05,84.35,84.6,84.35,84.6,28.12,28.2,28.12,28.2,1312.0,0.0,1.0,3.0,0.0
2015-02-06,84.52,84.52,84.52,84.52,28.18,28.18,28.18,28.18,395.0,0.0,1.0,3.0,0.0
2015-02-09,84.23,84.27,84.23,84.24,28.08,28.09,28.08,28.08,2506.0,0.0,1.0,3.0,0.0
2015-02-10,84.2,84.4,84.2,84.4,28.07,28.13,28.07,28.13,1561.0,0.0,1.0,3.0,0.0
2015-02-11,84.88,84.88,84.81,84.83,28.29,28.29,28.27,28.28,1545.0,0.0,1.0,3.0,0.0
2015-02-12,85.54,85.54,85.06,85.36,28.51,28.51,28.35,28.45,1538.0,0.0,1.0,3.0,0.0
2015-02-13,85.5,85.5,85.5,85.5,28.5,28.5,28.5,28.5,355.0,0.0,1.0,3.0,0.0
2015-02-17,85.91,86.52,85.91,86.52,28.64,28.84,28.64,28.84,1914.0,0.0,1.0,3.0,0.0
2015-02-18,85.93,86.62,85.93,86.2,28.64,28.87,28.64,28.73,1312.0,0.0,1.0,3.0,0.0
2015-02-19,86.8,86.8,86.8,86.8,28.93,28.93,28.93,28.93,398.0,0.0,1.0,3.0,0.0
2015-02-20,86.77,86.83,86.72,86.83,28.92,28.94,28.91,28.94,578.0,0.0,1.0,3.0,0.0
2015-02-23,86.81,86.9,86.81,86.9,28.94,28.97,28.94,28.97,1000.0,0.0,1.0,3.0,0.0
2015-02-24,87.16,87.16,86.69,87.0,29.05,29.05,28.9,29.0,18893.0,0.0,1.0,3.0,0.0
2015-02-25,86.87,87.34,86.87,87.1,28.96,29.11,28.96,29.03,7955.0,0.0,1.0,3.0,0.0
2015-02-26,86.85,87.31,86.85,86.88,28.95,29.1,28.95,28.96,160304.0,0.0,1.0,3.0,0.0
2015-02-27,87.39,87.39,86.92,87.18,29.13,29.13,28.97,29.06,15108.0,0.0,1.0,3.0,17.45
2015-03-02,87.04,87.56,86.9,87.56,29.01,29.19,28.97,29.19,18409.0,0.0,1.0,3.0,0.0
2015-03-03,87.43,87.43,86.6,86.6,29.14,29.14,28.87,28.87,4547.0,0.0,1.0,3.0,0.0
2015-03-04,86.75,86.75,86.25,86.3,28.92,28.92,28.75,28.77,1509.0,0.0,1.0,3.0,0.0
2015-03-05,87.03,87.03,86.7,87.0,29.01,29.01,28.9,29.0,1215.0,0.0,1.0,3.0,0.0
2015-03-06,86.75,86.75,85.63,85.8,28.92,28.92,28.54,28.6,6078.0,0.0,1.0,3.0,0.0
2015-03-09,85.83,86.29,85.59,86.29,28.61,28.76,28.53,28.76,6137.0,0.0,1.0,3.0,0.0
2015-03-10,85.15,85.32,84.97,84.97,28.38,28.44,28.32,28.32,2455.0,0.0,1.0,3.0,0.0
2015-03-11,85.16,85.48,85.16,85.23,28.39,28.49,28.39,28.41,1388.0,0.0,1.0,3.0,0.0
2015-03-12,86.28,86.41,85.97,86.36,28.76,28.8,28.66,28.79,2029.0,0.0,1.0,3.0,0.0
2015-03-13,86.63,86.63,85.56,85.86,28.88,28.88,28.52,28.62,1107.0,0.0,1.0,3.0,0.0
2015-03-16,86.92,87.01,86.92,86.92,28.97,29.0,28.97,28.97,899.0,0.0,1.0,3.0,0.0
2015-03-17,87.05,87.22,86.94,87.22,29.02,29.07,28.98,29.07,2353.0,0.0,1.0,3.0,0.0
2015-03-18,87.07,88.03,86.85,88.03,29.02,29.34,28.95,29.34,2186.0,0.0,1.0,3.0,0.0
2015-03-19,87.97,87.97,87.68,87.68,29.32,29.32,29.23,29.23,1233.0,0.0,1.0,3.0,0.0
2015-03-20,88.74,88.74,88.74,88.74,29.58,29.58,29.58,29.58,557.0,0.0,1.0,3.0,0.0
2015-03-23,88.81,88.85,88.55,88.55,29.6,29.62,29.52,29.52,2248.0,0.0,1.0,3.0,0.0
2015-03-24,88.44,88.45,88.2,88.2,29.48,29.48,29.4,29.4,6084.0,0.0,1.0,3.0,0.0
2015-03-25,88.56,88.56,86.6,86.6,29.52,29.52,28.87,28.87,3485.0,0.0,1.0,3.0,0.0
2015-03-26,85.99,86.42,85.99,86.24,28.66,28.81,28.66,28.75,1486.0,0.0,1.0,3.0,0.0
2015-03-27,86.45,86.71,86.26,86.71,28.82,28.9,28.75,28.9,1069.0,0.0,1.0,3.0,0.0
2015-03-30,87.78,88.21,87.78,88.2,29.26,29.4,29.26,29.4,3065.0,0.0,1.0,3.0,0.0
2015-03-31,87.96,87.99,87.17,87.36,29.32,29.33,29.06,29.12,8404.0,0.0,1.0,3.0,0.0
2015-04-01,87.03,87.39,86.99,86.99,29.01,29.13,29.0,29.0,800.0,0.0,1.0,3.0,0.0
2015-04-02,88.02,88.02,87.36,87.99,29.34,29.34,29.12,29.33,3065.0,0.0,1.0,3.0,0.0
2015-04-06,87.68,88.2,87.68,88.03,29.23,29.4,29.23,29.34,9674.0,0.0,1.0,3.0,0.0
2015-04-07,88.4,88.4,88.1,88.1,29.47,29.47,29.37,29.37,923.0,0.0,1.0,3.0,0.0
2015-04-08,87.94,88.0,87.94,88.0,29.31,29.33,29.31,29.33,2703.0,0.0,1.0,3.0,0.0
2015-04-09,88.17,88.4,88.03,88.05,29.39,29.47,29.34,29.35,1882.0,0.0,1.0,3.0,0.0
2015-04-10,88.7,88.75,88.26,88.74,29.57,29.58,29.42,29.58,2156.0,0.0,1.0,3.0,0.0
2015-04-13,88.66,88.85,88.25,88.67,29.55,29.62,29.42,29.56,2205.0,0.0,1.0,3.0,0.0
2015-04-14,88.67,88.67,88.35,88.58,29.56,29.56,29.45,29.53,8085.0,0.0,1.0,3.0,0.0
2015-04-15,88.71,89.39,88.57,89.39,29.57,29.8,29.52,29.8,3579.0,0.0,1.0,3.0,0.0
2015-04-16,88.65,89.23,88.65,89.23,29.55,29.74,29.55,29.74,2964.0,0.0,1.0,3.0,0.0
2015-04-17,87.57,87.98,87.41,87.41,29.19,29.33,29.14,29.14,2591.0,0.0,1.0,3.0,0.0
2015-04-20,88.16,88.4,88.16,88.29,29.39,29.47,29.39,29.43,955.0,0.0,1.0,3.0,0.0
2015-04-21,88.77,88.77,88.39,88.71,29.59,29.59,29.46,29.57,1412.0,0.0,1.0,3.0,0.0
2015-04-22,88.39,88.82,88.3,88.82,29.46,29.61,29.43,29.61,1095.0,0.0,1.0,3.0,0.0
2015-04-23,88.87,88.87,88.87,88.87,29.62,29.62,29.62,29.62,598.0,0.0,1.0,3.0,0.0
2015-04-24,89.22,89.22,88.63,88.98,29.74,29.74,29.54,29.66,3412.0,0.0,1.0,3.0,0.0
2015-04-27,89.43,89.45,88.01,88.01,29.81,29.82,29.34,29.34,1712.0,0.0,1.0,3.0,0.0
2015-04-28,88.5,88.56,88.34,88.56,29.5,29.52,29.45,29.52,1812.0,0.0,1.0,3.0,0.0
2015-04-29,87.75,88.04,87.75,87.88,29.25,29.35,29.25,29.29,1224.0,0.0,1.0,3.0,0.0
2015-04-30,87.52,87.71,85.95,86.05,29.17,29.24,28.65,28.68,5669.0,0.0,1.0,3.0,0.0
2015-05-01,86.8,86.8,86.8,86.8,28.93,28.93,28.93,28.93,823.0,0.0,1.0,3.0,0.0
2015-05-04,86.91,87.5,86.91,87.08,28.97,29.17,28.97,29.03,2084.0,0.0,1.0,3.0,0.0
2015-05-05,86.47,86.47,86.09,86.09,28.82,28.82,28.7,28.7,780.0,0.0,1.0,3.0,0.0
2015-05-06,85.91,86.24,85.91,86.12,28.64,28.74,28.64,28.71,828.0,0.0,1.0,3.0,0.0
2015-05-07,86.24,86.46,86.24,86.46,28.75,28.82,28.75,28.82,493.0,0.0,1.0,3.0,0.0
2015-05-08,87.58,87.6,87.06,87.3,29.19,29.2,29.02,29.1,4503.0,0.0,1.0,3.0,0.0
2015-05-11,87.42,87.54,87.39,87.39,29.14,29.18,29.13,29.13,1924.0,0.0,1.0,3.0,0.0
2015-05-12,86.39,86.51,86.39,86.51,28.8,28.84,28.8,28.84,633.0,0.0,1.0,3.0,0.0
2015-05-13,87.0,87.21,86.67,86.72,29.0,29.07,28.89,28.91,3345.0,0.0,1.0,3.0,0.0
2015-05-14,87.65,87.65,87.58,87.58,29.22,29.22,29.19,29.19,544.0,0.0,1.0,3.0,0.0
2015-05-15,87.95,88.09,87.64,88.06,29.32,29.36,29.21,29.35,8899.0,0.0,1.0,3.0,0.0
2015-05-18,87.82,88.77,87.82,88.53,29.27,29.59,29.27,29.51,2271.0,0.0,1.0,3.0,0.0
2015-05-19,88.5,88.5,88.5,88.5,29.5,29.5,29.5,29.5,920.0,0.0,1.0,3.0,0.0
2015-05-20,88.07,88.52,88.07,88.42,29.36,29.51,29.36,29.47,728.0,0.0,1.0,3.0,0.0
2015-05-21,88.66,88.66,88.23,88.28,29.55,29.55,29.41,29.43,1598.0,0.0,1.0,3.0,0.0
2015-05-22,88.67,88.67,88.16,88.57,29.56,29.56,29.39,29.52,5055.0,0.0,1.0,3.0,0.0
2015-05-26,88.41,88.41,87.21,87.62,29.47,29.47,29.07,29.2,2118.0,0.0,1.0,3.0,0.0
2015-05-27,87.98,87.98,87.98,87.98,29.33,29.33,29.33,29.33,648.0,0.0,1.0,3.0,0.0
2015-05-28,87.96,88.39,87.79,88.14,29.32,29.46,29.26,29.38,3704.0,0.0,1.0,3.0,0.0
2015-05-29,87.73,88.23,87.73,88.23,29.24,29.41,29.24,29.41,1698.0,0.0,1.0,3.0,0.0
2015-06-01,87.89,88.19,87.28,88.04,29.3,29.4,29.09,29.35,1389.0,0.0,1.0,3.0,0.0
2015-06-02,87.42,88.11,87.42,87.86,29.14,29.37,29.14,29.29,2546.0,0.0,1.0,3.0,0.0
2015-06-03,88.32,88.85,88.32,88.34,29.44,29.62,29.44,29.45,1950.0,0.0,1.0,3.0,0.0
2015-06-04,87.88,87.88,87.88,87.88,29.29,29.29,29.29,29.29,1299.0,0.0,1.0,3.0,0.0
2015-06-05,87.88,87.88,87.88,87.88,29.29,29.29,29.29,29.29,0.0,0.0,1.0,3.0,0.0
2015-06-08,88.5,88.5,87.67,87.67,29.5,29.5,29.22,29.22,2821.0,0.0,1.0,3.0,0.0
2015-06-09,87.5,87.5,87.14,87.14,29.17,29.17,29.05,29.05,433.0,0.0,1.0,3.0,0.0
2015-06-10,88.29,88.29,88.29,88.29,29.43,29.43,29.43,29.43,629.0,0.0,1.0,3.0,0.0
2015-06-11,88.73,88.73,88.56,88.58,29.58,29.58,29.52,29.53,2005.0,0.0,1.0,3.0,0.0
2015-06-12,88.65,88.66,88.29,88.64,29.55,29.55,29.43,29.55,11280.0,0.0,1.0,3.0,0.0
2015-06-15,87.64,88.31,87.64,87.9,29.21,29.44,29.21,29.3,2138.0,0.0,1.0,3.0,0.0
2015-06-16,88.74,88.74,88.66,88.66,29.58,29.58,29.55,29.55,1253.0,0.0,1.0,3.0,0.0
2015-06-17,89.01,89.01,88.37,88.79,29.67,29.67,29.46,29.6,1657.0,0.0,1.0,3.0,0.0
2015-06-18,89.68,89.68,89.56,89.56,29.89,29.89,29.85,29.85,1118.0,0.0,1.0,3.0,0.0
2015-06-19,89.08,89.49,88.92,88.92,29.69,29.83,29.64,29.64,3007.0,0.0,1.0,3.0,0.0
2015-06-22,89.8,89.81,89.45,89.47,29.93,29.94,29.82,29.82,3129.0,0.0,1.0,3.0,0.0
2015-06-23,89.6,89.6,89.42,89.42,29.87,29.87,29.81,29.81,1304.0,0.0,1.0,3.0,0.0
2015-06-24,89.46,89.81,88.82,88.82,29.82,29.94,29.61,29.61,2929.0,0.0,1.0,3.0,0.0
2015-06-25,88.85,88.85,88.67,88.78,29.62,29.62,29.56,29.59,1095.0,0.0,1.0,3.0,0.0
2015-06-26,88.55,88.55,88.45,88.45,29.52,29.52,29.48,29.48,872.0,0.0,1.0,3.0,0.0
2015-06-29,87.0,88.15,86.55,86.55,29.0,29.38,28.85,28.85,1721.0,0.0,1.0,3.0,0.0
2015-06-30,87.18,87.2,87.09,87.2,29.06,29.07,29.03,29.07,2096.0,0.0,1.0,3.0,0.0
2015-07-01,87.51,87.91,86.88,87.38,29.17,29.3,28.96,29.13,5097.0,0.0,1.0,3.0,0.0
2015-07-02,87.74,87.74,86.58,86.58,29.25,29.25,28.86,28.86,2230.0,0.0,1.0,3.0,0.0
2015-07-06,87.2,87.2,86.87,86.97,29.07,29.07,28.96,28.99,2504.0,0.0,1.0,3.0,0.0
2015-07-07,87.35,87.35,86.46,86.57,29.12,29.12,28.82,28.86,1668.0,0.0,1.0,3.0,0.0
2015-07-08,86.03,86.57,85.87,85.87,28.68,28.86,28.62,28.62,1320.0,0.0,1.0,3.0,0.0
2015-07-09,86.48,86.48,85.92,86.02,28.83,28.83,28.64,28.67,6007.0,0.0,1.0,3.0,0.0
2015-07-10,86.51,86.79,86.51,86.71,28.84,28.93,28.84,28.9,2358.0,0.0,1.0,3.0,0.0
2015-07-13,88.03,88.03,87.35,88.02,29.34,29.34,29.12,29.34,2317.0,0.0,1.0,3.0,0.0
2015-07-14,87.99,88.45,87.76,87.96,29.33,29.48,29.25,29.32,2186.0,0.0,1.0,3.0,0.0
2015-07-15,87.82,88.01,87.82,88.01,29.27,29.34,29.27,29.34,903.0,0.0,1.0,3.0,0.0
2015-07-16,88.16,88.19,87.95,88.19,29.39,29.4,29.32,29.4,6207.0,0.0,1.0,3.0,0.0
2015-07-17,88.06,88.17,87.63,88.17,29.35,29.39,29.21,29.39,2136.0,0.0,1.0,3.0,0.0
2015-07-20,87.86,87.92,87.81,87.92,29.29,29.31,29.27,29.31,1726.0,0.0,1.0,3.0,0.0
2015-07-21,87.37,87.37,87.37,87.37,29.12,29.12,29.12,29.12,411.0,0.0,1.0,3.0,0.0
2015-07-22,87.42,87.42,87.42,87.42,29.14,29.14,29.14,29.14,365.0,0.0,1.0,3.0,0.0
2015-07-23,87.44,87.44,86.51,86.51,29.15,29.15,28.84,28.84,4354.0,0.0,1.0,3.0,0.0
2015-07-24,86.61,86.61,85.53,85.56,28.87,28.87,28.51,28.52,1487.0,0.0,1.0,3.0,0.0
2015-07-27,85.15,85.15,85.15,85.15,28.38,28.38,28.38,28.38,392.0,0.0,1.0,3.0,0.0
2015-07-28,84.69,85.93,84.55,85.93,28.23,28.64,28.18,28.64,1079.0,0.0,1.0,3.0,0.0
2015-07-29,85.54,86.33,85.54,86.33,28.51,28.78,28.51,28.78,838.0,0.0,1.0,3.0,0.0
2015-07-30,86.3,86.33,86.3,86.33,28.77,28.78,28.77,28.78,1046.0,0.0,1.0,3.0,0.0
2015-07-31,87.21,87.44,86.59,86.71,29.07,29.15,28.86,28.9,3296.0,0.0,1.0,3.0,0.0
2015-08-03,86.53,86.99,86.52,86.86,28.84,29.0,28.84,28.95,20370.0,0.0,1.0,3.0,0.0
2015-08-04,86.19,86.58,86.19,86.58,28.73,28.86,28.73,28.86,11127.0,0.0,1.0,3.0,0.0
2015-08-05,87.19,87.47,86.33,86.52,29.06,29.16,28.78,28.84,2558.0,0.0,1.0,3.0,0.0
2015-08-06,86.04,86.06,85.1,85.87,28.68,28.69,28.37,28.62,2494.0,0.0,1.0,3.0,0.0
2015-08-07,85.23,85.24,85.23,85.24,28.41,28.41,28.41,28.41,712.0,0.0,1.0,3.0,0.0
2015-08-10,86.5,86.5,86.26,86.26,28.83,28.83,28.75,28.75,1799.0,0.0,1.0,3.0,0.0
2015-08-11,86.07,86.35,85.39,85.42,28.69,28.78,28.46,28.47,7923.0,0.0,1.0,3.0,0.0
2015-08-12,84.44,85.33,84.44,85.33,28.15,28.44,28.15,28.44,1740.0,0.0,1.0,3.0,-17.15
2015-08-13,85.77,85.77,85.77,85.77,28.59,28.59,28.59,28.59,368.0,0.0,1.0,3.0,0.0
2015-08-14,85.2,85.99,85.2,85.85,28.4,28.66,28.4,28.62,1207.0,0.0,1.0,3.0,0.0
2015-08-17,85.31,86.55,85.31,86.43,28.44,28.85,28.44,28.81,1348.0,0.0,1.0,3.0,0.0
2015-08-18,86.27,86.27,86.11,86.18,28.76,28.76,28.7,28.73,861.0,0.0,1.0,3.0,0.0
2015-08-19,85.01,85.57,84.85,85.57,28.34,28.52,28.28,28.52,948.0,0.0,1.0,3.0,0.0
2015-08-20,84.37,84.37,83.87,83.88,28.12,28.12,27.96,27.96,637.0,0.0,1.0,3.0,0.0
2015-08-21,82.5,82.5,81.66,82.46,27.5,27.5,27.22,27.49,3363.0,0.0,1.0,3.0,0.0
2015-08-24,78.0,80.42,75.29,78.7,26.0,26.81,25.1,26.23,7017.0,0.0,1.0,3.0,0.0
2015-08-25,80.04,80.04,78.0,78.13,26.68,26.68,26.0,26.04,5534.0,0.0,1.0,3.0,0.0
2015-08-26,79.86,79.86,78.06,79.09,26.62,26.62,26.02,26.36,2397.0,0.0,1.0,3.0,0.0
2015-08-27,81.19,81.27,81.19,81.24,27.06,27.09,27.06,27.08,619.0,0.0,1.0,3.0,0.0
2015-08-28,81.88,82.27,81.88,82.1,27.29,27.42,27.29,27.37,1351.0,0.0,1.0,3.0,0.0
2015-08-31,82.13,82.13,81.56,81.56,27.38,27.38,27.19,27.19,1070.0,0.0,1.0,3.0,0.0
2015-09-01,80.64,80.64,79.85,79.86,26.88,26.88,26.62,26.62,1739.0,0.0,1.0,3.0,0.0
2015-09-02,79.99,80.65,79.81,80.65,26.66,26.88,26.6,26.88,2262.0,0.0,1.0,3.0,0.0
2015-09-03,80.85,80.99,80.85,80.99,26.95,27.0,26.95,27.0,453.0,0.0,1.0,3.0,0.0
2015-09-04,80.24,80.24,79.9,79.94,26.75,26.75,26.63,26.65,681.0,0.0,1.0,3.0,0.0
2015-09-08,81.17,81.98,81.11,81.98,27.06,27.33,27.04,27.33,1198.0,0.0,1.0,3.0,0.0
2015-09-09,81.95,82.66,81.0,81.0,27.32,27.55,27.0,27.0,3942.0,0.0,1.0,3.0,0.0
2015-09-10,81.3,81.58,80.72,81.3,27.1,27.19,26.91,27.1,10772.0,0.0,1.0,3.0,0.0
2015-09-11,81.3,81.3,81.3,81.3,27.1,27.1,27.1,27.1,0.0,0.0,1.0,3.0,0.0
2015-09-14,82.09,82.09,81.14,81.22,27.36,27.36,27.05,27.07,1682.0,0.0,1.0,3.0,0.0
2015-09-15,81.37,82.28,81.37,82.28,27.12,27.43,27.12,27.43,1274.0,0.0,1.0,3.0,0.0
2015-09-16,82.67,82.93,82.66,82.93,27.56,27.64,27.55,27.64,654.0,0.0,1.0,3.0,0.0
2015-09-17,83.12,84.36,83.0,83.77,27.71,28.12,27.67,27.92,1942.0,0.0,1.0,3.0,0.0
2015-09-18,82.16,82.16,82.16,82.16,27.39,27.39,27.39,27.39,365.0,0.0,1.0,3.0,0.0
2015-09-21,82.2,82.73,81.47,81.47,27.4,27.58,27.16,27.16,1579.0,0.0,1.0,3.0,0.0
2015-09-22,80.1,80.46,80.0,80.46,26.7,26.82,26.67,26.82,900.0,0.0,1.0,3.0,0.0
2015-09-23,80.15,80.15,80.15,80.15,26.72,26.72,26.72,26.72,351.0,0.0,1.0,3.0,0.0
2015-09-24,78.8,79.6,78.8,79.6,26.27,26.53,26.27,26.53,1132.0,0.0,1.0,3.0,0.0
2015-09-25,80.16,80.16,78.79,78.97,26.72,26.72,26.26,26.32,1559.0,0.0,1.0,3.0,0.0
2015-09-28,78.82,78.82,76.62,76.62,26.27,26.27,25.54,25.54,1498.0,0.0,1.0,3.0,0.0
2015-09-29,77.05,77.05,75.77,76.35,25.68,25.68,25.26,25.45,6721.0,0.0,1.0,3.0,0.0
2015-09-30,77.18,77.18,76.77,76.77,25.73,25.73,25.59,25.59,567.0,0.0,1.0,3.0,0.0
2015-10-01,76.84,77.28,76.83,77.28,25.61,25.76,25.61,25.76,1184.0,0.0,1.0,3.0,0.0
2015-10-02,76.83,78.63,76.7,78.63,25.61,26.21,25.57,26.21,836.0,0.0,1.0,3.0,0.0
2015-10-05,79.0,80.09,79.0,80.09,26.33,26.7,26.33,26.7,4354.0,0.0,1.0,3.0,0.0
2015-10-06,80.42,80.42,79.77,80.07,26.81,26.81,26.59,26.69,872.0,0.0,1.0,3.0,0.0
2015-10-07,80.07,80.07,80.07,80.07,26.69,26.69,26.69,26.69,0.0,0.0,1.0,3.0,0.0
2015-10-08,80.78,81.54,80.67,81.54,26.93,27.18,26.89,27.18,1250.0,0.0,1.0,3.0,0.0
2015-10-09,81.99,81.99,81.54,81.54,27.33,27.33,27.18,27.18,527.0,0.0,1.0,3.0,0.0
2015-10-12,81.54,81.54,81.54,81.54,27.18,27.18,27.18,27.18,0.0,0.0,1.0,3.0,0.0
2015-10-13,81.54,81.54,81.01,81.07,27.18,27.18,27.0,27.02,1161.0,0.0,1.0,3.0,0.0
2015-10-14,80.29,80.29,80.13,80.13,26.76,26.76,26.71,26.71,471.0,0.0,1.0,3.0,0.0
2015-10-15,80.4,80.5,80.4,80.5,26.8,26.83,26.8,26.83,1168.0,0.0,1.0,3.0,0.0
2015-10-16,81.46,81.46,81.36,81.45,27.15,27.15,27.12,27.15,1083.0,0.0,1.0,3.0,0.0
2015-10-19,81.4,81.4,81.4,81.4,27.13,27.13,27.13,27.13,668.0,0.0,1.0,3.0,0.0
2015-10-20,81.33,81.54,81.33,81.37,27.11,27.18,27.11,27.12,1044.0,0.0,1.0,3.0,0.0
2015-10-21,80.63,80.76,80.63,80.73,26.88,26.92,26.88,26.91,713.0,0.0,1.0,3.0,0.0
2015-10-22,80.85,81.0,80.85,81.0,26.95,27.0,26.95,27.0,407.0,0.0,1.0,3.0,0.0
2015-10-23,81.25,81.41,81.25,81.41,27.08,27.14,27.08,27.14,2448.0,0.0,1.0,3.0,0.0
2015-10-26,81.42,81.6,81.42,81.6,27.14,27.2,27.14,27.2,1037.0,0.0,1.0,3.0,0.0
2015-10-27,80.91,80.91,80.4,80.6,26.97,26.97,26.8,26.87,940.0,0.0,1.0,3.0,0.0
2015-10-28,82.1,82.1,81.29,81.83,27.37,27.37,27.1,27.28,3819.0,0.0,1.0,3.0,0.0
2015-10-29,82.31,82.31,81.65,81.65,27.44,27.44,27.22,27.22,842.0,0.0,1.0,3.0,0.0
2015-10-30,81.81,81.81,81.78,81.78,27.27,27.27,27.26,27.26,1237.0,0.0,1.0,3.0,0.0
2015-11-02,82.56,83.13,82.05,83.13,27.52,27.71,27.35,27.71,4505.0,0.0,1.0,3.0,0.0
2015-11-03,83.45,83.73,83.4,83.43,27.82,27.91,27.8,27.81,2141.0,0.0,1.0,3.0,0.0
2015-11-04,83.54,83.54,83.16,83.37,27.85,27.85,27.72,27.79,594.0,0.0,1.0,3.0,0.0
2015-11-05,82.94,83.17,82.91,83.17,27.64,27.72,27.64,27.72,582.0,0.0,1.0,3.0,0.0
2015-11-06,83.39,83.39,83.1,83.1,27.8,27.8,27.7,27.7,1451.0,0.0,1.0,3.0,0.0
2015-11-09,83.1,83.1,83.1,83.1,27.7,27.7,27.7,27.7,212.0,0.0,1.0,3.0,0.0
2015-11-10,82.47,82.96,82.37,82.96,27.49,27.65,27.46,27.65,4910.0,0.0,1.0,3.0,0.0
2015-11-11,82.76,82.87,82.17,82.17,27.59,27.62,27.39,27.39,2808.0,0.0,1.0,3.0,0.0
2015-11-12,81.92,81.92,80.66,80.66,27.31,27.31,26.89,26.89,1934.0,0.0,1.0,3.0,0.0
2015-11-13,80.63,80.83,80.63,80.83,26.88,26.94,26.88,26.94,570.0,0.0,1.0,3.0,0.0
2015-11-16,79.78,80.93,79.78,80.93,26.59,26.98,26.59,26.98,1853.0,0.0,1.0,3.0,0.0
2015-11-17,80.85,81.23,80.56,80.56,26.95,27.08,26.85,26.85,2111.0,0.0,1.0,3.0,0.0
2015-11-18,81.5,81.91,80.77,81.91,27.17,27.3,26.92,27.3,1411.0,0.0,1.0,3.0,0.0
2015-11-19,81.91,81.91,81.91,81.91,27.3,27.3,27.3,27.3,0.0,0.0,1.0,3.0,0.0
2015-11-20,82.38,82.4,81.96,81.96,27.46,27.47,27.32,27.32,6671.0,0.0,1.0,3.0,0.0
2015-11-23,82.91,82.91,82.55,82.55,27.64,27.64,27.52,27.52,1620.0,0.0,1.0,3.0,0.0
2015-11-24,82.43,82.95,81.7,82.95,27.48,27.65,27.23,27.65,8060.0,0.0,1.0,3.0,0.0
2015-11-25,82.91,83.31,82.91,83.19,27.64,27.77,27.64,27.73,566.0,0.0,1.0,3.0,0.0
2015-11-27,83.19,83.19,83.19,83.19,27.73,27.73,27.73,27.73,0.0,0.0,1.0,3.0,0.0
2015-11-30,83.53,83.53,83.0,83.0,27.84,27.84,27.67,27.67,3405.0,0.0,1.0,3.0,0.0
2015-12-01,83.15,83.66,83.15,83.36,27.72,27.89,27.72,27.79,1012.0,0.0,1.0,3.0,0.0
2015-12-02,83.22,83.85,82.75,82.75,27.74,27.95,27.58,27.58,2193.0,0.0,1.0,3.0,0.0
2015-12-03,82.78,82.78,81.38,81.5,27.59,27.59,27.12,27.17,1457.0,0.0,1.0,3.0,0.0
2015-12-04,81.5,81.5,81.5,81.5,27.17,27.17,27.17,27.17,0.0,0.0,1.0,3.0,0.0
2015-12-07,81.96,81.96,81.3,81.42,27.32,27.32,27.1,27.14,3088.0,0.0,1.0,3.0,0.0
2015-12-08,80.38,81.05,80.38,81.0,26.79,27.02,26.79,27.0,1759.0,0.0,1.0,3.0,0.0
2015-12-09,80.36,80.36,80.21,80.26,26.79,26.79,26.74,26.75,1290.0,0.0,1.0,3.0,0.0
2015-12-10,80.1,80.51,80.03,80.51,26.7,26.84,26.68,26.84,2227.0,0.0,1.0,3.0,0.0
2015-12-11,79.15,79.15,78.58,78.58,26.38,26.38,26.19,26.19,1080.0,0.0,1.0,3.0,0.0
2015-12-14,78.28,78.28,78.18,78.18,26.09,26.09,26.06,26.06,713.0,0.0,1.0,3.0,0.0
2015-12-15,79.02,79.51,79.02,79.51,26.34,26.5,26.34,26.5,724.0,0.0,1.0,3.0,0.0
2015-12-16,79.89,80.23,79.39,80.23,26.63,26.74,26.46,26.74,2646.0,0.0,1.0,3.0,0.0
2015-12-17,80.37,80.37,79.58,79.6,26.79,26.79,26.53,26.53,7270.0,0.0,1.0,3.0,0.0
2015-12-18,75.41,75.52,75.41,75.5,25.14,25.17,25.14,25.17,847.0,0.0,1.0,3.0,0.0
2015-12-21,75.23,75.5,75.23,75.5,25.08,25.17,25.08,25.17,755.0,0.0,1.0,3.0,0.0
2015-12-22,75.89,75.96,75.86,75.86,25.3,25.32,25.29,25.29,825.0,0.0,1.0,3.0,0.0
2015-12-23,76.94,77.52,76.94,77.22,25.65,25.84,25.65,25.74,3268.0,0.0,1.0,3.0,0.0
2015-12-24,77.42,77.42,77.24,77.24,25.81,25.81,25.75,25.75,281.0,0.0,1.0,3.0,0.0
2015-12-28,77.2,77.2,76.6,76.74,25.73,25.73,25.53,25.58,4438.0,0.0,1.0,3.0,0.0
2015-12-29,77.86,77.97,77.36,77.55,25.95,25.99,25.79,25.85,6228.0,0.0,1.0,3.0,0.0
2015-12-30,78.02,78.15,77.43,77.51,26.01,26.05,25.81,25.84,27695.0,0.0,1.0,3.0,0.0
2015-12-31,77.26,77.26,76.71,76.78,25.75,25.75,25.57,25.59,3412.0,0.0,1.0,3.0,0.0
2016-01-04,75.61,75.61,74.62,75.3,25.2,25.2,24.87,25.1,2091.0,0.0,1.0,3.0,0.0
2016-01-05,75.15,75.53,75.0,75.09,25.05,25.18,25.0,25.03,1837.0,0.0,1.0,3.0,0.0
2016-01-06,74.57,74.57,73.83,73.83,24.86,24.86,24.61,24.61,1469.0,0.0,1.0,3.0,0.0
2016-01-07,72.68,72.68,72.05,72.2,24.23,24.23,24.02,24.07,1883.0,0.0,1.0,3.0,0.0
2016-01-08,72.31,72.31,71.72,71.72,24.1,24.1,23.91,23.91,826.0,0.0,1.0,3.0,0.0
2016-01-11,70.75,70.75,70.56,70.56,23.58,23.58,23.52,23.52,834.0,0.0,1.0,3.0,0.0
2016-01-12,70.0,70.47,69.81,70.47,23.33,23.49,23.27,23.49,1648.0,0.0,1.0,3.0,0.0
2016-01-13,71.19,71.42,68.8,68.8,23.73,23.81,22.93,22.93,2374.0,0.0,1.0,3.0,0.0
2016-01-14,68.6,70.0,67.86,69.56,22.87,23.33,22.62,23.19,3209.0,0.0,1.0,3.0,0.0
2016-01-15,67.54,68.49,67.28,68.1,22.51,22.83,22.43,22.7,5769.0,0.0,1.0,3.0,0.0
2016-01-19,68.52,68.6,67.19,67.51,22.84,22.87,22.4,22.5,9469.0,0.0,1.0,3.0,0.0
2016-01-20,65.57,67.6,65.0,67.6,21.86,22.53,21.67,22.53,2127.0,0.0,1.0,3.0,0.0
2016-01-21,67.9,68.32,67.69,67.75,22.63,22.77,22.56,22.58,1348.0,0.0,1.0,3.0,0.0
2016-01-22,68.7,69.0,68.7,69.0,22.9,23.0,22.9,23.0,1579.0,0.0,1.0,3.0,0.0
2016-01-25,68.5,68.55,67.75,67.75,22.83,22.85,22.58,22.58,10048.0,0.0,1.0,3.0,0.0
2016-01-26,68.33,68.9,68.33,68.84,22.78,22.97,22.78,22.95,925.0,0.0,1.0,3.0,0.0
2016-01-27,68.64,68.81,67.97,67.97,22.88,22.94,22.66,22.66,874.0,0.0,1.0,3.0,0.0
2016-01-28,68.23,68.59,67.73,67.73,22.74,22.86,22.58,22.58,1784.0,0.0,1.0,3.0,0.0
2016-01-29,69.1,70.09,69.04,70.09,23.03,23.36,23.01,23.36,2180.0,0.0,1.0,3.0,0.0
2016-02-01,69.49,70.39,69.49,70.14,23.16,23.46,23.16,23.38,4199.0,0.0,1.0,3.0,0.0
2016-02-02,68.68,68.68,68.11,68.54,22.89,22.89,22.7,22.85,2093.0,0.0,1.0,3.0,0.0
2016-02-03,68.48,68.49,67.63,67.89,22.83,22.83,22.54,22.63,8447.0,0.0,1.0,3.0,0.0
2016-02-04,69.33,69.33,69.33,69.33,23.11,23.11,23.11,23.11,511.0,0.0,1.0,3.0,0.0
2016-02-05,68.26,68.26,67.32,67.41,22.75,22.75,22.44,22.47,3727.0,0.0,1.0,3.0,0.0
2016-02-08,65.0,65.33,64.97,65.3,21.67,21.78,21.66,21.77,5800.0,0.0,1.0,3.0,0.0
2016-02-09,65.04,65.3,64.65,65.1,21.68,21.77,21.55,21.7,1612.0,0.0,1.0,3.0,0.0
2016-02-10,66.0,66.0,66.0,66.0,22.0,22.0,22.0,22.0,961.0,0.0,1.0,3.0,0.0
2016-02-11,64.6,64.65,64.13,64.13,21.53,21.55,21.38,21.38,1276.0,0.0,1.0,3.0,0.0
2016-02-12,65.3,66.04,65.3,66.04,21.77,22.01,21.77,22.01,1468.0,0.0,1.0,3.0,0.0
2016-02-16,66.05,66.05,66.05,66.05,22.02,22.02,22.02,22.02,405.0,0.0,1.0,3.0,0.0
2016-02-17,68.93,68.95,68.51,68.62,22.98,22.98,22.84,22.87,2056.0,0.0,1.0,3.0,0.0
2016-02-18,68.39,68.39,68.31,68.31,22.8,22.8,22.77,22.77,1342.0,0.0,1.0,3.0,0.0
2016-02-19,68.3,68.3,68.3,68.3,22.77,22.77,22.77,22.77,366.0,0.0,1.0,3.0,0.0
2016-02-22,68.77,69.62,68.77,69.62,22.92,23.21,22.92,23.21,2936.0,0.0,1.0,3.0,0.0
2016-02-23,69.01,69.01,68.7,68.86,23.0,23.0,22.9,22.95,1733.0,0.0,1.0,3.0,0.0
2016-02-24,67.83,68.37,67.59,68.37,22.61,22.79,22.53,22.79,1668.0,0.0,1.0,3.0,0.0
2016-02-25,69.54,69.81,69.27,69.81,23.18,23.27,23.09,23.27,849.0,0.0,1.0,3.0,0.0
2016-02-26,70.68,70.7,70.38,70.38,23.56,23.57,23.46,23.46,5088.0,0.0,1.0,3.0,0.0
2016-02-29,70.98,70.98,70.74,70.85,23.66,23.66,23.58,23.62,987.0,0.0,1.0,3.0,0.0
2016-03-01,71.36,71.68,71.36,71.68,23.79,23.89,23.79,23.89,868.0,0.0,1.0,3.0,0.0
2016-03-02,71.91,72.5,71.76,72.5,23.97,24.17,23.92,24.17,1286.0,0.0,1.0,3.0,0.0
2016-03-03,72.81,73.35,72.47,73.35,24.27,24.45,24.16,24.45,2395.0,0.0,1.0,3.0,0.0
2016-03-04,73.81,73.81,73.26,73.5,24.6,24.6,24.42,24.5,1260.0,0.0,1.0,3.0,0.0
2016-03-07,73.09,74.09,73.09,73.96,24.36,24.7,24.36,24.65,3203.0,0.0,1.0,3.0,0.0
2016-03-08,72.73,73.46,72.73,73.46,24.24,24.49,24.24,24.49,266.0,0.0,1.0,3.0,0.0
2016-03-09,72.64,72.91,72.62,72.91,24.21,24.3,24.21,24.3,1533.0,0.0,1.0,3.0,0.0
2016-03-10,72.47,72.47,72.08,72.1,24.16,24.16,24.03,24.03,1639.0,0.0,1.0,3.0,0.0
2016-03-11,73.45,74.2,73.45,74.2,24.48,24.73,24.48,24.73,1504.0,0.0,1.0,3.0,0.0
2016-03-14,73.65,74.0,73.57,74.0,24.55,24.67,24.52,24.67,2242.0,0.0,1.0,3.0,0.0
2016-03-15,73.22,73.36,72.94,72.94,24.41,24.45,24.31,24.31,908.0,0.0,1.0,3.0,0.0
2016-03-16,73.09,73.6,73.09,73.6,24.36,24.53,24.36,24.53,575.0,0.0,1.0,3.0,0.0
2016-03-17,73.29,74.8,73.29,74.8,24.43,24.93,24.43,24.93,1106.0,0.0,1.0,3.0,0.0
2016-03-18,75.21,75.21,74.41,74.41,25.07,25.07,24.8,24.8,58458.0,0.0,1.0,3.0,0.0
2016-03-21,75.14,75.14,74.62,74.7,25.05,25.05,24.87,24.9,970.0,0.0,1.0,3.0,0.0
2016-03-22,74.66,74.91,74.64,74.8,24.89,24.97,24.88,24.93,2155.0,0.0,1.0,3.0,-7.5
2016-03-23,74.23,74.23,74.05,74.18,24.74,24.74,24.68,24.73,802.0,0.0,1.0,3.0,0.0
2016-03-24,73.11,73.82,73.11,73.73,24.37,24.61,24.37,24.58,702.0,0.0,1.0,3.0,0.0
2016-03-28,73.48,74.26,73.48,73.79,24.49,24.75,24.49,24.6,873.0,0.0,1.0,3.0,0.0
2016-03-29,73.89,75.49,73.89,75.49,24.63,25.16,24.63,25.16,1237.0,0.0,1.0,3.0,0.0
2016-03-30,76.09,76.09,75.63,75.64,25.36,25.36,25.21,25.21,1467.0,0.0,1.0,3.0,0.0
2016-03-31,75.25,76.16,75.25,75.75,25.08,25.39,25.08,25.25,3047.0,0.0,1.0,3.0,0.0
2016-04-01,75.4,75.82,75.4,75.82,25.13,25.27,25.13,25.27,2215.0,0.0,1.0,3.0,0.0
2016-04-04,76.02,76.02,75.96,76.0,25.34,25.34,25.32,25.33,1165.0,0.0,1.0,3.0,0.0
2016-04-05,74.95,74.95,74.74,74.75,24.98,24.98,24.91,24.92,613.0,0.0,1.0,3.0,0.0
2016-04-06,74.69,75.17,74.61,75.17,24.9,25.06,24.87,25.06,1146.0,0.0,1.0,3.0,0.0
2016-04-07,75.17,75.17,75.17,75.17,25.06,25.06,25.06,25.06,0.0,0.0,1.0,3.0,0.0
2016-04-08,75.37,75.41,74.71,74.93,25.12,25.14,24.9,24.98,771.0,0.0,1.0,3.0,0.0
2016-04-11,74.88,75.02,74.87,75.02,24.96,25.01,24.96,25.01,1893.0,0.0,1.0,3.0,0.0
2016-04-12,74.82,75.66,74.82,75.27,24.94,25.22,24.94,25.09,2810.0,0.0,1.0,3.0,0.0
2016-04-13,75.82,76.8,75.82,76.68,25.27,25.6,25.27,25.56,4017.0,0.0,1.0,3.0,0.0
2016-04-14,76.68,76.68,76.68,76.68,25.56,25.56,25.56,25.56,0.0,0.0,1.0,3.0,0.0
2016-04-15,76.8,77.09,76.63,76.63,25.6,25.7,25.54,25.54,1706.0,0.0,1.0,3.0,0.0
2016-04-18,77.18,77.18,77.04,77.04,25.73,25.73,25.68,25.68,923.0,0.0,1.0,3.0,0.0
2016-04-19,78.14,78.14,77.23,77.36,26.05,26.05,25.74,25.79,1664.0,0.0,1.0,3.0,0.0
2016-04-20,77.37,77.87,77.34,77.87,25.79,25.96,25.78,25.96,1475.0,0.0,1.0,3.0,0.0
2016-04-21,77.63,77.63,77.17,77.24,25.88,25.88,25.72,25.75,7099.0,0.0,1.0,3.0,0.0
2016-04-22,77.74,77.74,77.29,77.31,25.91,25.91,25.76,25.77,2984.0,0.0,1.0,3.0,0.0
2016-04-25,77.57,77.57,77.25,77.25,25.86,25.86,25.75,25.75,486.0,0.0,1.0,3.0,0.0
2016-04-26,78.05,78.05,77.66,77.82,26.02,26.02,25.89,25.94,8676.0,0.0,1.0,3.0,0.0
2016-04-27,77.75,77.75,77.75,77.75,25.92,25.92,25.92,25.92,610.0,0.0,1.0,3.0,0.0
2016-04-28,78.48,78.54,78.48,78.54,26.16,26.18,26.16,26.18,813.0,0.0,1.0,3.0,0.0
2016-04-29,77.48,77.48,76.59,76.59,25.83,25.83,25.53,25.53,920.0,0.0,1.0,3.0,0.0
2016-05-02,76.67,76.95,76.67,76.95,25.56,25.65,25.56,25.65,639.0,0.0,1.0,3.0,0.0
2016-05-03,76.31,76.87,76.31,76.87,25.44,25.62,25.44,25.62,595.0,0.0,1.0,3.0,0.0
2016-05-04,76.0,76.0,76.0,76.0,25.33,25.33,25.33,25.33,618.0,0.0,1.0,3.0,0.0
2016-05-05,75.85,75.85,75.85,75.85,25.28,25.28,25.28,25.28,550.0,0.0,1.0,3.0,0.0
2016-05-06,75.3,75.72,75.3,75.61,25.1,25.24,25.1,25.2,1280.0,0.0,1.0,3.0,0.0
2016-05-09,76.22,76.3,75.97,76.3,25.41,25.43,25.32,25.43,2691.0,0.0,1.0,3.0,0.0
2016-05-10,76.66,77.15,76.66,77.15,25.55,25.72,25.55,25.72,452.0,0.0,1.0,3.0,0.0
2016-05-11,76.51,76.76,76.46,76.46,25.5,25.58,25.48,25.48,1355.0,0.0,1.0,3.0,-3.86
2016-05-12,75.97,76.22,75.19,75.19,25.32,25.41,25.06,25.06,1202.0,0.0,1.0,3.0,0.0
2016-05-13,75.19,75.19,75.19,75.19,25.06,25.06,25.06,25.06,0.0,0.0,1.0,3.0,0.0
2016-05-16,75.71,76.24,75.71,76.24,25.24,25.41,25.24,25.41,730.0,0.0,1.0,3.0,0.0
2016-05-17,76.27,76.41,75.07,75.07,25.42,25.47,25.02,25.02,4100.0,0.0,1.0,3.0,0.0
2016-05-18,75.37,75.58,75.26,75.39,25.12,25.19,25.09,25.13,1203.0,0.0,1.0,3.0,0.0
2016-05-19,75.33,75.33,74.62,74.67,25.11,25.11,24.87,24.89,2387.0,0.0,1.0,3.0,0.0
2016-05-20,74.63,75.99,74.63,75.99,24.88,25.33,24.88,25.33,1045.0,0.0,1.0,3.0,0.0
2016-05-23,75.79,76.4,75.79,76.4,25.26,25.47,25.26,25.47,1673.0,0.0,1.0,3.0,0.0
2016-05-24,76.94,76.94,76.94,76.94,25.65,25.65,25.65,25.65,499.0,0.0,1.0,3.0,0.0
2016-05-25,77.75,77.99,77.52,77.68,25.92,26.0,25.84,25.9,1993.0,0.0,1.0,3.0,0.0
2016-05-26,77.68,77.68,77.68,77.68,25.9,25.9,25.9,25.9,0.0,0.0,1.0,3.0,0.0
2016-05-27,77.25,77.97,77.25,77.97,25.75,25.99,25.75,25.99,766.0,0.0,1.0,3.0,0.0
2016-05-31,78.31,78.31,78.31,78.31,26.1,26.1,26.1,26.1,1047.0,0.0,1.0,3.0,0.0
2016-06-01,78.46,78.46,77.94,78.22,26.15,26.15,25.98,26.07,7597.0,0.0,1.0,3.0,0.0
2016-06-02,78.94,79.42,78.94,79.42,26.31,26.47,26.31,26.47,2452.0,0.0,1.0,3.0,0.0
2016-06-03,78.43,78.7,78.43,78.7,26.14,26.23,26.14,26.23,327.0,0.0,1.0,3.0,0.0
2016-06-06,79.05,79.83,79.05,79.83,26.35,26.61,26.35,26.61,1499.0,0.0,1.0,3.0,0.0
2016-06-07,79.82,80.39,79.82,79.93,26.61,26.8,26.61,26.64,1580.0,0.0,1.0,3.0,0.0
2016-06-08,79.98,80.25,79.98,80.25,26.66,26.75,26.66,26.75,725.0,0.0,1.0,3.0,0.0
2016-06-09,79.87,80.22,79.69,80.22,26.62,26.74,26.56,26.74,1952.0,0.0,1.0,3.0,0.0
2016-06-10,79.68,79.68,78.81,78.81,26.56,26.56,26.27,26.27,753.0,0.0,1.0,3.0,0.0
2016-06-13,78.48,78.48,78.41,78.41,26.16,26.16,26.14,26.14,354.0,0.0,1.0,3.0,0.0
2016-06-14,77.79,77.79,77.24,77.7,25.93,25.93,25.75,25.9,633.0,0.0,1.0,3.0,0.0
2016-06-15,77.42,78.22,77.42,78.0,25.81,26.07,25.81,26.0,1811.0,0.0,1.0,3.0,0.0
2016-06-16,77.3,77.79,77.25,77.79,25.77,25.93,25.75,25.93,8403.0,0.0,1.0,3.0,0.0
2016-06-17,76.85,77.74,76.85,77.16,25.62,25.91,25.62,25.72,3081.0,0.0,1.0,3.0,0.0
2016-06-20,77.68,78.7,77.68,78.45,25.89,26.23,25.89,26.15,3896.0,0.0,1.0,3.0,0.0
2016-06-21,78.02,78.02,77.93,77.99,26.01,26.01,25.98,26.0,3099.0,0.0,1.0,3.0,0.0
2016-06-22,78.53,78.53,77.89,78.23,26.18,26.18,25.96,26.08,1291.0,0.0,1.0,3.0,0.0
2016-06-23,78.52,78.52,78.52,78.52,26.17,26.17,26.17,26.17,272.0,0.0,1.0,3.0,0.0
2016-06-24,76.42,76.97,76.24,76.24,25.47,25.66,25.41,25.41,1986.0,0.0,1.0,3.0,0.0
2016-06-27,74.73,74.73,73.61,73.61,24.91,24.91,24.54,24.54,1817.0,0.0,1.0,3.0,0.0
2016-06-28,75.28,75.33,75.28,75.33,25.09,25.11,25.09,25.11,496.0,0.0,1.0,3.0,0.0
2016-06-29,76.09,76.09,76.09,76.09,25.36,25.36,25.36,25.36,198.0,0.0,1.0,3.0,0.0
2016-06-30,76.93,77.73,76.65,77.73,25.64,25.91,25.55,25.91,1860.0,0.0,1.0,3.0,0.0
2016-07-01,77.73,78.38,77.73,78.25,25.91,26.13,25.91,26.08,5210.0,0.0,1.0,3.0,0.0
2016-07-05,77.76,77.76,77.76,77.76,25.92,25.92,25.92,25.92,767.0,0.0,1.0,3.0,0.0
2016-07-06,76.47,77.9,76.47,77.9,25.49,25.97,25.49,25.97,2466.0,0.0,1.0,3.0,0.0
2016-07-07,78.26,78.32,77.82,77.84,26.09,26.11,25.94,25.95,5709.0,0.0,1.0,3.0,0.0
2016-07-08,79.28,79.41,79.23,79.33,26.43,26.47,26.41,26.44,2062.0,0.0,1.0,3.0,0.0
2016-07-11,79.96,80.42,79.96,80.42,26.65,26.81,26.65,26.81,4455.0,0.0,1.0,3.0,0.0
2016-07-12,81.01,81.14,80.87,81.03,27.0,27.05,26.96,27.01,1194.0,0.0,1.0,3.0,0.0
2016-07-13,80.97,80.97,80.53,80.67,26.99,26.99,26.84,26.89,1233.0,0.0,1.0,3.0,0.0
2016-07-14,81.05,81.31,80.87,80.87,27.02,27.1,26.96,26.96,7479.0,0.0,1.0,3.0,0.0
2016-07-15,80.54,81.07,80.54,81.01,26.85,27.02,26.85,27.0,1960.0,0.0,1.0,3.0,0.0
2016-07-18,81.06,81.06,80.99,80.99,27.02,27.02,27.0,27.0,559.0,0.0,1.0,3.0,0.0
2016-07-19,80.79,81.07,80.79,80.83,26.93,27.02,26.93,26.94,855.0,0.0,1.0,3.0,0.0
2016-07-20,80.98,81.6,80.98,81.6,26.99,27.2,26.99,27.2,530.0,0.0,1.0,3.0,0.0
2016-07-21,81.05,81.41,81.05,81.09,27.02,27.14,27.02,27.03,11827.0,0.0,1.0,3.0,0.0
2016-07-22,80.94,81.7,80.94,81.44,26.98,27.23,26.98,27.15,788.0,0.0,1.0,3.0,0.0
2016-07-25,81.46,81.58,81.22,81.58,27.15,27.19,27.07,27.19,1442.0,0.0,1.0,3.0,0.0
2016-07-26,81.87,81.87,81.87,81.87,27.29,27.29,27.29,27.29,432.0,0.0,1.0,3.0,0.0
2016-07-27,82.0,82.0,81.49,81.83,27.33,27.33,27.16,27.28,1746.0,0.0,1.0,3.0,0.0
2016-07-28,82.33,82.33,81.96,81.96,27.44,27.44,27.32,27.32,2409.0,0.0,1.0,3.0,0.0
2016-07-29,82.18,82.42,82.18,82.25,27.39,27.47,27.39,27.42,1318.0,0.0,1.0,3.0,0.0
2016-08-01,82.64,82.74,82.26,82.46,27.55,27.58,27.42,27.49,6785.0,0.0,1.0,3.0,0.0
2016-08-02,82.04,82.04,80.97,81.28,27.35,27.35,26.99,27.09,1740.0,0.0,1.0,3.0,0.0
2016-08-03,81.62,81.73,81.48,81.73,27.21,27.24,27.16,27.24,582.0,0.0,1.0,3.0,0.0
2016-08-04,81.68,81.91,81.61,81.84,27.23,27.3,27.2,27.28,6403.0,0.0,1.0,3.0,0.0
2016-08-05,82.16,82.66,82.16,82.66,27.39,27.55,27.39,27.55,1791.0,0.0,1.0,3.0,0.0
2016-08-08,82.56,82.91,82.31,82.31,27.52,27.64,27.44,27.44,1040.0,0.0,1.0,3.0,0.0
2016-08-09,82.46,82.8,82.46,82.8,27.49,27.6,27.49,27.6,402.0,0.0,1.0,3.0,0.0
2016-08-10,82.3,82.4,82.2,82.3,27.43,27.47,27.4,27.43,966.0,0.0,1.0,3.0,0.0
2016-08-11,82.67,82.68,82.47,82.68,27.56,27.56,27.49,27.56,1033.0,0.0,1.0,3.0,0.0
2016-08-12,82.71,82.71,82.41,82.41,27.57,27.57,27.47,27.47,5752.0,0.0,1.0,3.0,0.0
2016-08-15,83.0,83.22,83.0,83.03,27.67,27.74,27.67,27.68,1487.0,0.0,1.0,3.0,0.0
2016-08-16,82.68,82.78,82.68,82.75,27.56,27.59,27.56,27.58,1292.0,0.0,1.0,3.0,0.0
2016-08-17,82.2,82.2,82.14,82.14,27.4,27.4,27.38,27.38,1095.0,0.0,1.0,3.0,0.0
2016-08-18,82.58,82.84,82.58,82.84,27.53,27.61,27.53,27.61,486.0,0.0,1.0,3.0,0.0
2016-08-19,82.47,82.92,82.39,82.58,27.49,27.64,27.46,27.53,1398.0,0.0,1.0,3.0,0.0
2016-08-22,82.58,83.02,82.51,82.58,27.53,27.67,27.5,27.53,1642.0,0.0,1.0,3.0,0.0
2016-08-23,83.31,83.44,83.31,83.44,27.77,27.81,27.77,27.81,469.0,0.0,1.0,3.0,0.0
2016-08-24,83.38,83.38,82.76,82.76,27.79,27.79,27.59,27.59,1802.0,0.0,1.0,3.0,0.0
2016-08-25,82.6,82.91,82.6,82.91,27.53,27.64,27.53,27.64,1244.0,0.0,1.0,3.0,0.0
2016-08-26,83.31,83.45,82.17,82.74,27.77,27.82,27.39,27.58,2173.0,0.0,1.0,3.0,0.0
2016-08-29,82.94,83.43,82.94,83.21,27.65,27.81,27.65,27.74,3608.0,0.0,1.0,3.0,0.0
2016-08-30,83.42,83.42,82.98,83.05,27.81,27.81,27.66,27.68,1451.0,0.0,1.0,3.0,0.0
2016-08-31,82.81,82.94,82.63,82.63,27.6,27.65,27.54,27.54,546.0,0.0,1.0,3.0,0.0
2016-09-01,82.77,82.77,82.4,82.4,27.59,27.59,27.47,27.47,368.0,0.0,1.0,3.0,0.0
2016-09-02,82.63,83.37,82.63,83.27,27.54,27.79,27.54,27.76,2277.0,0.0,1.0,3.0,0.0
2016-09-06,83.31,83.64,83.31,83.52,27.77,27.88,27.77,27.84,1545.0,0.0,1.0,3.0,0.0
2016-09-07,83.34,83.66,83.33,83.66,27.78,27.89,27.78,27.89,1479.0,0.0,1.0,3.0,0.0
2016-09-08,84.18,84.18,83.7,83.7,28.06,28.06,27.9,27.9,732.0,0.0,1.0,3.0,0.0
2016-09-09,82.81,82.81,81.54,81.54,27.6,27.6,27.18,27.18,2023.0,0.0,1.0,3.0,0.0
2016-09-12,80.4,82.18,80.0,82.18,26.8,27.39,26.67,27.39,2403.0,0.0,1.0,3.0,0.0
2016-09-13,81.87,81.87,80.47,80.79,27.29,27.29,26.82,26.93,702.0,0.0,1.0,3.0,0.0
2016-09-14,80.4,80.58,80.1,80.27,26.8,26.86,26.7,26.76,1375.0,0.0,1.0,3.0,0.0
2016-09-15,80.96,81.19,80.96,81.19,26.99,27.06,26.99,27.06,586.0,0.0,1.0,3.0,0.0
2016-09-16,80.93,80.93,80.51,80.71,26.98,26.98,26.84,26.9,775.0,0.0,1.0,3.0,0.0
2016-09-19,80.99,81.52,80.99,81.5,27.0,27.17,27.0,27.17,5228.0,0.0,1.0,3.0,0.0
2016-09-20,81.35,81.35,80.66,80.66,27.12,27.12,26.89,26.89,1149595.0,0.0,1.0,3.0,0.0
2016-09-21,80.38,82.07,80.38,82.07,26.79,27.36,26.79,27.36,3500.0,0.0,1.0,3.0,93.13
2016-09-22,82.57,82.96,82.57,82.95,27.52,27.65,27.52,27.65,37551.0,0.0,1.0,3.0,0.0
2016-09-23,82.63,82.82,82.63,82.82,27.54,27.61,27.54,27.61,342.0,0.0,1.0,3.0,0.0
2016-09-26,82.25,82.25,81.78,81.87,27.42,27.42,27.26,27.29,854.0,0.0,1.0,3.0,0.0
2016-09-27,81.85,81.85,81.7,81.7,27.28,27.28,27.23,27.23,458.0,0.0,1.0,3.0,0.0
2016-09-28,81.52,82.34,81.52,82.26,27.17,27.45,27.17,27.42,1172.0,0.0,1.0,3.0,0.0
2016-09-29,82.87,82.87,81.97,81.97,27.62,27.62,27.32,27.32,1302.0,0.0,1.0,3.0,0.0
2016-09-30,82.3,82.3,82.3,82.3,27.43,27.43,27.43,27.43,221.0,0.0,1.0,3.0,0.0
2016-10-03,82.1,82.1,81.81,81.85,27.37,27.37,27.27,27.28,1262.0,0.0,1.0,3.0,0.0
2016-10-04,82.07,82.08,81.36,81.36,27.36,27.36,27.12,27.12,631.0,0.0,1.0,3.0,0.0
2016-10-05,81.34,82.12,81.34,82.08,27.11,27.37,27.11,27.36,461.0,0.0,1.0,3.0,0.0
2016-10-06,81.51,82.03,81.5,81.98,27.17,27.34,27.17,27.33,12264.0,0.0,1.0,3.0,0.0
2016-10-07,81.8,81.94,81.23,81.38,27.27,27.31,27.08,27.13,3994.0,0.0,1.0,3.0,0.0
2016-10-10,82.27,82.27,82.2,82.2,27.42,27.42,27.4,27.4,5172.0,0.0,1.0,3.0,0.0
2016-10-11,81.27,81.27,80.94,80.94,27.09,27.09,26.98,26.98,1985.0,0.0,1.0,3.0,0.0
2016-10-12,81.02,81.02,81.02,81.02,27.01,27.01,27.01,27.01,467.0,0.0,1.0,3.0,0.0
2016-10-13,80.82,80.82,80.38,80.53,26.94,26.94,26.79,26.84,11350.0,0.0,1.0,3.0,0.0
2016-10-14,80.88,80.88,80.88,80.88,26.96,26.96,26.96,26.96,168.0,0.0,1.0,3.0,0.0
2016-10-17,80.5,80.5,80.5,80.5,26.83,26.83,26.83,26.83,658.0,0.0,1.0,3.0,0.0
2016-10-18,81.0,81.0,80.59,80.87,27.0,27.0,26.86,26.96,1076.0,0.0,1.0,3.0,0.0
2016-10-19,80.9,81.44,80.62,81.44,26.97,27.15,26.87,27.15,1163.0,0.0,1.0,3.0,0.0
2016-10-20,80.84,80.84,80.7,80.7,26.95,26.95,26.9,26.9,19941.0,0.0,1.0,3.0,0.0
2016-10-21,80.58,80.71,80.4,80.4,26.86,26.9,26.8,26.8,1823.0,0.0,1.0,3.0,0.0
2016-10-24,80.4,80.4,80.4,80.4,26.8,26.8,26.8,26.8,139.0,0.0,1.0,3.0,0.0
2016-10-25,80.55,80.55,80.53,80.53,26.85,26.85,26.84,26.84,1041.0,0.0,1.0,3.0,0.0
2016-10-26,80.28,80.28,79.91,80.04,26.76,26.76,26.64,26.68,440.0,0.0,1.0,3.0,0.0
2016-10-27,79.3,79.36,79.06,79.36,26.43,26.45,26.35,26.45,1176.0,0.0,1.0,3.0,-4.01
2016-10-28,79.15,79.27,79.14,79.27,26.38,26.42,26.38,26.42,1658.0,0.0,1.0,3.0,0.0
2016-10-31,79.08,79.57,79.08,79.57,26.36,26.52,26.36,26.52,1164.0,0.0,1.0,3.0,0.0
2016-11-01,79.57,79.57,78.72,78.91,26.52,26.52,26.24,26.3,1410.0,0.0,1.0,3.0,0.0
2016-11-02,77.94,78.67,77.94,78.33,25.98,26.22,25.98,26.11,2472.0,0.0,1.0,3.0,0.0
2016-11-03,78.33,78.33,78.33,78.33,26.11,26.11,26.11,26.11,98.0,0.0,1.0,3.0,0.0
2016-11-04,78.29,78.71,78.29,78.71,26.1,26.24,26.1,26.24,432.0,0.0,1.0,3.0,0.0
2016-11-07,78.56,79.76,78.56,79.72,26.19,26.59,26.19,26.57,7914.0,0.0,1.0,3.0,0.0
2016-11-08,79.98,80.45,79.98,80.09,26.66,26.82,26.66,26.7,4056.0,0.0,1.0,3.0,0.0
2016-11-09,81.27,81.27,81.27,81.27,27.09,27.09,27.09,27.09,316.0,0.0,1.0,3.0,0.0
2016-11-10,82.64,82.64,82.13,82.13,27.55,27.55,27.38,27.38,11888.0,0.0,1.0,3.0,0.0
2016-11-11,82.76,83.33,82.76,83.33,27.59,27.78,27.59,27.78,2006.0,0.0,1.0,3.0,-4.13
2016-11-14,84.79,84.99,84.6,84.96,28.26,28.33,28.2,28.32,2546.0,0.0,1.0,3.0,0.0
2016-11-15,85.02,85.11,84.71,85.11,28.34,28.37,28.24,28.37,7226.0,0.0,1.0,3.0,0.0
2016-11-16,85.47,85.5,84.97,84.97,28.49,28.5,28.32,28.32,2432.0,0.0,1.0,3.0,0.0
2016-11-17,85.86,86.04,85.42,85.42,28.62,28.68,28.47,28.47,39213.0,0.0,1.0,3.0,0.0
2016-11-18,85.42,85.42,85.42,85.42,28.47,28.47,28.47,28.47,0.0,0.0,1.0,3.0,0.0
2016-11-21,86.49,86.66,85.77,86.66,28.83,28.89,28.59,28.89,25249.0,0.0,1.0,3.0,0.0
2016-11-22,87.0,87.91,86.45,87.45,29.0,29.3,28.82,29.15,7887.0,0.0,1.0,3.0,0.0
2016-11-23,87.67,88.14,86.85,88.14,29.22,29.38,28.95,29.38,11887.0,0.0,1.0,3.0,0.0
2016-11-25,88.14,88.14,88.14,88.14,29.38,29.38,29.38,29.38,0.0,0.0,1.0,3.0,-4.39
2016-11-28,87.67,87.67,87.42,87.42,29.22,29.22,29.14,29.14,1490.0,0.0,1.0,3.0,0.0
2016-11-29,87.59,87.59,87.59,87.59,29.2,29.2,29.2,29.2,286.0,0.0,1.0,3.0,0.0
2016-11-30,88.0,88.0,86.57,86.57,29.33,29.33,28.86,28.86,6047.0,0.0,1.0,3.0,0.0
2016-12-01,87.03,87.33,87.03,87.33,29.01,29.11,29.01,29.11,678.0,0.0,1.0,3.0,0.0
2016-12-02,87.03,87.14,86.96,87.14,29.01,29.05,28.99,29.05,9773.0,0.0,1.0,3.0,0.0
2016-12-05,87.18,88.27,87.18,88.21,29.06,29.42,29.06,29.4,2077.0,0.0,1.0,3.0,0.0
2016-12-06,88.62,89.04,88.18,88.34,29.54,29.68,29.39,29.45,11618.0,0.0,1.0,3.0,0.0
2016-12-07,89.27,90.38,89.13,90.38,29.76,30.13,29.71,30.13,2192.0,0.0,1.0,3.0,-4.46
2016-12-08,90.51,91.2,90.19,91.2,30.17,30.4,30.06,30.4,27882.0,0.0,1.0,3.0,0.0
2016-12-09,91.65,91.65,91.04,91.06,30.55,30.55,30.35,30.35,2461.0,0.0,1.0,3.0,0.0
2016-12-12,91.32,91.32,90.54,90.69,30.44,30.44,30.18,30.23,2440.0,0.0,1.0,3.0,0.0
2016-12-13,91.19,91.19,90.49,90.54,30.4,30.4,30.16,30.18,2775.0,0.0,1.0,3.0,0.0
2016-12-14,90.6,90.6,89.47,89.47,30.2,30.2,29.82,29.82,5134.0,0.0,1.0,3.0,0.0
2016-12-15,90.0,90.55,89.47,89.76,30.0,30.18,29.82,29.92,10607.0,0.0,1.0,3.0,0.0
2016-12-16,89.5,89.5,89.42,89.42,29.83,29.83,29.81,29.81,353.0,0.31,1.0,3.0,0.0
2016-12-19,87.76,89.42,87.76,89.4,29.25,29.81,29.25,29.8,7426.0,0.0,1.0,3.0,0.0
2016-12-20,89.64,89.89,89.45,89.45,29.88,29.96,29.82,29.82,7953.0,0.0,1.0,3.0,0.0
2016-12-21,90.0,90.07,89.46,89.93,30.0,30.02,29.82,29.98,1935.0,0.0,1.0,3.0,0.0
2016-12-22,89.72,89.72,88.64,88.77,29.91,29.91,29.55,29.59,43811.0,0.0,1.0,3.0,0.0
2016-12-23,89.32,89.35,88.72,89.35,29.77,29.78,29.57,29.78,4824.0,0.0,1.0,3.0,0.0
2016-12-27,89.61,89.82,89.46,89.5,29.87,29.94,29.82,29.83,1484.0,0.0,1.0,3.0,-4.46
2016-12-28,89.74,89.74,88.52,88.77,29.91,29.91,29.51,29.59,7010.0,0.0,1.0,3.0,0.0
2016-12-29,89.12,89.12,88.52,88.52,29.71,29.71,29.51,29.51,7357.0,0.0,1.0,3.0,0.0
2016-12-30,88.82,88.88,88.49,88.75,29.61,29.63,29.5,29.58,3322.0,0.0,1.0,3.0,0.0
2017-01-03,89.47,89.76,88.6,88.97,29.82,29.92,29.53,29.66,9819.0,0.0,1.0,3.0,0.0
2017-01-04,89.92,91.49,89.92,90.56,29.97,30.5,29.97,30.19,90184.0,0.0,1.0,3.0,0.0
2017-01-05,90.32,90.54,89.36,90.13,30.11,30.18,29.79,30.04,155378.0,0.0,1.0,3.0,0.0
2017-01-06,89.79,89.98,89.51,89.51,29.93,29.99,29.84,29.84,1949.0,0.0,1.0,3.0,0.0
2017-01-09,89.06,89.43,88.98,89.0,29.69,29.81,29.66,29.67,3146.0,0.0,1.0,3.0,13.42
2017-01-10,90.46,90.46,89.15,89.34,30.15,30.15,29.72,29.78,7920.0,0.0,1.0,3.0,0.0
2017-01-11,89.17,89.94,89.17,89.85,29.72,29.98,29.72,29.95,86954.0,0.0,1.0,3.0,0.0
2017-01-12,89.68,89.68,88.35,89.42,29.89,29.89,29.45,29.81,4424.0,0.0,1.0,3.0,-4.49
2017-01-13,89.57,90.13,89.31,89.76,29.86,30.04,29.77,29.92,20699.0,0.0,1.0,3.0,0.0
2017-01-17,89.1,89.38,88.42,88.72,29.7,29.79,29.47,29.57,7596.0,0.0,1.0,3.0,0.0
2017-01-18,88.49,89.0,88.49,89.0,29.5,29.67,29.5,29.67,1295.0,0.0,1.0,3.0,0.0
2017-01-19,88.46,88.77,88.46,88.77,29.49,29.59,29.49,29.59,28586.0,0.0,1.0,3.0,0.0
2017-01-20,88.51,88.88,88.33,88.77,29.5,29.63,29.44,29.59,3830.0,0.0,1.0,3.0,0.0
2017-01-23,88.84,88.84,88.2,88.61,29.61,29.61,29.4,29.54,2225.0,0.0,1.0,3.0,0.0
2017-01-24,89.38,90.33,89.35,90.01,29.79,30.11,29.78,30.0,4562.0,0.0,1.0,3.0,0.0
2017-01-25,89.87,90.94,89.87,90.86,29.96,30.31,29.96,30.29,1681.0,0.0,1.0,3.0,0.0
2017-01-26,91.47,91.47,90.09,90.5,30.49,30.49,30.03,30.17,9566.0,0.0,1.0,3.0,0.0
2017-01-27,90.21,90.21,90.0,90.0,30.07,30.07,30.0,30.0,550.0,0.0,1.0,3.0,0.0
2017-01-30,88.95,89.42,88.32,88.86,29.65,29.81,29.44,29.62,2468.0,0.0,1.0,3.0,0.0
2017-01-31,89.26,89.72,89.11,89.72,29.75,29.91,29.7,29.91,3639.0,0.0,1.0,3.0,0.0
2017-02-01,89.46,89.76,89.15,89.38,29.82,29.92,29.72,29.79,7492.0,0.0,1.0,3.0,0.0
2017-02-02,89.49,90.1,88.95,89.36,29.83,30.03,29.65,29.79,18086.0,0.0,1.0,3.0,0.0
2017-02-03,89.82,90.65,89.82,90.65,29.94,30.22,29.94,30.22,11673.0,0.0,1.0,3.0,0.0
2017-02-06,89.94,90.41,89.64,90.18,29.98,30.14,29.88,30.06,6572.0,0.0,1.0,3.0,0.0
2017-02-07,89.75,90.44,89.5,89.5,29.92,30.15,29.83,29.83,12842.0,0.0,1.0,3.0,0.0
2017-02-08,88.96,90.0,88.96,89.78,29.65,30.0,29.65,29.93,9235.0,0.0,1.0,3.0,0.0
2017-02-09,90.26,91.24,90.26,90.9,30.09,30.41,30.09,30.3,8725.0,0.0,1.0,3.0,0.0
2017-02-10,90.99,91.73,90.99,91.57,30.33,30.58,30.33,30.52,22666.0,0.0,1.0,3.0,0.0
2017-02-13,91.91,92.38,91.8,92.21,30.64,30.79,30.6,30.74,8150.0,0.0,1.0,3.0,0.0
2017-02-14,92.4,92.4,91.37,91.88,30.8,30.8,30.46,30.63,13014.0,0.0,1.0,3.0,0.0
2017-02-15,92.43,92.5,91.7,92.0,30.81,30.83,30.57,30.67,35121.0,0.0,1.0,3.0,0.0
2017-02-16,92.16,92.42,91.75,92.2,30.72,30.81,30.58,30.73,10268.0,0.0,1.0,3.0,0.0
2017-02-17,92.39,93.57,91.8,92.23,30.8,31.19,30.6,30.74,27151.0,0.0,1.0,3.0,0.0
2017-02-21,92.81,93.29,92.27,92.94,30.94,31.1,30.76,30.98,22824.0,0.0,1.0,3.0,9.2
2017-02-22,92.82,92.95,92.34,92.95,30.94,30.98,30.78,30.98,13271.0,0.0,1.0,3.0,0.0
2017-02-23,93.41,93.41,91.62,92.62,31.14,31.14,30.54,30.87,6405.0,0.0,1.0,3.0,0.0
2017-02-24,92.55,92.55,91.62,92.09,30.85,30.85,30.54,30.7,11983.0,0.0,1.0,3.0,0.0
2017-02-27,92.46,92.96,92.31,92.86,30.82,30.99,30.77,30.95,4257.0,0.0,1.0,3.0,0.0
2017-02-28,92.66,92.66,91.72,91.8,30.89,30.89,30.57,30.6,2986.0,0.0,1.0,3.0,0.0
2017-03-01,92.72,93.49,92.72,93.49,30.91,31.16,30.91,31.16,5262.0,0.0,1.0,3.0,0.0
2017-03-02,92.72,92.72,92.42,92.42,30.91,30.91,30.81,30.81,3312.0,0.0,1.0,3.0,0.0
2017-03-03,92.1,92.59,91.88,92.03,30.7,30.86,30.63,30.68,8617.0,0.0,1.0,3.0,0.0
2017-03-06,92.37,92.37,90.92,91.45,30.79,30.79,30.31,30.48,4323.0,0.0,1.0,3.0,0.0
2017-03-07,91.22,91.51,91.16,91.42,30.41,30.5,30.39,30.47,2768.0,0.0,1.0,3.0,0.0
2017-03-08,90.99,91.17,90.99,91.17,30.33,30.39,30.33,30.39,821.0,0.0,1.0,3.0,0.0
2017-03-09,89.97,90.16,89.51,90.15,29.99,30.06,29.84,30.05,62226.0,0.0,1.0,3.0,0.0
2017-03-10,90.75,90.75,90.2,90.66,30.25,30.25,30.07,30.22,4531.0,0.0,1.0,3.0,0.0
2017-03-13,90.74,90.75,90.63,90.75,30.25,30.25,30.21,30.25,2763.0,0.0,1.0,3.0,9.04
2017-03-14,90.15,90.15,89.91,89.91,30.05,30.05,29.97,29.97,994.0,0.0,1.0,3.0,0.0
2017-03-15,91.34,91.68,91.15,91.68,30.45,30.56,30.38,30.56,3486.0,0.0,1.0,3.0,0.0
2017-03-16,92.0,92.03,91.59,91.86,30.67,30.68,30.53,30.62,4156.0,0.0,1.0,3.0,0.0
2017-03-17,91.62,91.62,91.25,91.25,30.54,30.54,30.42,30.42,2842.0,0.09,1.0,3.0,0.0
2017-03-20,91.78,91.78,91.24,91.38,30.59,30.59,30.41,30.46,4602.0,0.0,1.0,3.0,0.0
2017-03-21,89.49,89.61,89.32,89.61,29.83,29.87,29.77,29.87,1291.0,0.0,1.0,3.0,0.0
2017-03-22,90.09,90.09,88.38,89.12,30.03,30.03,29.46,29.71,3166.0,0.0,1.0,3.0,0.0
2017-03-23,89.77,90.35,89.46,89.71,29.92,30.12,29.82,29.9,8607.0,0.0,1.0,3.0,0.0
2017-03-24,90.31,90.31,90.08,90.08,30.1,30.1,30.03,30.03,782.0,0.0,1.0,3.0,0.0
2017-03-27,88.7,89.27,88.7,89.27,29.57,29.76,29.57,29.76,1719.0,0.0,1.0,3.0,0.0
2017-03-28,89.35,90.45,89.16,89.9,29.78,30.15,29.72,29.96,1949.0,0.0,1.0,3.0,0.0
2017-03-29,90.35,90.42,90.35,90.42,30.12,30.14,30.12,30.14,1617.0,0.0,1.0,3.0,0.0
2017-03-30,90.57,91.05,90.57,91.05,30.19,30.35,30.19,30.35,2643.0,0.0,1.0,3.0,0.0
2017-03-31,91.18,91.6,90.94,91.09,30.39,30.53,30.31,30.36,2560.0,0.0,1.0,3.0,0.0
2017-04-03,89.79,90.2,89.79,90.2,29.93,30.07,29.93,30.07,2845.0,0.0,1.0,3.0,0.0
2017-04-04,89.71,90.24,89.59,89.62,29.9,30.08,29.86,29.87,6563.0,0.0,1.0,3.0,0.0
2017-04-05,90.73,90.87,89.43,89.53,30.24,30.29,29.81,29.84,3864.0,0.0,1.0,3.0,0.0
2017-04-06,90.33,90.33,89.88,89.96,30.11,30.11,29.96,29.99,2526.0,0.0,1.0,3.0,0.0
2017-04-07,89.57,90.26,89.57,89.8,29.86,30.09,29.86,29.93,2221.0,0.0,1.0,3.0,0.0
2017-04-10,89.8,90.6,89.8,90.05,29.93,30.2,29.93,30.02,639.0,0.0,1.0,3.0,0.0
2017-04-11,90.0,90.63,90.0,90.55,30.0,30.21,30.0,30.18,2651.0,0.0,1.0,3.0,0.0
2017-04-12,90.5,90.69,89.64,89.64,30.17,30.23,29.88,29.88,5069.0,0.0,1.0,3.0,0.0
2017-04-13,89.74,89.74,88.68,88.89,29.91,29.91,29.56,29.63,1818.0,0.0,1.0,3.0,0.0
2017-04-17,88.98,89.39,88.98,89.39,29.66,29.8,29.66,29.8,1139.0,0.0,1.0,3.0,0.0
2017-04-18,88.92,90.07,88.92,90.07,29.64,30.02,29.64,30.02,2350.0,0.0,1.0,3.0,0.0
2017-04-19,90.64,90.64,90.23,90.45,30.21,30.21,30.08,30.15,1340.0,0.0,1.0,3.0,0.0
2017-04-20,90.72,91.23,90.5,90.92,30.24,30.41,30.17,30.31,5262.0,0.0,1.0,3.0,0.0
2017-04-21,90.88,91.2,90.5,91.11,30.29,30.4,30.17,30.37,1533.0,0.0,1.0,3.0,0.0
2017-04-24,91.65,92.11,91.55,91.66,30.55,30.7,30.52,30.55,7881.0,0.0,1.0,3.0,0.0
2017-04-25,91.6,92.6,91.6,92.53,30.53,30.87,30.53,30.84,1262.0,0.0,1.0,3.0,0.0
2017-04-26,93.03,93.23,92.62,93.23,31.01,31.08,30.87,31.08,1778.0,0.0,1.0,3.0,0.0
2017-04-27,92.75,92.82,92.65,92.65,30.92,30.94,30.88,30.88,7765.0,0.0,1.0,3.0,0.0
2017-04-28,92.45,92.45,91.96,91.97,30.82,30.82,30.65,30.66,2794.0,0.0,1.0,3.0,0.0
2017-05-01,92.06,92.52,91.93,91.95,30.69,30.84,30.64,30.65,3311.0,0.0,1.0,3.0,0.0
2017-05-02,92.32,92.32,91.58,91.95,30.77,30.77,30.53,30.65,3118.0,0.0,1.0,3.0,0.0
2017-05-03,90.95,91.54,90.95,91.54,30.32,30.51,30.32,30.51,1959.0,0.0,1.0,3.0,0.0
2017-05-04,91.47,91.5,91.1,91.42,30.49,30.5,30.37,30.47,1709.0,0.0,1.0,3.0,0.0
2017-05-05,91.5,91.83,91.5,91.83,30.5,30.61,30.5,30.61,1511.0,0.0,1.0,3.0,0.0
2017-05-08,91.43,91.43,91.29,91.29,30.48,30.48,30.43,30.43,1765.0,0.0,1.0,3.0,0.0
2017-05-09,91.64,92.08,91.64,91.91,30.55,30.69,30.55,30.64,1688.0,0.0,1.0,3.0,0.0
2017-05-10,92.01,92.89,91.97,92.28,30.67,30.96,30.66,30.76,877.0,0.0,1.0,3.0,0.0
2017-05-11,91.25,91.25,91.19,91.19,30.42,30.42,30.4,30.4,669.0,0.0,1.0,3.0,0.0
2017-05-12,91.19,91.41,90.84,91.07,30.4,30.47,30.28,30.36,1626.0,0.0,1.0,3.0,0.0
2017-05-15,91.68,91.86,91.49,91.49,30.56,30.62,30.5,30.5,810.0,0.0,1.0,3.0,0.0
2017-05-16,91.56,91.56,91.31,91.31,30.52,30.52,30.44,30.44,714.0,0.0,1.0,3.0,0.0
2017-05-17,90.34,90.36,89.45,89.6,30.11,30.12,29.82,29.87,1702.0,0.0,1.0,3.0,0.0
2017-05-18,89.05,90.05,89.05,90.05,29.68,30.02,29.68,30.02,21478.0,0.0,1.0,3.0,0.0
2017-05-19,89.68,90.89,89.68,90.89,29.89,30.3,29.89,30.3,866.0,0.0,1.0,3.0,0.0
2017-05-22,90.89,90.89,90.89,90.89,30.3,30.3,30.3,30.3,0.0,0.0,1.0,3.0,0.0
2017-05-23,90.8,91.18,90.8,90.84,30.27,30.39,30.27,30.28,3554.0,0.0,1.0,3.0,0.0
2017-05-24,91.51,91.51,91.04,91.12,30.5,30.5,30.35,30.38,1230.0,0.0,1.0,3.0,0.0
2017-05-25,91.84,91.84,91.5,91.56,30.61,30.61,30.5,30.52,3989.0,0.0,1.0,3.0,0.0
2017-05-26,91.35,91.35,91.34,91.34,30.45,30.45,30.45,30.45,722.0,0.0,1.0,3.0,0.0
2017-05-30,91.26,91.26,90.62,90.97,30.42,30.42,30.21,30.32,1674.0,0.0,1.0,3.0,0.0
2017-05-31,90.65,90.65,90.61,90.61,30.22,30.22,30.2,30.2,420.0,0.0,1.0,3.0,0.0
2017-06-01,91.21,92.34,91.21,92.1,30.4,30.78,30.4,30.7,3234.0,0.0,1.0,3.0,0.0
2017-06-02,92.7,93.0,92.64,93.0,30.9,31.0,30.88,31.0,2264.0,0.0,1.0,3.0,0.0
2017-06-05,92.73,92.73,92.05,92.05,30.91,30.91,30.68,30.68,3722.0,0.0,1.0,3.0,0.0
2017-06-06,91.86,92.46,91.86,92.46,30.62,30.82,30.62,30.82,2932.0,0.0,1.0,3.0,0.0
2017-06-07,92.8,92.8,91.62,91.62,30.93,30.93,30.54,30.54,1539.0,0.0,1.0,3.0,0.0
2017-06-08,92.39,92.4,92.38,92.4,30.8,30.8,30.79,30.8,26142.0,0.0,1.0,3.0,0.0
2017-06-09,93.84,93.84,92.88,93.07,31.28,31.28,30.96,31.02,2150.0,0.0,1.0,3.0,0.0
2017-06-12,92.92,93.89,92.92,93.6,30.97,31.3,30.97,31.2,8935.0,0.0,1.0,3.0,0.0
2017-06-13,93.75,94.16,93.4,94.01,31.25,31.39,31.13,31.34,1289.0,0.0,1.0,3.0,0.0
2017-06-14,93.14,93.44,92.87,93.44,31.05,31.15,30.96,31.15,1288.0,0.0,1.0,3.0,0.0
2017-06-15,93.62,93.62,92.57,92.57,31.21,31.21,30.86,30.86,27989.0,0.0,1.0,3.0,0.0
2017-06-16,92.26,92.64,92.26,92.64,30.75,30.88,30.75,30.88,2124.0,0.11,1.0,3.0,0.0
2017-06-19,92.86,92.86,92.66,92.66,30.95,30.95,30.89,30.89,49338.0,0.0,1.0,3.0,0.0
2017-06-20,91.98,92.24,91.98,92.06,30.66,30.75,30.66,30.69,720.0,0.0,1.0,3.0,0.0
2017-06-21,92.78,92.78,91.48,91.48,30.93,30.93,30.49,30.49,1560.0,0.0,1.0,3.0,-4.6
2017-06-22,91.12,92.2,91.12,91.31,30.37,30.73,30.37,30.44,21589.0,0.0,1.0,3.0,0.0
2017-06-23,91.48,92.91,91.43,91.86,30.49,30.97,30.48,30.62,6414.0,0.0,1.0,3.0,0.0
2017-06-26,93.36,93.36,92.34,92.34,31.12,31.12,30.78,30.78,1489.0,0.0,1.0,3.0,0.0
2017-06-27,92.54,92.54,91.75,92.0,30.85,30.85,30.58,30.67,1371.0,0.0,1.0,3.0,0.0
2017-06-28,92.0,92.0,92.0,92.0,30.67,30.67,30.67,30.67,0.0,0.0,1.0,3.0,0.0
2017-06-29,93.36,93.36,91.82,92.65,31.12,31.12,30.61,30.88,4568.0,0.0,1.0,3.0,0.0
2017-06-30,92.95,92.95,92.95,92.95,30.98,30.98,30.98,30.98,480.0,0.0,1.0,3.0,0.0
2017-07-03,93.1,93.12,93.1,93.12,31.03,31.04,31.03,31.04,419.0,0.0,1.0,3.0,0.0
2017-07-05,94.18,94.18,92.63,93.0,31.39,31.39,30.88,31.0,2175.0,0.0,1.0,3.0,0.0
2017-07-06,92.07,92.43,91.84,91.84,30.69,30.81,30.61,30.61,3017.0,0.0,1.0,3.0,0.0
2017-07-07,92.15,92.44,91.84,92.44,30.72,30.81,30.61,30.81,2685.0,0.0,1.0,3.0,0.0
2017-07-10,92.37,92.51,92.2,92.51,30.79,30.84,30.73,30.84,3494.0,0.0,1.0,3.0,0.0
2017-07-11,91.9,92.23,91.8,91.85,30.63,30.74,30.6,30.62,5245.0,0.0,1.0,3.0,0.0
2017-07-12,92.69,93.19,92.69,93.06,30.9,31.06,30.9,31.02,1485.0,0.0,1.0,3.0,0.0
2017-07-13,92.82,93.16,92.8,93.16,30.94,31.05,30.93,31.05,1898.0,0.0,1.0,3.0,0.0
2017-07-14,93.74,93.74,93.15,93.49,31.25,31.25,31.05,31.16,2704.0,0.0,1.0,3.0,0.0
2017-07-17,94.17,94.17,93.2,93.87,31.39,31.39,31.07,31.29,5028.0,0.0,1.0,3.0,0.0
2017-07-18,94.02,94.02,93.08,93.48,31.34,31.34,31.03,31.16,1668.0,0.0,1.0,3.0,0.0
2017-07-19,93.6,93.6,93.6,93.6,31.2,31.2,31.2,31.2,3214.0,0.0,1.0,3.0,0.0
2017-07-20,93.8,94.26,93.8,94.0,31.27,31.42,31.27,31.33,8602.0,0.0,1.0,3.0,0.0
2017-07-21,93.47,93.47,93.47,93.47,31.16,31.16,31.16,31.16,543.0,0.0,1.0,3.0,0.0
2017-07-24,94.2,94.2,93.69,94.03,31.4,31.4,31.23,31.34,1968.0,0.0,1.0,3.0,0.0
2017-07-25,94.66,94.66,94.61,94.61,31.55,31.55,31.54,31.54,521.0,0.0,1.0,3.0,0.0
2017-07-26,95.65,95.65,94.01,94.01,31.88,31.88,31.34,31.34,1013.0,0.0,1.0,3.0,0.0
2017-07-27,93.8,93.8,93.19,93.5,31.27,31.27,31.06,31.17,3465.0,0.0,1.0,3.0,0.0
2017-07-28,93.81,93.81,92.94,93.69,31.27,31.27,30.98,31.23,5104.0,0.0,1.0,3.0,0.0
2017-07-31,92.8,93.42,92.8,93.11,30.93,31.14,30.93,31.04,1700.0,0.0,1.0,3.0,0.0
2017-08-01,93.73,93.73,93.1,93.42,31.24,31.24,31.03,31.14,7946.0,0.0,1.0,3.0,0.0
2017-08-02,92.3,92.69,92.3,92.51,30.77,30.9,30.77,30.84,3463.0,0.0,1.0,3.0,0.0
2017-08-03,92.43,92.57,92.4,92.57,30.81,30.86,30.8,30.86,7547.0,0.0,1.0,3.0,0.0
2017-08-04,92.87,92.87,92.5,92.87,30.96,30.96,30.83,30.96,1842.0,0.0,1.0,3.0,0.0
2017-08-07,92.37,93.07,92.37,92.48,30.79,31.02,30.79,30.83,2096.0,0.0,1.0,3.0,0.0
2017-08-08,92.3,93.5,92.3,92.38,30.77,31.17,30.77,30.79,1602.0,0.0,1.0,3.0,0.0
2017-08-09,91.49,91.6,91.49,91.5,30.5,30.53,30.5,30.5,2388.0,0.0,1.0,3.0,0.0
2017-08-10,90.79,91.04,90.27,90.35,30.26,30.35,30.09,30.12,1702.0,0.0,1.0,3.0,0.0
2017-08-11,90.31,90.67,90.31,90.67,30.1,30.22,30.1,30.22,889.0,0.0,1.0,3.0,0.0
2017-08-14,90.59,91.75,90.59,91.62,30.2,30.58,30.2,30.54,1270.0,0.0,1.0,3.0,0.0
2017-08-15,90.92,91.26,90.77,91.0,30.31,30.42,30.26,30.33,2981.0,0.0,1.0,3.0,0.0
2017-08-16,91.3,91.39,91.3,91.3,30.43,30.46,30.43,30.43,2431.0,0.0,1.0,3.0,0.0
2017-08-17,90.8,91.0,89.87,89.87,30.27,30.33,29.96,29.96,1497.0,0.0,1.0,3.0,0.0
2017-08-18,88.8,89.62,88.8,88.98,29.6,29.87,29.6,29.66,4620.0,0.0,1.0,3.0,0.0
2017-08-21,89.01,89.34,89.01,89.34,29.67,29.78,29.67,29.78,1225.0,0.0,1.0,3.0,0.0
2017-08-22,89.75,90.13,89.75,90.13,29.92,30.04,29.92,30.04,2976.0,0.0,1.0,3.0,0.0
2017-08-23,90.21,90.21,89.91,90.05,30.07,30.07,29.97,30.02,4623.0,0.0,1.0,3.0,0.0
2017-08-24,89.96,89.96,89.96,89.96,29.99,29.99,29.99,29.99,598.0,0.0,1.0,3.0,0.0
2017-08-25,90.06,90.37,90.06,90.37,30.02,30.12,30.02,30.12,846.0,0.0,1.0,3.0,0.0
2017-08-28,90.19,90.21,90.1,90.21,30.06,30.07,30.03,30.07,1464.0,0.0,1.0,3.0,0.0
2017-08-29,89.75,90.2,89.75,90.17,29.92,30.07,29.92,30.06,4425.0,0.0,1.0,3.0,0.0
2017-08-30,90.1,90.72,90.1,90.72,30.03,30.24,30.03,30.24,3566.0,0.0,1.0,3.0,0.0
2017-08-31,90.72,91.43,90.72,91.39,30.24,30.48,30.24,30.46,4420.0,0.0,1.0,3.0,0.0
2017-09-01,91.71,91.95,91.71,91.93,30.57,30.65,30.57,30.64,13445.0,0.0,1.0,3.0,0.0
2017-09-05,91.81,91.81,90.54,90.92,30.6,30.6,30.18,30.31,3012.0,0.0,1.0,3.0,0.0
2017-09-06,90.87,91.24,90.77,91.05,30.29,30.41,30.26,30.35,5114.0,0.0,1.0,3.0,0.0
2017-09-07,90.99,90.99,90.44,90.5,30.33,30.33,30.15,30.17,6741.0,0.0,1.0,3.0,0.0
2017-09-08,90.76,91.0,90.76,90.93,30.25,30.33,30.25,30.31,911.0,0.0,1.0,3.0,0.0
2017-09-11,91.9,92.07,91.72,91.89,30.63,30.69,30.57,30.63,2198.0,0.0,1.0,3.0,0.0
2017-09-12,92.25,92.66,92.25,92.62,30.75,30.89,30.75,30.87,4108.0,0.0,1.0,3.0,0.0
2017-09-13,92.6,92.8,92.6,92.8,30.87,30.93,30.87,30.93,814.0,0.0,1.0,3.0,0.0
2017-09-14,92.33,92.42,92.33,92.42,30.78,30.81,30.78,30.81,4011.0,0.0,1.0,3.0,0.0
2017-09-15,92.35,92.69,92.16,92.42,30.78,30.9,30.72,30.81,8842.0,0.11,1.0,3.0,0.0
2017-09-18,92.26,93.36,92.26,93.11,30.75,31.12,30.75,31.04,9148.0,0.0,1.0,3.0,0.0
2017-09-19,93.13,93.34,92.94,93.05,31.04,31.11,30.98,31.02,12615.0,0.0,1.0,3.0,0.0
2017-09-20,93.23,93.5,92.9,93.43,31.08,31.17,30.97,31.14,2823.0,0.0,1.0,3.0,0.0
2017-09-21,93.39,93.52,93.39,93.52,31.13,31.17,31.13,31.17,426.0,0.0,1.0,3.0,-4.68
2017-09-22,93.61,93.72,93.56,93.67,31.2,31.24,31.19,31.22,11536.0,0.0,1.0,3.0,0.0
2017-09-25,93.03,93.94,93.03,93.85,31.01,31.31,31.01,31.28,21228.0,0.0,1.0,3.0,0.0
2017-09-26,93.67,94.3,93.67,94.17,31.22,31.43,31.22,31.39,9204.0,0.0,1.0,3.0,0.0
2017-09-27,94.78,95.5,94.14,95.5,31.59,31.83,31.38,31.83,3208.0,0.0,1.0,3.0,0.0
2017-09-28,95.19,95.37,95.07,95.07,31.73,31.79,31.69,31.69,5576.0,0.0,1.0,3.0,0.0
2017-09-29,95.72,95.81,95.72,95.74,31.91,31.94,31.91,31.91,1941.0,0.0,1.0,3.0,0.0
2017-10-02,96.16,96.63,96.08,96.52,32.05,32.21,32.03,32.17,10856.0,0.0,1.0,3.0,0.0
2017-10-03,96.78,96.85,96.26,96.74,32.26,32.28,32.09,32.25,10990.0,0.0,1.0,3.0,0.0
2017-10-04,96.81,96.93,96.52,96.54,32.27,32.31,32.17,32.18,3099.0,0.0,1.0,3.0,0.0
2017-10-05,96.89,97.17,96.65,96.9,32.3,32.39,32.22,32.3,3618.0,0.0,1.0,3.0,0.0
2017-10-06,96.98,96.98,96.71,96.87,32.33,32.33,32.24,32.29,2974.0,0.0,1.0,3.0,0.0
2017-10-09,96.78,96.78,96.26,96.46,32.26,32.26,32.09,32.15,8000.0,0.0,1.0,3.0,0.0
2017-10-10,96.88,97.03,96.59,96.76,32.29,32.34,32.2,32.25,14849.0,0.0,1.0,3.0,0.0
2017-10-11,96.86,96.91,96.69,96.74,32.29,32.3,32.23,32.25,3560.0,0.0,1.0,3.0,0.0
2017-10-12,96.6,96.88,96.6,96.87,32.2,32.29,32.2,32.29,1374.0,0.0,1.0,3.0,0.0
2017-10-13,96.83,97.06,96.83,97.06,32.28,32.35,32.28,32.35,4787.0,0.0,1.0,3.0,-4.84
2017-10-16,32.76,32.76,32.26,32.27,32.76,32.76,32.26,32.27,3900.0,0.0,3.0,1.0,-0.0
2017-10-17,32.23,32.35,32.21,32.22,32.23,32.35,32.21,32.22,16500.0,0.0,1.0,1.0,-1.61
2017-10-18,32.38,32.41,32.3,32.37,32.38,32.41,32.3,32.37,18098.0,0.0,1.0,1.0,0.0
2017-10-19,32.19,32.37,32.09,32.34,32.19,32.37,32.09,32.34,42056.0,0.0,1.0,1.0,0.0
2017-10-20,32.55,32.63,32.5,32.54,32.55,32.63,32.5,32.54,69900.0,0.0,1.0,1.0,0.0
2017-10-23,32.6,32.6,32.39,32.39,32.6,32.6,32.39,32.39,36900.0,0.0,1.0,1.0,0.0
2017-10-24,32.52,32.56,32.44,32.47,32.52,32.56,32.44,32.47,92600.0,0.0,1.0,1.0,3.24
2017-10-25,32.46,32.46,32.08,32.3,32.46,32.46,32.08,32.3,63162.0,0.0,1.0,1.0,0.0
2017-10-26,32.39,32.5,32.22,32.47,32.39,32.5,32.22,32.47,932500.0,0.0,1.0,1.0,0.0
2017-10-27,32.49,32.68,32.36,32.65,32.49,32.68,32.36,32.65,157200.0,0.0,1.0,1.0,12.98
2017-10-30,32.62,32.62,32.25,32.35,32.62,32.62,32.25,32.35,111966.0,0.0,1.0,1.0,19.57
2017-10-31,32.44,32.62,32.41,32.57,32.44,32.62,32.41,32.57,74400.0,0.0,1.0,1.0,0.0
2017-11-01,32.66,32.73,32.27,32.4,32.66,32.73,32.27,32.4,167600.0,0.0,1.0,1.0,1.63
2017-11-02,32.41,32.56,32.3,32.46,32.41,32.56,32.3,32.46,205700.0,0.0,1.0,1.0,0.0
2017-11-03,32.41,32.48,32.33,32.44,32.41,32.48,32.33,32.44,348189.0,0.0,1.0,1.0,4.86
2017-11-06,32.47,32.62,32.46,32.55,32.47,32.62,32.46,32.55,54069.0,0.0,1.0,1.0,11.35
2017-11-07,32.52,32.57,32.16,32.28,32.52,32.57,32.16,32.28,111687.0,0.0,1.0,1.0,0.0
2017-11-08,32.27,32.43,32.16,32.39,32.27,32.43,32.16,32.39,85600.0,0.0,1.0,1.0,1.61
2017-11-09,32.3,32.38,32.01,32.23,32.3,32.38,32.01,32.23,194987.0,0.0,1.0,1.0,0.0
2017-11-10,32.25,32.3,32.2,32.22,32.25,32.3,32.2,32.22,97000.0,0.0,1.0,1.0,1.61
2017-11-13,32.19,32.32,32.07,32.29,32.19,32.32,32.07,32.29,65685.0,0.0,1.0,1.0,0.0
2017-11-14,32.19,32.29,32.15,32.27,32.19,32.29,32.15,32.27,169289.0,0.0,1.0,1.0,0.0
2017-11-15,32.17,32.22,31.9,32.09,32.17,32.22,31.9,32.09,141700.0,0.0,1.0,1.0,1.61
2017-11-16,32.26,32.59,32.23,32.48,32.26,32.59,32.23,32.48,354268.0,0.0,1.0,1.0,0.0
2017-11-17,32.44,32.68,32.43,32.59,32.44,32.68,32.43,32.59,150768.0,0.0,1.0,1.0,14.62
2017-11-20,32.66,32.77,32.6,32.77,32.66,32.77,32.6,32.77,107777.0,0.0,1.0,1.0,3.26
2017-11-21,32.87,33.03,32.84,33.03,32.87,33.03,32.84,33.03,180000.0,0.0,1.0,1.0,1.64
2017-11-22,33.09,33.13,33.0,33.01,33.09,33.13,33.0,33.01,110754.0,0.0,1.0,1.0,1.65
2017-11-24,33.08,33.08,32.98,33.04,33.08,33.08,32.98,33.04,51100.0,0.0,1.0,1.0,1.65
2017-11-27,33.06,33.08,32.94,32.94,33.06,33.08,32.94,32.94,153289.0,0.0,1.0,1.0,0.0
2017-11-28,33.04,33.41,33.0,33.41,33.04,33.41,33.0,33.41,92700.0,0.0,1.0,1.0,1.65
2017-11-29,33.41,33.67,33.41,33.59,33.41,33.67,33.41,33.59,235065.0,0.0,1.0,1.0,1.67
2017-11-30,33.84,33.86,33.64,33.73,33.84,33.86,33.64,33.73,159894.0,0.0,1.0,1.0,1.68
2017-12-01,33.82,33.82,32.8,33.61,33.82,33.82,32.8,33.61,906900.0,0.0,1.0,1.0,1.69
2017-12-04,33.97,34.05,33.59,33.61,33.97,34.05,33.59,33.61,197400.0,0.0,1.0,1.0,21.83
2017-12-05,33.68,33.68,33.31,33.32,33.68,33.68,33.31,33.32,2067200.0,0.0,1.0,1.0,3.36
2017-12-06,33.28,33.36,33.15,33.18,33.28,33.36,33.15,33.18,431266.0,0.0,1.0,1.0,59.94
2017-12-07,33.2,33.48,33.14,33.39,33.2,33.48,33.14,33.39,260200.0,0.0,1.0,1.0,3.32
2017-12-08,33.49,33.58,33.4,33.46,33.49,33.58,33.4,33.46,684053.0,0.0,1.0,1.0,20.02
2017-12-11,33.51,33.55,33.35,33.39,33.51,33.55,33.35,33.39,123578.0,0.0,1.0,1.0,21.74
2017-12-12,33.46,33.5,33.3,33.3,33.46,33.5,33.3,33.3,129128.0,0.0,1.0,1.0,1.67
2017-12-13,33.33,33.57,33.31,33.39,33.33,33.57,33.31,33.39,207682.0,0.0,1.0,1.0,0.0
2017-12-14,33.28,33.46,33.05,33.09,33.28,33.46,33.05,33.09,320500.0,0.0,1.0,1.0,3.34
2017-12-15,32.86,33.31,32.83,33.13,32.86,33.31,32.83,33.13,286974.0,0.35,1.0,1.0,6.61
2017-12-18,33.49,33.58,33.37,33.5,33.49,33.58,33.37,33.5,233200.0,0.0,1.0,1.0,6.62
2017-12-19,33.56,33.58,33.28,33.32,33.56,33.58,33.28,33.32,187100.0,0.0,1.0,1.0,3.35
2017-12-20,33.49,33.5,33.26,33.39,33.49,33.5,33.26,33.39,308200.0,0.0,1.0,1.0,0.0
2017-12-21,33.45,33.55,33.39,33.48,33.45,33.55,33.39,33.48,220896.0,0.0,1.0,1.0,3.33
2017-12-22,33.41,33.49,33.36,33.44,33.41,33.49,33.36,33.44,207000.0,0.0,1.0,1.0,1.67
2017-12-26,33.45,33.51,33.42,33.46,33.45,33.51,33.42,33.46,128100.0,0.0,1.0,1.0,3.34
2017-12-27,33.51,33.57,33.42,33.46,33.51,33.57,33.42,33.46,250500.0,0.0,1.0,1.0,0.0
2017-12-28,33.52,33.58,33.41,33.58,33.52,33.58,33.41,33.58,74196.0,0.0,1.0,1.0,6.69
2017-12-29,33.64,33.69,33.36,33.36,33.64,33.69,33.36,33.36,99800.0,0.0,1.0,1.0,5.03
2018-01-02,33.49,33.9,33.43,33.9,33.49,33.9,33.43,33.9,1040800.0,0.0,1.0,1.0,0.0
2018-01-03,33.68,33.77,33.6,33.7,33.68,33.77,33.6,33.7,441400.0,0.0,1.0,1.0,30.27
2018-01-04,33.88,33.9,33.78,33.82,33.88,33.9,33.78,33.82,209400.0,0.0,1.0,1.0,8.43
2018-01-05,33.92,33.97,33.79,33.95,33.92,33.97,33.79,33.95,327994.0,0.0,1.0,1.0,5.07
2018-01-08,33.94,34.1,33.76,34.06,33.94,34.1,33.76,34.06,221094.0,0.0,1.0,1.0,6.79
2018-01-09,34.17,34.17,34.02,34.02,34.17,34.17,34.02,34.02,217800.0,0.0,1.0,1.0,3.41
2018-01-10,33.92,33.99,33.8,33.91,33.92,33.99,33.8,33.91,403800.0,0.0,1.0,1.0,3.4
2018-01-11,33.98,34.44,33.97,34.44,33.98,34.44,33.97,34.44,396895.0,0.0,1.0,1.0,16.94
2018-01-12,34.47,34.6,34.42,34.54,34.47,34.6,34.42,34.54,436000.0,0.0,1.0,1.0,10.32
2018-01-16,34.68,34.77,34.19,34.26,34.68,34.77,34.19,34.26,416998.0,0.0,1.0,1.0,8.63
2018-01-17,34.4,34.62,34.31,34.55,34.4,34.62,34.31,34.55,480789.0,0.0,1.0,1.0,1.71
2018-01-18,34.51,34.54,34.34,34.37,34.51,34.54,34.34,34.37,1012095.0,0.0,1.0,1.0,6.9
2018-01-19,34.41,34.78,34.41,34.78,34.41,34.78,34.41,34.78,641000.0,0.0,1.0,1.0,24.04
2018-01-22,34.78,34.9,34.72,34.9,34.78,34.9,34.72,34.9,215400.0,0.0,1.0,1.0,8.69
2018-01-23,34.93,35.03,34.79,34.97,34.93,35.03,34.79,34.97,150555.0,0.0,1.0,1.0,6.98
2018-01-24,35.05,35.09,34.71,34.84,35.05,35.09,34.71,34.84,234982.0,0.0,1.0,1.0,1.75
2018-01-25,34.99,35.0,34.69,34.87,34.99,35.0,34.69,34.87,193996.0,0.0,1.0,1.0,1.74
2018-01-26,34.97,35.0,34.74,35.0,34.97,35.0,34.74,35.0,158000.0,0.0,1.0,1.0,1.74
2018-01-29,34.91,34.99,34.73,34.74,34.91,34.99,34.73,34.74,157700.0,0.0,1.0,1.0,3.5
2018-01-30,34.53,34.65,34.32,34.4,34.53,34.65,34.32,34.4,200053.0,0.0,1.0,1.0,3.47
2018-01-31,34.48,34.63,34.18,34.27,34.48,34.63,34.18,34.27,205100.0,0.0,1.0,1.0,5.16
2018-02-01,34.24,34.43,34.12,34.37,34.24,34.43,34.12,34.37,210600.0,0.0,1.0,1.0,0.0
2018-02-02,34.26,34.3,33.65,33.68,34.26,34.3,33.65,33.68,212394.0,0.0,1.0,1.0,1.72
2018-02-05,33.35,33.64,32.44,32.44,33.35,33.64,32.44,32.44,508200.0,0.0,1.0,1.0,0.0
2018-02-06,31.87,32.88,31.59,32.73,31.87,32.88,31.59,32.73,729668.0,0.0,1.0,1.0,0.0
2018-02-07,32.74,32.99,32.53,32.71,32.74,32.99,32.53,32.71,209800.0,0.0,1.0,1.0,3.27
2018-02-08,32.79,32.87,31.72,31.72,32.79,32.87,31.72,31.72,156100.0,0.0,1.0,1.0,-1.64
2018-02-09,32.0,32.25,31.17,32.05,32.0,32.25,31.17,32.05,221081.0,0.0,1.0,1.0,0.0
2018-02-12,32.16,32.54,31.9,32.35,32.16,32.54,31.9,32.35,118577.0,0.0,1.0,1.0,0.0
2018-02-13,32.24,32.5,32.1,32.46,32.24,32.5,32.1,32.46,190200.0,0.0,1.0,1.0,3.24
2018-02-14,32.26,33.09,32.2,33.05,32.26,33.09,32.2,33.05,318386.0,0.0,1.0,1.0,1.62
2018-02-15,33.3,33.39,32.95,33.39,33.3,33.39,32.95,33.39,249097.0,0.0,1.0,1.0,0.0
2018-02-16,33.33,33.65,33.32,33.48,33.33,33.65,33.32,33.48,347066.0,0.0,1.0,1.0,3.34
2018-02-20,33.34,33.53,33.1,33.2,33.34,33.53,33.1,33.2,2139179.0,0.0,1.0,1.0,0.0
2018-02-21,33.28,33.71,33.14,33.14,33.28,33.71,33.14,33.14,500072.0,0.0,1.0,1.0,-56.47
2018-02-22,33.34,33.51,33.13,33.16,33.34,33.51,33.13,33.16,362800.0,0.0,1.0,1.0,0.0
2018-02-23,33.35,33.56,33.23,33.56,33.35,33.56,33.23,33.56,185370.0,0.0,1.0,1.0,0.0
2018-02-26,33.7,33.79,33.45,33.78,33.7,33.79,33.45,33.78,142964.0,0.0,1.0,1.0,0.0
2018-02-27,33.79,33.89,33.27,33.27,33.79,33.89,33.27,33.27,218465.0,0.0,1.0,1.0,1.69
2018-02-28,33.43,33.43,32.83,32.83,33.43,33.43,32.83,32.83,278900.0,0.0,1.0,1.0,-1.66
2018-03-01,32.81,33.08,32.42,32.7,32.81,33.08,32.42,32.7,356696.0,0.0,1.0,1.0,0.0
2018-03-02,32.48,33.16,32.39,33.12,32.48,33.16,32.39,33.12,256200.0,0.0,1.0,1.0,0.0
2018-03-05,33.02,33.51,32.95,33.42,33.02,33.51,32.95,33.42,287900.0,0.0,1.0,1.0,0.0
2018-03-06,33.56,33.78,33.3,33.78,33.56,33.78,33.3,33.78,247077.0,0.0,1.0,1.0,0.0
2018-03-07,33.57,33.95,33.56,33.9,33.57,33.95,33.56,33.9,322500.0,0.0,1.0,1.0,0.0
2018-03-08,34.0,34.02,33.67,33.85,34.0,34.02,33.67,33.85,280200.0,0.0,1.0,1.0,0.0
2018-03-09,34.11,34.42,33.98,34.41,34.11,34.42,33.98,34.41,322800.0,0.0,1.0,1.0,0.0
2018-03-12,34.48,34.58,34.36,34.48,34.48,34.58,34.36,34.48,192085.0,0.0,1.0,1.0,0.0
2018-03-13,34.63,34.64,34.24,34.31,34.63,34.64,34.24,34.31,345670.0,0.0,1.0,1.0,0.0
2018-03-14,34.45,34.45,34.07,34.12,34.45,34.45,34.07,34.12,214800.0,0.0,1.0,1.0,3.43
2018-03-15,34.15,34.2,33.92,33.99,34.15,34.2,33.92,33.99,134681.0,0.0,1.0,1.0,8.53
2018-03-16,34.03,34.3,34.03,34.24,34.03,34.3,34.03,34.24,267900.0,0.0,1.0,1.0,0.0
2018-03-19,34.0,34.0,33.51,33.8,34.0,34.0,33.51,33.8,91273.0,0.11,1.0,1.0,-5.14
2018-03-20,33.9,33.95,33.76,33.83,33.9,33.95,33.76,33.83,86800.0,0.0,1.0,1.0,0.0
2018-03-21,33.97,34.15,33.84,33.94,33.97,34.15,33.84,33.94,80789.0,0.0,1.0,1.0,0.0
2018-03-22,33.76,33.82,33.14,33.14,33.76,33.82,33.14,33.14,268860.0,0.0,1.0,1.0,0.0
2018-03-23,33.15,33.3,32.46,32.48,33.15,33.3,32.46,32.48,201489.0,0.0,1.0,1.0,0.0
2018-03-26,32.92,33.2,32.59,33.2,32.92,33.2,32.59,33.2,171200.0,0.0,1.0,1.0,0.0
2018-03-27,33.32,33.32,32.54,32.67,33.32,33.32,32.54,32.67,175086.0,0.0,1.0,1.0,6.63
2018-03-28,32.76,32.9,32.56,32.71,32.76,32.9,32.56,32.71,157300.0,0.0,1.0,1.0,0.0
2018-03-29,32.86,33.32,32.85,33.16,32.86,33.32,32.85,33.16,204761.0,0.0,1.0,1.0,0.0
2018-04-02,33.12,33.12,32.14,32.34,33.12,33.12,32.14,32.34,849562.0,0.0,1.0,1.0,3.31
2018-04-03,32.62,32.91,32.41,32.81,32.62,32.91,32.41,32.81,252400.0,0.0,1.0,1.0,0.0
2018-04-04,32.41,33.2,32.39,33.12,32.41,33.2,32.39,33.12,245300.0,0.0,1.0,1.0,-13.13
2018-04-05,33.44,33.49,33.2,33.44,33.44,33.49,33.2,33.44,102566.0,0.0,1.0,1.0,-1.66
2018-04-06,33.32,33.41,32.55,32.8,33.32,33.41,32.55,32.8,269800.0,0.0,1.0,1.0,0.0
2018-04-09,32.96,33.21,32.78,32.79,32.96,33.21,32.78,32.79,328500.0,0.0,1.0,1.0,0.0
2018-04-10,33.23,33.45,33.05,33.35,33.23,33.45,33.05,33.35,324769.0,0.0,1.0,1.0,3.28
2018-04-11,33.2,33.44,33.18,33.32,33.2,33.44,33.18,33.32,170100.0,0.0,1.0,1.0,5.0
2018-04-12,33.5,33.6,33.38,33.49,33.5,33.6,33.38,33.49,124100.0,0.0,1.0,1.0,3.33
2018-04-13,33.55,33.58,33.27,33.38,33.55,33.58,33.27,33.38,163600.0,0.0,1.0,1.0,0.0
2018-04-16,33.47,33.79,33.45,33.72,33.47,33.79,33.45,33.72,164900.0,0.0,1.0,1.0,5.0
2018-04-17,33.92,34.08,33.83,34.0,33.92,34.08,33.83,34.0,193200.0,0.0,1.0,1.0,0.0
2018-04-18,34.05,34.25,33.98,34.1,34.05,34.25,33.98,34.1,255168.0,0.0,1.0,1.0,1.7
2018-04-19,33.96,34.09,33.76,33.87,33.96,34.09,33.76,33.87,322553.0,0.0,1.0,1.0,15.33
2018-04-20,33.83,33.89,33.6,33.69,33.83,33.89,33.6,33.69,162800.0,0.0,1.0,1.0,1.69
2018-04-23,33.76,33.89,33.54,33.69,33.76,33.89,33.54,33.69,151900.0,0.0,1.0,1.0,6.73
2018-04-24,33.84,33.93,33.21,33.46,33.84,33.93,33.21,33.46,235661.0,0.0,1.0,1.0,3.37
2018-04-25,33.45,33.58,33.21,33.43,33.45,33.58,33.21,33.43,133900.0,0.0,1.0,1.0,5.02
2018-04-26,33.6,33.69,33.37,33.55,33.6,33.69,33.37,33.55,189700.0,0.0,1.0,1.0,0.0
2018-04-27,33.64,33.64,33.35,33.52,33.64,33.64,33.35,33.52,113800.0,0.0,1.0,1.0,1.68
2018-04-30,33.63,33.7,33.19,33.19,33.63,33.7,33.19,33.19,164800.0,0.0,1.0,1.0,1.68
2018-05-01,33.16,33.34,32.86,33.31,33.16,33.34,32.86,33.31,162259.0,0.0,1.0,1.0,0.0
2018-05-02,33.33,33.5,33.24,33.27,33.33,33.5,33.24,33.27,262400.0,0.0,1.0,1.0,13.32
2018-05-03,33.22,33.3,32.83,33.19,33.22,33.3,32.83,33.19,172891.0,0.0,1.0,1.0,0.0
2018-05-04,33.02,33.75,33.0,33.61,33.02,33.75,33.0,33.61,229766.0,0.0,1.0,1.0,1.66
2018-05-07,33.74,33.97,33.69,33.81,33.74,33.97,33.69,33.81,113300.0,0.0,1.0,1.0,0.0
2018-05-08,33.84,33.99,33.8,33.99,33.84,33.99,33.8,33.99,148081.0,0.0,1.0,1.0,3.38
2018-05-09,34.05,34.24,33.94,34.16,34.05,34.24,33.94,34.16,209600.0,0.0,1.0,1.0,0.0
2018-05-10,34.2,34.49,34.18,34.38,34.2,34.49,34.18,34.38,167600.0,0.0,1.0,1.0,8.54
2018-05-11,34.46,34.52,34.34,34.44,34.46,34.52,34.34,34.44,126200.0,0.0,1.0,1.0,1.72
2018-05-14,34.53,34.59,34.32,34.35,34.53,34.59,34.32,34.35,125100.0,0.0,1.0,1.0,0.0
2018-05-15,34.18,34.36,34.12,34.28,34.18,34.36,34.12,34.28,146361.0,0.0,1.0,1.0,3.43
2018-05-16,34.31,34.69,34.31,34.57,34.31,34.69,34.31,34.57,289972.0,0.0,1.0,1.0,0.0
2018-05-17,34.62,34.81,34.57,34.71,34.62,34.81,34.57,34.71,163200.0,0.0,1.0,1.0,5.18
2018-05-18,34.71,34.76,34.66,34.67,34.71,34.76,34.66,34.67,133898.0,0.0,1.0,1.0,5.2
2018-05-21,34.84,35.03,34.82,35.01,34.84,35.03,34.82,35.01,139800.0,0.0,1.0,1.0,0.0
2018-05-22,35.1,35.1,34.73,34.76,35.1,35.1,34.73,34.76,154666.0,0.0,1.0,1.0,1.75
2018-05-23,34.66,34.8,34.6,34.79,34.66,34.8,34.6,34.79,190463.0,0.0,1.0,1.0,1.74
2018-05-24,34.71,34.86,34.56,34.82,34.71,34.86,34.56,34.82,153900.0,0.0,1.0,1.0,8.69
2018-05-25,34.71,34.83,34.66,34.75,34.71,34.83,34.66,34.75,163100.0,0.0,1.0,1.0,0.0
2018-05-29,34.54,34.78,34.41,34.66,34.54,34.78,34.41,34.66,158967.0,0.0,1.0,1.0,3.47
2018-05-30,34.85,35.26,34.85,35.18,34.85,35.26,34.85,35.18,239474.0,0.0,1.0,1.0,0.0
2018-05-31,35.22,35.22,34.75,34.79,35.22,35.22,34.75,34.79,200776.0,0.0,1.0,1.0,12.3
2018-06-01,35.14,35.14,34.95,35.01,35.14,35.14,34.95,35.01,366880.0,0.0,1.0,1.0,1.74
2018-06-04,35.22,35.23,35.01,35.22,35.22,35.23,35.01,35.22,147275.0,0.0,1.0,1.0,3.5
2018-06-05,35.26,35.4,35.18,35.4,35.26,35.4,35.18,35.4,233700.0,0.0,1.0,1.0,1.76
2018-06-06,35.49,35.67,35.36,35.67,35.49,35.67,35.36,35.67,183865.0,0.0,1.0,1.0,0.0
2018-06-07,35.75,35.77,35.5,35.64,35.75,35.77,35.5,35.64,167000.0,0.0,1.0,1.0,3.56
2018-06-08,35.6,35.81,35.57,35.8,35.6,35.81,35.57,35.8,236069.0,0.0,1.0,1.0,0.0
2018-06-11,35.87,35.91,35.78,35.84,35.87,35.91,35.78,35.84,179084.0,0.0,1.0,1.0,1.79
2018-06-12,35.93,35.97,35.76,35.88,35.93,35.97,35.76,35.88,264100.0,0.0,1.0,1.0,12.53
2018-06-13,36.0,36.0,35.66,35.66,36.0,36.0,35.66,35.66,185954.0,0.0,1.0,1.0,0.0
2018-06-14,35.78,35.78,35.55,35.75,35.78,35.78,35.55,35.75,209876.0,0.0,1.0,1.0,19.6
2018-06-15,35.61,35.76,35.46,35.7,35.61,35.76,35.46,35.7,165900.0,0.0,1.0,1.0,1.79
2018-06-18,35.52,35.71,35.39,35.7,35.52,35.71,35.39,35.7,151000.0,0.13,1.0,1.0,-8.93
2018-06-19,35.46,35.66,35.24,35.64,35.46,35.66,35.24,35.64,312500.0,0.0,1.0,1.0,3.57
2018-06-20,35.82,35.88,35.65,35.86,35.82,35.88,35.65,35.86,376494.0,0.0,1.0,1.0,7.12
2018-06-21,35.98,35.98,35.52,35.58,35.98,35.98,35.52,35.58,142660.0,0.0,1.0,1.0,10.75
2018-06-22,35.74,35.78,35.55,35.58,35.74,35.78,35.55,35.58,153571.0,0.0,1.0,1.0,3.55
2018-06-25,35.51,35.51,34.89,35.07,35.51,35.51,34.89,35.07,212600.0,0.0,1.0,1.0,0.0
2018-06-26,35.1,35.28,35.0,35.19,35.1,35.28,35.0,35.19,191000.0,0.0,1.0,1.0,0.0
2018-06-27,35.29,35.35,34.75,34.75,35.29,35.35,34.75,34.75,244753.0,0.0,1.0,1.0,1.76
2018-06-28,34.69,34.94,34.57,34.86,34.69,34.94,34.57,34.86,187600.0,0.0,1.0,1.0,5.21
2018-06-29,35.06,35.17,34.88,34.88,35.06,35.17,34.88,34.88,178600.0,0.0,1.0,1.0,0.0
2018-07-02,34.77,34.99,34.59,34.99,34.77,34.99,34.59,34.99,475400.0,0.0,1.0,1.0,3.49
2018-07-03,35.12,35.26,35.04,35.06,35.12,35.26,35.04,35.06,261553.0,0.0,1.0,1.0,12.25
2018-07-05,35.33,35.38,35.05,35.38,35.33,35.38,35.05,35.38,131900.0,0.0,1.0,1.0,0.0
2018-07-06,35.42,35.75,35.39,35.7,35.42,35.75,35.39,35.7,120964.0,0.0,1.0,1.0,0.0
2018-07-09,35.89,36.02,35.84,36.02,35.89,36.02,35.84,36.02,300965.0,0.0,1.0,1.0,0.0
2018-07-10,36.16,36.16,35.8,35.96,36.16,36.16,35.8,35.96,175300.0,0.0,1.0,1.0,1.8
2018-07-11,35.76,35.86,35.63,35.65,35.76,35.86,35.63,35.65,261500.0,0.0,1.0,1.0,3.59
2018-07-12,35.85,35.85,35.55,35.76,35.85,35.85,35.55,35.76,233300.0,0.0,1.0,1.0,3.56
2018-07-13,35.68,35.93,35.68,35.75,35.68,35.93,35.68,35.75,106300.0,0.0,1.0,1.0,3.57
2018-07-16,35.76,35.76,35.47,35.57,35.76,35.76,35.47,35.57,152200.0,0.0,1.0,1.0,7.14
2018-07-17,35.58,35.78,35.57,35.75,35.58,35.78,35.57,35.75,384288.0,0.0,1.0,1.0,1.78
2018-07-18,35.74,35.88,35.62,35.87,35.74,35.88,35.62,35.87,216076.0,0.0,1.0,1.0,12.5
2018-07-19,35.85,36.09,35.71,36.06,35.85,36.09,35.71,36.06,160900.0,0.0,1.0,1.0,3.59
2018-07-20,36.14,36.14,35.85,35.85,36.14,36.14,35.85,35.85,1148400.0,0.0,1.0,1.0,0.0
2018-07-23,35.98,35.98,35.72,35.87,35.98,35.98,35.72,35.87,150000.0,0.0,1.0,1.0,39.45
2018-07-24,36.04,36.04,35.47,35.59,36.04,36.04,35.47,35.59,242900.0,0.0,1.0,1.0,1.79
2018-07-25,35.56,35.68,35.41,35.68,35.56,35.68,35.41,35.68,192689.0,0.0,1.0,1.0,5.34
2018-07-26,35.69,36.0,35.69,35.92,35.69,36.0,35.69,35.92,280876.0,0.0,1.0,1.0,3.57
2018-07-27,35.97,35.99,35.33,35.45,35.97,35.99,35.33,35.45,318900.0,0.0,1.0,1.0,3.59
2018-07-30,35.44,35.56,35.26,35.26,35.44,35.56,35.26,35.26,270663.0,0.0,1.0,1.0,0.0
2018-07-31,35.4,35.73,35.34,35.61,35.4,35.73,35.34,35.61,536993.0,0.0,1.0,1.0,3.53
2018-08-01,35.6,35.64,35.32,35.56,35.6,35.64,35.32,35.56,477063.0,0.0,1.0,1.0,24.93
2018-08-02,35.45,35.89,35.41,35.87,35.45,35.89,35.41,35.87,242800.0,0.0,1.0,1.0,0.0
2018-08-03,35.8,36.02,35.73,35.88,35.8,36.02,35.73,35.88,361480.0,0.0,1.0,1.0,3.59
2018-08-06,35.93,36.1,35.82,36.09,35.93,36.1,35.82,36.09,146462.0,0.0,1.0,1.0,1.79
2018-08-07,36.21,36.32,36.17,36.18,36.21,36.32,36.17,36.18,408800.0,0.0,1.0,1.0,5.41
2018-08-08,36.15,36.15,35.96,36.09,36.15,36.15,35.96,36.09,179300.0,0.0,1.0,1.0,5.42
2018-08-09,36.14,36.24,36.07,36.09,36.14,36.24,36.07,36.09,134000.0,0.0,1.0,1.0,16.24
2018-08-10,35.97,36.1,35.84,35.93,35.97,36.1,35.84,35.93,165261.0,0.0,1.0,1.0,0.0
2018-08-13,35.94,36.04,35.64,35.73,35.94,36.04,35.64,35.73,152898.0,0.0,1.0,1.0,3.59
2018-08-14,35.86,36.19,35.86,36.11,35.86,36.19,35.86,36.11,142000.0,0.0,1.0,1.0,0.0
2018-08-15,35.97,35.98,35.51,35.75,35.97,35.98,35.51,35.75,211468.0,0.0,1.0,1.0,1.8
2018-08-16,35.82,36.21,35.82,36.03,35.82,36.21,35.82,36.03,141394.0,0.0,1.0,1.0,5.36
2018-08-17,36.08,36.27,35.95,36.25,36.08,36.27,35.95,36.25,187970.0,0.0,1.0,1.0,0.0
2018-08-20,36.35,36.44,36.22,36.38,36.35,36.44,36.22,36.38,156000.0,0.0,1.0,1.0,1.81
2018-08-21,36.47,36.81,36.43,36.74,36.47,36.81,36.43,36.74,301200.0,0.0,1.0,1.0,1.82
2018-08-22,36.72,36.82,36.66,36.74,36.72,36.82,36.66,36.74,164093.0,0.0,1.0,1.0,-1.84
2018-08-23,36.74,36.75,36.55,36.62,36.74,36.75,36.55,36.62,107061.0,0.0,1.0,1.0,20.2
2018-08-24,36.72,36.8,36.67,36.75,36.72,36.8,36.67,36.75,234886.0,0.0,1.0,1.0,0.0
2018-08-27,36.8,37.08,36.8,36.88,36.8,37.08,36.8,36.88,146993.0,0.0,1.0,1.0,0.0
2018-08-28,37.0,37.0,36.74,36.88,37.0,37.0,36.74,36.88,289300.0,0.0,1.0,1.0,0.0
2018-08-29,36.92,37.03,36.76,36.97,36.92,37.03,36.76,36.97,206659.0,0.0,1.0,1.0,7.37
2018-08-30,36.96,36.99,36.76,36.83,36.96,36.99,36.76,36.83,490178.0,0.0,1.0,1.0,1.85
2018-08-31,36.76,36.97,36.73,36.96,36.76,36.97,36.73,36.96,228873.0,0.0,1.0,1.0,3.68
2018-09-04,36.94,36.98,36.64,36.85,36.94,36.98,36.64,36.85,286678.0,0.0,1.0,1.0,12.93
2018-09-05,36.8,36.85,36.51,36.81,36.8,36.85,36.51,36.81,190888.0,0.0,1.0,1.0,14.73
2018-09-06,36.98,36.98,36.61,36.64,36.98,36.98,36.61,36.64,145700.0,0.0,1.0,1.0,5.52
2018-09-07,36.55,36.74,36.45,36.55,36.55,36.74,36.45,36.55,144500.0,0.0,1.0,1.0,0.0
2018-09-10,36.69,36.79,36.59,36.64,36.69,36.79,36.59,36.64,250800.0,0.0,1.0,1.0,3.65
2018-09-11,36.59,36.77,36.48,36.68,36.59,36.77,36.48,36.68,186200.0,0.0,1.0,1.0,5.49
2018-09-12,36.67,36.72,36.42,36.66,36.67,36.72,36.42,36.66,181100.0,0.0,1.0,1.0,0.0
2018-09-13,36.83,36.83,36.64,36.72,36.83,36.83,36.64,36.72,177300.0,0.0,1.0,1.0,7.33
2018-09-14,36.75,36.94,36.69,36.9,36.75,36.94,36.69,36.9,172300.0,0.0,1.0,1.0,0.0
2018-09-17,36.85,36.9,36.5,36.54,36.85,36.9,36.5,36.54,181656.0,0.0,1.0,1.0,11.06
2018-09-18,36.53,36.75,36.49,36.68,36.53,36.75,36.49,36.68,220989.0,0.0,1.0,1.0,0.0
2018-09-19,36.67,36.82,36.44,36.5,36.67,36.82,36.44,36.5,252450.0,0.0,1.0,1.0,5.5
2018-09-20,36.45,36.8,36.45,36.8,36.45,36.8,36.45,36.8,198450.0,0.0,1.0,1.0,7.3
2018-09-21,36.81,36.92,36.65,36.65,36.81,36.92,36.65,36.65,186300.0,0.0,1.0,1.0,3.68
2018-09-24,36.5,36.59,36.18,36.36,36.5,36.59,36.18,36.36,237555.0,0.14,1.0,1.0,1.83
2018-09-25,36.38,36.43,36.31,36.34,36.38,36.43,36.31,36.34,166059.0,0.0,1.0,1.0,0.0
2018-09-26,36.39,36.39,35.99,36.01,36.39,36.39,35.99,36.01,281771.0,0.0,1.0,1.0,3.63
2018-09-27,36.13,36.2,35.97,36.05,36.13,36.2,35.97,36.05,291700.0,0.0,1.0,1.0,9.0
2018-09-28,35.88,36.26,35.88,36.15,35.88,36.26,35.88,36.15,149300.0,0.0,1.0,1.0,0.0
2018-10-01,36.35,36.35,35.73,35.82,36.35,36.35,35.73,35.82,264700.0,0.0,1.0,1.0,-1.81
2018-10-02,35.84,35.89,35.55,35.61,35.84,35.89,35.55,35.61,281967.0,0.0,1.0,1.0,0.0
2018-10-03,35.72,35.94,35.61,35.79,35.72,35.94,35.61,35.79,183100.0,0.0,1.0,1.0,1.78
2018-10-04,35.75,35.75,35.26,35.38,35.75,35.75,35.26,35.38,308361.0,0.0,1.0,1.0,3.58
2018-10-05,35.42,35.45,34.86,35.09,35.42,35.45,34.86,35.09,297400.0,0.0,1.0,1.0,8.84
2018-10-08,35.02,35.15,34.83,35.1,35.02,35.15,34.83,35.1,223778.0,0.0,1.0,1.0,1.75
2018-10-09,34.99,35.14,34.89,34.89,34.99,35.14,34.89,34.89,271900.0,0.0,1.0,1.0,5.26
2018-10-10,34.81,34.81,33.95,33.96,34.81,34.81,33.95,33.96,342800.0,0.0,1.0,1.0,0.0
2018-10-11,33.84,34.03,33.27,33.29,33.84,34.03,33.27,33.29,723100.0,0.0,1.0,1.0,-5.09
2018-10-12,33.87,33.87,32.9,33.32,33.87,33.87,32.9,33.32,654977.0,0.0,1.0,1.0,-3.33
2018-10-15,33.27,33.69,33.21,33.47,33.27,33.69,33.21,33.47,243200.0,0.0,1.0,1.0,3.33
2018-10-16,33.6,34.24,33.43,34.2,33.6,34.24,33.43,34.2,326700.0,0.0,1.0,1.0,0.0
2018-10-17,34.23,34.23,33.73,34.12,34.23,34.23,33.73,34.12,615600.0,0.0,1.0,1.0,0.0
2018-10-18,33.95,34.04,33.45,33.55,33.95,34.04,33.45,33.55,246900.0,0.0,1.0,1.0,10.23
2018-10-19,33.53,33.77,33.22,33.32,33.53,33.77,33.22,33.32,364400.0,0.0,1.0,1.0,0.0
2018-10-22,33.4,33.45,33.15,33.17,33.4,33.45,33.15,33.17,259555.0,0.0,1.0,1.0,-6.66
2018-10-23,32.7,33.1,32.32,32.86,32.7,33.1,32.32,32.86,627900.0,0.0,1.0,1.0,3.32
2018-10-24,32.92,32.93,31.83,31.83,32.92,32.93,31.83,31.83,807500.0,0.0,1.0,1.0,0.0
2018-10-25,32.09,32.53,31.94,32.36,32.09,32.53,31.94,32.36,1007700.0,0.0,1.0,1.0,6.37
2018-10-26,32.12,32.4,31.55,32.04,32.12,32.4,31.55,32.04,469900.0,0.0,1.0,1.0,0.0
2018-10-29,32.35,32.69,31.59,31.91,32.35,32.69,31.59,31.91,734600.0,0.0,1.0,1.0,0.0
2018-10-30,32.0,32.58,31.92,32.56,32.0,32.58,31.92,32.56,995500.0,0.0,1.0,1.0,0.0
2018-10-31,32.77,32.94,32.59,32.59,32.77,32.94,32.59,32.59,496490.0,0.0,1.0,1.0,1.63
2018-11-01,32.73,33.29,32.69,33.27,32.73,33.29,32.69,33.27,638455.0,0.0,1.0,1.0,1.63
2018-11-02,33.43,33.49,33.04,33.34,33.43,33.49,33.04,33.34,2071696.0,0.0,1.0,1.0,6.65
2018-11-05,33.33,33.56,33.2,33.43,33.33,33.56,33.2,33.43,187200.0,0.0,1.0,1.0,56.63
2018-11-06,33.42,33.66,33.42,33.65,33.42,33.66,33.42,33.65,217200.0,0.0,1.0,1.0,1.67
2018-11-07,33.8,34.14,33.63,34.14,33.8,34.14,33.63,34.14,195088.0,0.0,1.0,1.0,0.0
2018-11-08,34.02,34.18,33.87,34.01,34.02,34.18,33.87,34.01,194900.0,0.0,1.0,1.0,1.7
2018-11-09,33.87,33.87,33.36,33.58,33.87,33.87,33.36,33.58,156171.0,0.0,1.0,1.0,6.8
2018-11-12,33.53,33.53,32.99,33.0,33.53,33.53,32.99,33.0,131494.0,0.0,1.0,1.0,0.0
2018-11-13,33.07,33.42,32.94,33.02,33.07,33.42,32.94,33.02,196382.0,0.0,1.0,1.0,0.0
2018-11-14,33.4,33.4,32.57,32.81,33.4,33.4,32.57,32.81,235799.0,0.0,1.0,1.0,1.65
2018-11-15,32.55,33.25,32.51,33.18,32.55,33.25,32.51,33.18,465000.0,0.0,1.0,1.0,3.28
2018-11-16,33.0,33.32,32.96,33.23,33.0,33.32,32.96,33.23,279400.0,0.0,1.0,1.0,6.64
2018-11-19,33.15,33.26,32.67,32.79,33.15,33.26,32.67,32.79,705278.0,0.0,1.0,1.0,11.64
2018-11-20,32.38,32.6,32.08,32.21,32.38,32.6,32.08,32.21,490599.0,0.0,1.0,1.0,0.0
2018-11-21,32.42,32.83,32.32,32.55,32.42,32.83,32.32,32.55,324500.0,0.0,1.0,1.0,-9.66
2018-11-23,32.3,32.75,32.3,32.52,32.3,32.75,32.3,32.52,64256.0,0.0,1.0,1.0,1.63
2018-11-26,32.71,32.99,32.7,32.88,32.71,32.99,32.7,32.88,158400.0,0.0,1.0,1.0,0.0
2018-11-27,32.86,32.86,32.56,32.63,32.86,32.86,32.56,32.63,490500.0,0.0,1.0,1.0,0.0
2018-11-28,32.74,33.31,32.45,33.3,32.74,33.31,32.45,33.3,350200.0,0.0,1.0,1.0,0.0
2018-11-29,33.23,33.45,33.0,33.24,33.23,33.45,33.0,33.24,277465.0,0.0,1.0,1.0,8.32
2018-11-30,33.19,33.51,33.14,33.48,33.19,33.51,33.14,33.48,182300.0,0.0,1.0,1.0,3.32
2018-12-03,33.85,33.88,33.38,33.75,33.85,33.88,33.38,33.75,312599.0,0.0,1.0,1.0,-6.69
2018-12-04,33.75,33.75,32.4,32.44,33.75,33.75,32.4,32.44,225000.0,0.0,1.0,1.0,5.06
2018-12-06,31.98,32.3,31.49,32.3,31.98,32.3,31.49,32.3,988500.0,0.0,1.0,1.0,1.62
2018-12-07,32.27,32.45,31.46,31.64,32.27,32.45,31.46,31.64,971100.0,0.0,1.0,1.0,0.0
2018-12-10,31.56,31.67,31.04,31.42,31.56,31.67,31.04,31.42,569692.0,0.0,1.0,1.0,-17.4
2018-12-11,31.84,31.96,31.19,31.37,31.84,31.96,31.19,31.37,1025500.0,0.0,1.0,1.0,0.0
2018-12-12,31.71,31.99,31.61,31.61,31.71,31.99,31.61,31.61,927081.0,0.0,1.0,1.0,3.13
2018-12-13,31.71,31.77,31.23,31.26,31.71,31.77,31.23,31.26,1047600.0,0.0,1.0,1.0,3.16
2018-12-14,31.08,31.28,30.68,30.81,31.08,31.28,30.68,30.81,939288.0,0.0,1.0,1.0,3.12
2018-12-17,30.69,30.86,29.97,30.11,30.69,30.86,29.97,30.11,610100.0,0.0,1.0,1.0,7.7
2018-12-18,30.34,30.59,30.03,30.14,30.34,30.59,30.03,30.14,1415680.0,0.0,1.0,1.0,3.01
2018-12-19,30.15,30.47,29.44,29.57,30.15,30.47,29.44,29.57,1212400.0,0.0,1.0,1.0,6.02
2018-12-20,29.44,29.67,28.84,29.15,29.44,29.67,28.84,29.15,1740200.0,0.0,1.0,1.0,11.82
2018-12-21,29.29,29.52,28.5,28.57,29.29,29.52,28.5,28.57,1189580.0,0.0,1.0,1.0,0.0
2018-12-24,28.22,28.35,27.68,27.71,28.22,28.35,27.68,27.71,673700.0,0.16,1.0,1.0,-8.57
2018-12-26,27.8,29.02,27.66,29.01,27.8,29.02,27.66,29.01,2076071.0,0.0,1.0,1.0,0.0
2018-12-27,28.57,29.12,28.17,29.12,28.57,29.12,28.17,29.12,2744066.0,0.0,1.0,1.0,14.49
2018-12-28,29.23,29.59,28.97,29.19,29.23,29.59,28.97,29.19,1626675.0,0.0,1.0,1.0,-13.1
2018-12-31,29.3,29.43,29.0,29.42,29.3,29.43,29.0,29.42,930883.0,0.0,1.0,1.0,21.88
2019-01-02,29.31,29.54,28.9,29.43,29.31,29.54,28.9,29.43,954300.0,0.0,1.0,1.0,0.0
2019-01-03,29.42,29.42,28.81,28.93,29.42,29.42,28.81,28.93,2045800.0,0.0,1.0,1.0,24.99
2019-01-04,29.32,29.97,29.27,29.9,29.32,29.97,29.27,29.9,368454.0,0.0,1.0,1.0,-13.01
2019-01-07,29.94,30.45,29.77,30.24,29.94,30.45,29.77,30.24,429200.0,0.0,1.0,1.0,8.96
2019-01-08,30.49,30.75,30.3,30.74,30.49,30.75,30.3,30.74,458000.0,0.0,1.0,1.0,15.12
2019-01-09,30.81,31.12,30.78,31.02,30.81,31.12,30.78,31.02,295100.0,0.0,1.0,1.0,4.61
2019-01-10,30.95,31.23,30.77,31.23,30.95,31.23,30.77,31.23,381881.0,0.0,1.0,1.0,4.65
2019-01-11,31.19,31.32,31.03,31.28,31.19,31.32,31.03,31.28,212380.0,0.0,1.0,1.0,0.0
2019-01-14,31.11,31.25,30.98,31.08,31.11,31.25,30.98,31.08,205600.0,0.0,1.0,1.0,0.0
2019-01-15,31.13,31.28,31.02,31.26,31.13,31.28,31.02,31.26,309475.0,0.0,1.0,1.0,3.11
2019-01-16,31.26,31.59,31.26,31.46,31.26,31.59,31.26,31.46,572800.0,0.0,1.0,1.0,4.69
2019-01-17,31.39,31.88,31.39,31.77,31.39,31.88,31.39,31.77,256173.0,0.0,1.0,1.0,0.0
2019-01-18,32.0,32.28,31.89,32.2,32.0,32.28,31.89,32.2,850580.0,0.0,1.0,1.0,0.0
2019-01-22,32.04,32.05,31.52,31.68,32.04,32.05,31.52,31.68,580700.0,0.0,1.0,1.0,6.44
2019-01-23,31.79,31.92,31.38,31.63,31.79,31.92,31.38,31.63,325900.0,0.0,1.0,1.0,23.76
2019-01-24,31.66,31.9,31.55,31.83,31.66,31.9,31.55,31.83,298198.0,0.0,1.0,1.0,0.0
2019-01-25,31.99,32.25,31.99,32.18,31.99,32.25,31.99,32.18,193800.0,0.0,1.0,1.0,0.0
2019-01-28,32.05,32.13,31.84,32.08,32.05,32.13,31.84,32.08,278168.0,0.0,1.0,1.0,3.22
2019-01-29,32.09,32.2,32.02,32.1,32.09,32.2,32.02,32.1,184568.0,0.0,1.0,1.0,3.21
2019-01-30,32.18,32.47,31.98,32.35,32.18,32.47,31.98,32.35,392200.0,0.0,1.0,1.0,1.6
2019-01-31,32.34,32.55,32.22,32.54,32.34,32.55,32.22,32.54,196100.0,0.0,1.0,1.0,1.62
2019-02-01,32.56,32.65,32.44,32.56,32.56,32.65,32.44,32.56,373600.0,0.0,1.0,1.0,-1.63
2019-02-04,32.6,32.91,32.47,32.91,32.6,32.91,32.47,32.91,302377.0,0.0,1.0,1.0,3.26
2019-02-05,32.86,33.06,32.84,33.01,32.86,33.06,32.84,33.01,228551.0,0.0,1.0,1.0,0.0
2019-02-06,33.07,33.07,32.87,32.97,33.07,33.07,32.87,32.97,101400.0,0.0,1.0,1.0,3.3
2019-02-07,32.84,32.91,32.54,32.78,32.84,32.91,32.54,32.78,258593.0,0.0,1.0,1.0,3.3
2019-02-08,32.6,32.79,32.49,32.73,32.6,32.79,32.49,32.73,178000.0,0.0,1.0,1.0,0.0
2019-02-11,32.88,33.0,32.74,33.0,32.88,33.0,32.74,33.0,340192.0,0.0,1.0,1.0,0.0
2019-02-12,33.16,33.39,33.16,33.35,33.16,33.39,33.16,33.35,137500.0,0.0,1.0,1.0,8.25
2019-02-13,33.47,33.58,33.34,33.52,33.47,33.58,33.34,33.52,206700.0,0.0,1.0,1.0,10.01
2019-02-14,33.37,33.67,33.29,33.53,33.37,33.67,33.29,33.53,559283.0,0.0,1.0,1.0,-1.68
2019-02-15,33.72,33.97,33.67,33.97,33.72,33.97,33.67,33.97,524700.0,0.0,1.0,1.0,1.68
2019-02-19,33.82,34.13,33.82,34.03,33.82,34.13,33.82,34.03,402279.0,0.0,1.0,1.0,-1.7
2019-02-20,34.0,34.28,33.95,34.24,34.0,34.28,33.95,34.24,365300.0,0.0,1.0,1.0,3.4
2019-02-21,34.23,34.23,33.96,34.11,34.23,34.23,33.96,34.11,289100.0,0.0,1.0,1.0,3.42
2019-02-22,34.17,34.34,34.14,34.33,34.17,34.34,34.14,34.33,268200.0,0.0,1.0,1.0,0.0
2019-02-25,34.48,34.56,34.26,34.32,34.48,34.56,34.26,34.32,263578.0,0.0,1.0,1.0,22.31
2019-02-26,34.24,34.27,33.98,33.99,34.24,34.27,33.98,33.99,342055.0,0.0,1.0,1.0,3.43
2019-02-27,33.9,34.08,33.84,34.02,33.9,34.08,33.84,34.02,204093.0,0.0,1.0,1.0,6.8
2019-02-28,34.01,34.06,33.83,33.92,34.01,34.06,33.83,33.92,193062.0,0.0,1.0,1.0,0.0
2019-03-01,34.15,34.24,33.9,34.14,34.15,34.24,33.9,34.14,257100.0,0.0,1.0,1.0,0.0
2019-03-04,34.22,34.22,33.67,33.94,34.22,34.22,33.67,33.94,205390.0,0.0,1.0,1.0,0.0
2019-03-05,33.92,33.93,33.76,33.78,33.92,33.93,33.76,33.78,407100.0,0.0,1.0,1.0,0.0
2019-03-06,33.75,33.8,33.26,33.27,33.75,33.8,33.26,33.27,224400.0,0.0,1.0,1.0,6.76
2019-03-07,33.21,33.25,32.89,32.95,33.21,33.25,32.89,32.95,225654.0,0.0,1.0,1.0,4.99
2019-03-08,32.78,32.92,32.7,32.88,32.78,32.92,32.7,32.88,287600.0,0.0,1.0,1.0,0.0
2019-03-11,33.0,33.37,32.95,33.37,33.0,33.37,32.95,33.37,152000.0,0.0,1.0,1.0,-1.64
2019-03-12,33.39,33.46,33.28,33.39,33.39,33.46,33.28,33.39,165400.0,0.0,1.0,1.0,3.33
2019-03-13,33.51,33.67,33.48,33.53,33.51,33.67,33.48,33.53,209973.0,0.0,1.0,1.0,5.01
2019-03-14,33.53,33.58,33.37,33.45,33.53,33.58,33.37,33.45,161989.0,0.0,1.0,1.0,-1.68
2019-03-15,33.53,33.71,33.41,33.48,33.53,33.71,33.41,33.48,223300.0,0.0,1.0,1.0,0.0
2019-03-18,33.42,33.68,33.39,33.63,33.42,33.68,33.39,33.63,229391.0,0.11,1.0,1.0,0.0
2019-03-19,33.72,33.75,33.36,33.41,33.72,33.75,33.36,33.41,331500.0,0.0,1.0,1.0,10.08
2019-03-20,33.41,33.53,33.0,33.16,33.41,33.53,33.0,33.16,469200.0,0.0,1.0,1.0,0.0
2019-03-21,33.01,33.71,33.01,33.6,33.01,33.71,33.01,33.6,202978.0,0.0,1.0,1.0,-4.97
2019-03-22,33.41,33.46,32.56,32.56,33.41,33.46,32.56,32.56,277960.0,0.0,1.0,1.0,0.0
2019-03-25,32.51,32.84,32.34,32.66,32.51,32.84,32.34,32.66,238190.0,0.0,1.0,1.0,3.26
2019-03-26,32.83,33.11,32.75,32.95,32.83,33.11,32.75,32.95,170600.0,0.0,1.0,1.0,0.0
2019-03-27,32.96,33.06,32.62,32.95,32.96,33.06,32.62,32.95,236250.0,0.0,1.0,1.0,0.0
2019-03-28,33.05,33.25,32.89,33.24,33.05,33.25,32.89,33.24,168068.0,0.0,1.0,1.0,0.0
2019-03-29,33.44,33.49,33.21,33.33,33.44,33.49,33.21,33.33,197560.0,0.0,1.0,1.0,0.0
2019-04-01,33.56,33.78,33.49,33.78,33.56,33.78,33.49,33.78,243200.0,0.0,1.0,1.0,8.33
2019-04-02,33.74,33.74,33.48,33.6,33.74,33.74,33.48,33.6,382881.0,0.0,1.0,1.0,1.69
2019-04-03,33.86,33.95,33.68,33.79,33.86,33.95,33.68,33.79,266666.0,0.0,1.0,1.0,6.72
2019-04-04,33.83,34.0,33.78,33.97,33.83,34.0,33.78,33.97,475600.0,0.0,1.0,1.0,1.69
2019-04-05,34.04,34.27,34.04,34.27,34.04,34.27,34.04,34.27,191886.0,0.0,1.0,1.0,0.0
2019-04-08,34.22,34.26,34.05,34.26,34.22,34.26,34.05,34.26,323650.0,0.0,1.0,1.0,0.0
2019-04-09,34.14,34.14,33.8,33.86,34.14,34.14,33.8,33.86,340100.0,0.0,1.0,1.0,6.85
2019-04-10,33.93,34.26,33.93,34.24,33.93,34.26,33.93,34.24,191900.0,0.0,1.0,1.0,0.0
2019-04-11,34.29,34.34,34.18,34.29,34.29,34.34,34.18,34.29,196655.0,0.0,1.0,1.0,1.71
2019-04-12,34.48,34.54,34.34,34.52,34.48,34.54,34.34,34.52,201681.0,0.0,1.0,1.0,-6.85
2019-04-15,34.52,34.55,34.34,34.44,34.52,34.55,34.34,34.44,191000.0,0.0,1.0,1.0,0.0
2019-04-16,34.53,34.55,34.39,34.5,34.53,34.55,34.39,34.5,355984.0,0.0,1.0,1.0,6.88
2019-04-17,34.56,34.59,34.15,34.25,34.56,34.59,34.15,34.25,352991.0,0.0,1.0,1.0,13.79
2019-04-18,34.31,34.35,34.08,34.29,34.31,34.35,34.08,34.29,268100.0,0.0,1.0,1.0,0.0
2019-04-22,34.22,34.25,34.01,34.15,34.22,34.25,34.01,34.15,324200.0,0.0,1.0,1.0,0.0
2019-04-23,34.19,34.66,34.19,34.57,34.19,34.66,34.19,34.57,576800.0,0.0,1.0,1.0,0.0
2019-04-24,34.6,34.83,34.6,34.72,34.6,34.83,34.6,34.72,549000.0,0.0,1.0,1.0,27.67
2019-04-25,34.58,34.58,34.11,34.33,34.58,34.58,34.11,34.33,178000.0,0.0,1.0,1.0,12.14
2019-04-26,34.31,34.66,34.31,34.62,34.31,34.66,34.31,34.62,311979.0,0.0,1.0,1.0,0.0
2019-04-29,34.63,34.8,34.63,34.71,34.63,34.8,34.63,34.71,205772.0,0.0,1.0,1.0,0.0
2019-04-30,34.66,34.69,34.35,34.62,34.66,34.69,34.35,34.62,268672.0,0.0,1.0,1.0,3.47
2019-05-01,34.69,34.69,34.27,34.27,34.69,34.69,34.27,34.27,254797.0,0.0,1.0,1.0,0.0
2019-05-02,34.24,34.48,34.03,34.34,34.24,34.48,34.03,34.34,285659.0,0.0,1.0,1.0,5.14
2019-05-03,34.48,34.94,34.48,34.91,34.48,34.94,34.48,34.91,181870.0,0.0,1.0,1.0,0.0
2019-05-06,34.34,34.95,34.34,34.89,34.34,34.95,34.34,34.89,164400.0,0.0,1.0,1.0,0.0
2019-05-07,34.6,34.65,33.98,34.22,34.6,34.65,33.98,34.22,271800.0,0.0,1.0,1.0,3.49
2019-05-08,34.11,34.33,34.04,34.04,34.11,34.33,34.04,34.04,250882.0,0.0,1.0,1.0,0.0
2019-05-09,33.81,34.03,33.5,33.99,33.81,34.03,33.5,33.99,238496.0,0.0,1.0,1.0,1.7
2019-05-10,33.88,34.15,33.46,34.09,33.88,34.15,33.46,34.09,347800.0,0.0,1.0,1.0,0.0
2019-05-13,33.51,33.53,32.96,33.09,33.51,33.53,32.96,33.09,339100.0,0.0,1.0,1.0,0.0
2019-05-14,33.16,33.55,33.12,33.43,33.16,33.55,33.12,33.43,255400.0,0.0,1.0,1.0,0.0
2019-05-15,33.14,33.55,33.14,33.47,33.14,33.55,33.14,33.47,338286.0,0.0,1.0,1.0,0.0
2019-05-16,33.53,33.88,33.53,33.65,33.53,33.88,33.53,33.65,173900.0,0.0,1.0,1.0,1.67
2019-05-17,33.4,33.69,33.21,33.22,33.4,33.69,33.21,33.22,453650.0,0.0,1.0,1.0,10.1
2019-05-20,33.02,33.19,32.93,32.99,33.02,33.19,32.93,32.99,179000.0,0.0,1.0,1.0,1.66
2019-05-21,33.14,33.46,33.14,33.41,33.14,33.46,33.14,33.41,323967.0,0.0,1.0,1.0,0.0
2019-05-22,33.32,33.34,33.07,33.14,33.32,33.34,33.07,33.14,193982.0,0.0,1.0,1.0,0.0
2019-05-23,32.88,32.88,32.36,32.54,32.88,32.88,32.36,32.54,209260.0,0.0,1.0,1.0,4.97
2019-05-24,32.74,32.81,32.58,32.73,32.74,32.81,32.58,32.73,176900.0,0.0,1.0,1.0,0.0
2019-05-28,32.75,32.87,32.42,32.42,32.75,32.87,32.42,32.42,202473.0,0.0,1.0,1.0,0.0
2019-05-29,32.25,32.31,31.99,32.21,32.25,32.31,31.99,32.21,473699.0,0.0,1.0,1.0,0.0
2019-05-30,32.31,32.49,31.99,32.16,32.31,32.49,31.99,32.16,424600.0,0.0,1.0,1.0,3.22
2019-05-31,31.83,31.93,31.65,31.8,31.83,31.93,31.65,31.8,736800.0,0.0,1.0,1.0,0.0
2019-06-03,31.76,32.13,31.76,32.02,31.76,32.13,31.76,32.02,1294181.0,0.0,1.0,1.0,-15.9
2019-06-04,32.32,32.85,32.31,32.84,32.32,32.85,32.31,32.84,291500.0,0.0,1.0,1.0,30.41
2019-06-05,33.01,33.01,32.54,32.9,33.01,33.01,32.54,32.9,219400.0,0.0,1.0,1.0,3.28
2019-06-06,32.93,33.02,32.64,32.96,32.93,33.02,32.64,32.96,679797.0,0.0,1.0,1.0,1.64
2019-06-07,33.12,33.28,33.01,33.15,33.12,33.28,33.01,33.15,209080.0,0.0,1.0,1.0,-13.18
2019-06-10,33.26,33.56,33.26,33.32,33.26,33.56,33.26,33.32,242868.0,0.0,1.0,1.0,0.0
2019-06-11,33.61,33.65,33.22,33.34,33.61,33.65,33.22,33.34,238850.0,0.0,1.0,1.0,0.0
2019-06-12,33.32,33.34,33.17,33.27,33.32,33.34,33.17,33.27,269574.0,0.0,1.0,1.0,0.0
2019-06-13,33.46,33.57,33.36,33.53,33.46,33.57,33.36,33.53,144061.0,0.0,1.0,1.0,9.99
2019-06-14,33.55,33.55,33.28,33.31,33.55,33.55,33.28,33.31,152600.0,0.0,1.0,1.0,0.0
2019-06-17,33.4,33.47,33.28,33.32,33.4,33.47,33.28,33.32,198100.0,0.0,1.0,1.0,3.33
2019-06-18,33.52,33.94,33.52,33.71,33.52,33.94,33.52,33.71,215756.0,0.0,1.0,1.0,3.33
2019-06-19,33.77,33.84,33.65,33.81,33.77,33.84,33.65,33.81,203280.0,0.0,1.0,1.0,1.69
2019-06-20,34.11,34.16,33.83,34.02,34.11,34.16,33.83,34.02,209700.0,0.0,1.0,1.0,0.0
2019-06-21,33.96,33.96,33.71,33.81,33.96,33.96,33.71,33.81,219200.0,0.0,1.0,1.0,0.0
2019-06-24,33.71,33.71,33.35,33.36,33.71,33.71,33.35,33.36,452300.0,0.14,1.0,1.0,5.07
2019-06-25,33.46,33.46,33.16,33.19,33.46,33.46,33.16,33.19,293400.0,0.0,1.0,1.0,13.34
2019-06-26,33.28,33.38,33.14,33.14,33.28,33.38,33.14,33.14,268570.0,0.0,1.0,1.0,0.0
2019-06-27,33.31,33.65,33.31,33.62,33.31,33.65,33.31,33.62,211500.0,0.0,1.0,1.0,8.29
2019-06-28,33.73,34.13,33.73,34.07,33.73,34.13,33.73,34.07,588070.0,0.0,1.0,1.0,3.36
2019-07-01,34.46,34.54,34.01,34.18,34.46,34.54,34.01,34.18,296400.0,0.0,1.0,1.0,6.81
2019-07-02,34.15,34.15,33.88,34.01,34.15,34.15,33.88,34.01,281600.0,0.0,1.0,1.0,6.83
2019-07-03,34.1,34.32,34.08,34.3,34.1,34.32,34.08,34.3,158294.0,0.0,1.0,1.0,0.0
2019-07-05,34.15,34.39,33.95,34.39,34.15,34.39,33.95,34.39,240200.0,0.0,1.0,1.0,3.43
2019-07-08,34.23,34.29,33.99,34.06,34.23,34.29,33.99,34.06,151200.0,0.0,1.0,1.0,0.0
2019-07-09,33.9,34.04,33.85,34.04,33.9,34.04,33.85,34.04,194700.0,0.0,1.0,1.0,8.51
2019-07-10,34.2,34.24,33.94,34.04,34.2,34.24,33.94,34.04,223500.0,0.0,1.0,1.0,3.4
2019-07-11,34.06,34.07,33.78,33.92,34.06,34.07,33.78,33.92,476300.0,0.0,1.0,1.0,3.4
2019-07-12,33.98,34.34,33.92,34.27,33.98,34.34,33.92,34.27,212462.0,0.0,1.0,1.0,0.0
2019-07-15,34.25,34.28,34.01,34.06,34.25,34.28,34.01,34.06,228400.0,0.0,1.0,1.0,0.0
2019-07-16,34.03,34.23,34.02,34.09,34.03,34.23,34.02,34.09,139500.0,0.0,1.0,1.0,0.0
2019-07-17,34.14,34.14,33.83,33.85,34.14,34.14,33.83,33.85,149480.0,0.0,1.0,1.0,5.11
2019-07-18,33.8,34.0,33.74,33.93,33.8,34.0,33.74,33.93,165359.0,0.0,1.0,1.0,0.0
2019-07-19,33.99,34.13,33.85,33.85,33.99,34.13,33.85,33.85,170800.0,0.0,1.0,1.0,0.0
2019-07-22,33.93,34.0,33.78,33.82,33.93,34.0,33.78,33.82,121600.0,0.0,1.0,1.0,3.38
2019-07-23,33.94,34.16,33.86,34.14,33.94,34.16,33.86,34.14,182100.0,0.0,1.0,1.0,0.0
2019-07-24,34.05,34.7,34.05,34.66,34.05,34.7,34.05,34.66,156968.0,0.0,1.0,1.0,0.0
2019-07-25,34.62,34.62,34.28,34.33,34.62,34.62,34.28,34.33,271800.0,0.0,1.0,1.0,3.47
2019-07-26,34.35,34.71,34.35,34.65,34.35,34.71,34.35,34.65,216351.0,0.0,1.0,1.0,3.43
2019-07-29,34.64,34.66,34.43,34.5,34.64,34.66,34.43,34.5,408400.0,0.0,1.0,1.0,0.0
2019-07-30,34.27,34.78,34.21,34.78,34.27,34.78,34.21,34.78,385973.0,0.0,1.0,1.0,0.0
2019-07-31,34.78,34.93,34.26,34.43,34.78,34.93,34.26,34.43,411400.0,0.0,1.0,1.0,0.0
2019-08-01,34.45,34.69,33.76,33.92,34.45,34.69,33.76,33.92,317400.0,0.0,1.0,1.0,5.17
2019-08-02,33.73,33.77,33.3,33.56,33.73,33.77,33.3,33.56,578100.0,0.0,1.0,1.0,3.39
2019-08-05,32.99,32.99,32.29,32.62,32.99,32.99,32.29,32.62,469194.0,0.0,1.0,1.0,-8.39
2019-08-06,32.82,33.01,32.58,33.01,32.82,33.01,32.58,33.01,821600.0,0.0,1.0,1.0,3.26
2019-08-07,32.65,33.15,32.46,33.07,32.65,33.15,32.46,33.07,417200.0,0.0,1.0,1.0,23.1
2019-08-08,33.26,33.75,33.22,33.75,33.26,33.75,33.22,33.75,251365.0,0.0,1.0,1.0,-4.96
2019-08-09,33.65,33.65,33.23,33.33,33.65,33.65,33.23,33.33,355900.0,0.0,1.0,1.0,-15.18
2019-08-12,33.16,33.16,32.79,32.88,33.16,33.16,32.79,32.88,221073.0,0.0,1.0,1.0,6.66
2019-08-13,32.77,33.52,32.77,33.23,32.77,33.52,32.77,33.23,249600.0,0.0,1.0,1.0,0.0
2019-08-14,32.71,32.71,32.2,32.26,32.71,32.71,32.2,32.26,564600.0,0.0,1.0,1.0,8.31
2019-08-15,32.37,32.37,32.02,32.21,32.37,32.37,32.02,32.21,653200.0,0.0,1.0,1.0,0.0
2019-08-16,32.38,32.9,32.38,32.88,32.38,32.9,32.38,32.88,240900.0,0.0,1.0,1.0,0.0
2019-08-19,33.23,33.34,33.17,33.21,33.23,33.34,33.17,33.21,180000.0,0.0,1.0,1.0,0.0
2019-08-20,33.12,33.13,32.92,32.93,33.12,33.13,32.92,32.93,173300.0,0.0,1.0,1.0,0.0
2019-08-21,33.21,33.22,33.08,33.15,33.21,33.22,33.08,33.15,245271.0,0.0,1.0,1.0,-1.65
2019-08-22,33.22,33.32,32.94,33.14,33.22,33.32,32.94,33.14,173460.0,0.0,1.0,1.0,-1.66
2019-08-23,32.96,33.1,32.1,32.18,32.96,33.1,32.1,32.18,276900.0,0.0,1.0,1.0,0.0
2019-08-26,32.41,32.48,32.25,32.47,32.41,32.48,32.25,32.47,377800.0,0.0,1.0,1.0,0.0
2019-08-27,32.65,32.65,32.09,32.09,32.65,32.65,32.09,32.09,211900.0,0.0,1.0,1.0,0.0
2019-08-28,32.05,32.57,32.0,32.46,32.05,32.57,32.0,32.46,395088.0,0.0,1.0,1.0,0.0
2019-08-29,32.79,33.01,32.77,32.93,32.79,33.01,32.77,32.93,246700.0,0.0,1.0,1.0,0.0
2019-08-30,33.08,33.16,32.81,32.99,33.08,33.16,32.81,32.99,148162.0,0.0,1.0,1.0,-9.88
2019-09-03,32.71,32.82,32.42,32.54,32.71,32.82,32.42,32.54,286100.0,0.0,1.0,1.0,0.0
2019-09-04,32.86,32.96,32.78,32.94,32.86,32.96,32.78,32.94,148175.0,0.0,1.0,1.0,0.0
2019-09-05,33.33,33.71,33.31,33.55,33.33,33.71,33.31,33.55,236257.0,0.0,1.0,1.0,3.29
2019-09-06,33.55,33.67,33.47,33.5,33.55,33.67,33.47,33.5,172393.0,0.0,1.0,1.0,0.0
2019-09-09,33.6,33.83,33.52,33.81,33.6,33.83,33.52,33.81,186000.0,0.0,1.0,1.0,-1.67
2019-09-10,33.75,34.08,33.61,34.08,33.75,34.08,33.61,34.08,138800.0,0.0,1.0,1.0,0.0
2019-09-11,34.13,34.63,33.97,34.63,34.13,34.63,33.97,34.63,310885.0,0.0,1.0,1.0,0.0
2019-09-12,34.67,34.75,34.38,34.62,34.67,34.75,34.38,34.62,301300.0,0.0,1.0,1.0,3.46
2019-09-13,34.72,34.91,34.63,34.66,34.72,34.91,34.63,34.66,516300.0,0.0,1.0,1.0,8.65
2019-09-16,34.62,34.83,34.51,34.71,34.62,34.83,34.51,34.71,251000.0,0.0,1.0,1.0,3.46
2019-09-17,34.63,34.63,34.44,34.61,34.63,34.63,34.44,34.61,127700.0,0.0,1.0,1.0,3.47
2019-09-18,34.58,34.58,34.19,34.49,34.58,34.58,34.19,34.49,289700.0,0.0,1.0,1.0,0.0
2019-09-19,34.55,34.71,34.34,34.38,34.55,34.71,34.34,34.38,202000.0,0.0,1.0,1.0,8.61
2019-09-20,34.38,34.54,34.14,34.27,34.38,34.54,34.14,34.27,164393.0,0.0,1.0,1.0,5.15
2019-09-23,34.04,34.3,33.97,34.19,34.04,34.3,33.97,34.19,181600.0,0.14,1.0,1.0,0.0
2019-09-24,34.25,34.33,33.7,33.78,34.25,34.33,33.7,33.78,246162.0,0.0,1.0,1.0,11.96
2019-09-25,33.75,34.23,33.72,34.19,33.75,34.23,33.72,34.19,285754.0,0.0,1.0,1.0,0.0
2019-09-26,34.16,34.16,33.82,33.96,34.16,34.16,33.82,33.96,385000.0,0.0,1.0,1.0,-8.54
2019-09-27,34.06,34.12,33.58,33.7,34.06,34.12,33.58,33.7,242300.0,0.0,1.0,1.0,6.79
2019-09-30,33.79,34.01,33.74,33.89,33.79,34.01,33.74,33.89,554271.0,0.0,1.0,1.0,0.0
2019-10-01,34.0,34.2,33.19,33.26,34.0,34.2,33.19,33.26,358800.0,0.0,1.0,1.0,10.17
2019-10-02,33.05,33.05,32.61,32.82,33.05,33.05,32.61,32.82,342900.0,0.0,1.0,1.0,6.65
2019-10-03,32.72,32.99,32.4,32.98,32.72,32.99,32.4,32.98,356490.0,0.0,1.0,1.0,0.0
2019-10-04,33.02,33.32,32.92,33.3,33.02,33.32,32.92,33.3,178465.0,0.0,1.0,1.0,0.0
2019-10-07,33.25,33.43,33.09,33.2,33.25,33.43,33.09,33.2,305600.0,0.0,1.0,1.0,3.33
2019-10-08,32.88,32.94,32.6,32.63,32.88,32.94,32.6,32.63,312597.0,0.0,1.0,1.0,0.0
2019-10-09,32.84,32.93,32.66,32.82,32.84,32.93,32.66,32.82,287800.0,0.0,1.0,1.0,11.41
2019-10-10,32.77,33.1,32.77,32.95,32.77,33.1,32.77,32.95,500500.0,0.0,1.0,1.0,1.64
2019-10-11,33.37,33.84,33.37,33.55,33.37,33.84,33.37,33.55,272000.0,0.0,1.0,1.0,0.0
2019-10-14,33.5,33.5,33.27,33.42,33.5,33.5,33.27,33.42,213000.0,0.0,1.0,1.0,0.0
2019-10-15,33.52,33.83,33.43,33.72,33.52,33.83,33.43,33.72,184181.0,0.0,1.0,1.0,0.0
2019-10-16,33.6,33.85,33.6,33.7,33.6,33.85,33.6,33.7,194400.0,0.0,1.0,1.0,0.0
2019-10-17,33.83,34.07,33.83,34.03,33.83,34.07,33.83,34.03,428200.0,0.0,1.0,1.0,0.0
2019-10-18,33.97,34.05,33.74,33.96,33.97,34.05,33.74,33.96,209250.0,0.0,1.0,1.0,3.4
2019-10-21,34.27,34.34,34.15,34.19,34.27,34.34,34.15,34.19,162700.0,0.0,1.0,1.0,0.0
2019-10-22,34.22,34.38,34.09,34.21,34.22,34.38,34.09,34.21,320800.0,0.0,1.0,1.0,6.83
2019-10-23,34.22,34.26,34.1,34.25,34.22,34.26,34.1,34.25,121800.0,0.0,1.0,1.0,8.55
2019-10-24,34.29,34.29,34.08,34.24,34.29,34.29,34.08,34.24,151700.0,0.0,1.0,1.0,3.42
2019-10-25,34.13,34.52,34.13,34.43,34.13,34.52,34.13,34.43,154900.0,0.0,1.0,1.0,0.0
2019-10-28,34.58,34.83,34.58,34.67,34.58,34.83,34.58,34.67,218600.0,0.0,1.0,1.0,0.0
2019-10-29,34.56,34.85,34.56,34.77,34.56,34.85,34.56,34.77,131976.0,0.0,1.0,1.0,0.0
2019-10-30,34.75,34.75,34.45,34.66,34.75,34.75,34.45,34.66,193700.0,0.0,1.0,1.0,0.0
2019-10-31,34.56,34.56,34.17,34.36,34.56,34.56,34.17,34.36,178568.0,0.0,1.0,1.0,0.0
2019-11-01,34.6,34.88,34.54,34.88,34.6,34.88,34.54,34.88,200800.0,0.0,1.0,1.0,0.0
2019-11-04,35.1,35.13,34.97,35.1,35.1,35.13,34.97,35.1,269900.0,0.0,1.0,1.0,0.0
2019-11-05,35.17,35.36,35.14,35.18,35.17,35.36,35.14,35.18,251751.0,0.0,1.0,1.0,3.51
2019-11-06,35.18,35.18,34.92,35.02,35.18,35.18,34.92,35.02,201600.0,0.0,1.0,1.0,7.03
2019-11-07,35.25,35.38,34.97,35.08,35.25,35.38,34.97,35.08,215260.0,0.0,1.0,1.0,3.5
2019-11-08,35.02,35.16,34.94,35.16,35.02,35.16,34.94,35.16,233088.0,0.0,1.0,1.0,0.0
2019-11-11,34.92,35.12,34.92,35.05,34.92,35.12,34.92,35.05,132100.0,0.0,1.0,1.0,3.51
2019-11-12,35.05,35.23,34.99,35.04,35.05,35.23,34.99,35.04,338800.0,0.0,1.0,1.0,1.75
2019-11-13,34.86,34.99,34.77,34.92,34.86,34.99,34.77,34.92,571760.0,0.0,1.0,1.0,8.75
2019-11-14,34.9,35.05,34.87,34.96,34.9,35.05,34.87,34.96,526463.0,0.0,1.0,1.0,3.49
2019-11-15,35.16,35.16,35.0,35.14,35.16,35.16,35.0,35.14,169500.0,0.0,1.0,1.0,0.0
2019-11-18,35.1,35.1,34.96,35.05,35.1,35.1,34.96,35.05,395000.0,0.0,1.0,1.0,0.0
2019-11-19,35.11,35.2,34.99,35.12,35.11,35.2,34.99,35.12,229685.0,0.0,1.0,1.0,1.75
2019-11-20,34.96,35.18,34.76,34.96,34.96,35.18,34.76,34.96,226800.0,0.0,1.0,1.0,5.27
2019-11-21,35.0,35.0,34.71,34.76,35.0,35.0,34.71,34.76,141778.0,0.0,1.0,1.0,0.0
2019-11-22,34.82,34.9,34.72,34.83,34.82,34.9,34.72,34.83,412485.0,0.0,1.0,1.0,0.0
2019-11-25,34.97,35.43,34.97,35.4,34.97,35.43,34.97,35.4,203280.0,0.0,1.0,1.0,-17.42
2019-11-26,35.44,35.57,35.33,35.47,35.44,35.57,35.33,35.47,170800.0,0.0,1.0,1.0,0.0
2019-11-27,35.6,35.71,35.49,35.69,35.6,35.71,35.49,35.69,187000.0,0.0,1.0,1.0,1.77
2019-11-29,35.69,35.69,35.37,35.39,35.69,35.69,35.37,35.39,118000.0,0.0,1.0,1.0,0.0
2019-12-02,35.43,35.43,35.07,35.07,35.43,35.43,35.07,35.07,300803.0,0.0,1.0,1.0,3.54
2019-12-03,34.78,34.91,34.61,34.88,34.78,34.91,34.61,34.88,454300.0,0.0,1.0,1.0,7.02
2019-12-04,35.06,35.35,35.06,35.18,35.06,35.35,35.06,35.18,350088.0,0.0,1.0,1.0,0.0
2019-12-05,35.28,35.34,35.14,35.26,35.28,35.34,35.14,35.26,207962.0,0.0,1.0,1.0,7.03
2019-12-06,35.56,35.76,35.56,35.65,35.56,35.76,35.56,35.65,254860.0,0.0,1.0,1.0,0.0
2019-12-09,35.59,35.65,35.5,35.51,35.59,35.65,35.5,35.51,277500.0,0.0,1.0,1.0,-5.34
2019-12-10,35.5,35.56,35.39,35.46,35.5,35.56,35.39,35.46,362500.0,0.0,1.0,1.0,0.0
2019-12-11,35.48,35.57,35.41,35.51,35.48,35.57,35.41,35.51,257724.0,0.0,1.0,1.0,0.0
2019-12-12,35.56,36.03,35.5,35.93,35.56,36.03,35.5,35.93,304800.0,0.0,1.0,1.0,0.0
2019-12-13,35.82,36.04,35.59,35.68,35.82,36.04,35.59,35.68,230390.0,0.0,1.0,1.0,0.0
2019-12-16,35.94,36.11,35.91,35.92,35.94,36.11,35.91,35.92,234390.0,0.0,1.0,1.0,0.0
2019-12-17,36.06,36.1,35.93,36.07,36.06,36.1,35.93,36.07,211285.0,0.0,1.0,1.0,0.0
2019-12-18,36.17,36.19,35.98,36.15,36.17,36.19,35.98,36.15,212259.0,0.0,1.0,1.0,0.0
2019-12-19,36.18,36.28,36.12,36.27,36.18,36.28,36.12,36.27,265758.0,0.0,1.0,1.0,36.13
2019-12-20,36.31,36.51,36.3,36.43,36.31,36.51,36.3,36.43,278374.0,0.0,1.0,1.0,5.44
2019-12-23,36.27,36.27,36.12,36.22,36.27,36.27,36.12,36.22,301678.0,0.18,1.0,1.0,-32.77
2019-12-24,36.29,36.29,36.18,36.21,36.29,36.29,36.18,36.21,169992.0,0.0,1.0,1.0,1.81
2019-12-26,36.29,36.31,36.19,36.29,36.29,36.31,36.19,36.29,174676.0,0.0,1.0,1.0,0.0
2019-12-27,36.37,36.37,36.12,36.19,36.37,36.37,36.12,36.19,128592.0,0.0,1.0,1.0,0.0
2019-12-30,36.15,36.28,36.02,36.17,36.15,36.28,36.02,36.17,602000.0,0.0,1.0,1.0,0.0
2019-12-31,36.11,36.35,36.11,36.23,36.11,36.35,36.11,36.23,223889.0,0.0,1.0,1.0,3.61
2020-01-02,36.44,36.44,35.93,36.27,36.44,36.44,35.93,36.27,369300.0,0.0,1.0,1.0,7.24
2020-01-03,35.89,36.18,35.83,36.13,35.89,36.18,35.83,36.13,259899.0,0.0,1.0,1.0,0.0
2020-01-06,35.88,36.12,35.78,36.11,35.88,36.12,35.78,36.11,289977.0,0.0,1.0,1.0,-1.81
2020-01-07,36.02,36.08,35.9,35.99,36.02,36.08,35.9,35.99,599787.0,0.0,1.0,1.0,0.0
2020-01-08,35.96,36.18,35.95,36.03,35.96,36.18,35.95,36.03,255800.0,0.0,1.0,1.0,5.4
2020-01-09,36.16,36.21,36.04,36.12,36.16,36.21,36.04,36.12,193400.0,0.0,1.0,1.0,0.0
2020-01-10,36.08,36.12,35.89,35.99,36.08,36.12,35.89,35.99,207300.0,0.0,1.0,1.0,-55.1
2020-01-13,36.02,36.29,35.95,36.27,36.02,36.29,35.95,36.27,191357.0,0.0,1.0,1.0,0.0
2020-01-14,36.2,36.53,36.14,36.39,36.2,36.53,36.14,36.39,248800.0,0.0,1.0,1.0,0.0
2020-01-15,36.33,36.61,36.32,36.47,36.33,36.61,36.32,36.47,283800.0,0.0,1.0,1.0,0.0
2020-01-16,36.7,36.92,36.7,36.89,36.7,36.92,36.7,36.89,239083.0,0.0,1.0,1.0,3.65
2020-01-17,36.98,36.98,36.78,36.8,36.98,36.98,36.78,36.8,345157.0,0.0,1.0,1.0,3.69
2020-01-21,36.67,36.7,36.54,36.56,36.67,36.7,36.54,36.56,177962.0,0.0,1.0,1.0,0.0
2020-01-22,36.67,36.77,36.51,36.55,36.67,36.77,36.51,36.55,226000.0,0.0,1.0,1.0,391.27
2020-01-23,36.54,36.7,36.24,36.65,36.54,36.7,36.24,36.65,346357.0,0.0,1.0,1.0,3.66
2020-01-24,36.67,36.7,36.05,36.24,36.67,36.7,36.05,36.24,255000.0,0.0,1.0,1.0,-392.01
2020-01-27,35.63,35.96,35.63,35.73,35.63,35.96,35.63,35.73,353679.0,0.0,1.0,1.0,1.81
2020-01-28,35.94,36.2,35.91,36.09,35.94,36.2,35.91,36.09,200867.0,0.0,1.0,1.0,3.57
2020-01-29,36.2,36.22,35.93,35.94,36.2,36.22,35.93,35.94,251500.0,0.0,1.0,1.0,0.0
2020-01-30,35.75,35.97,35.57,35.97,35.75,35.97,35.57,35.97,158300.0,0.0,1.0,1.0,0.0
2020-01-31,35.79,35.83,35.16,35.23,35.79,35.83,35.16,35.23,211788.0,0.0,1.0,1.0,10.79
2020-02-03,35.39,35.8,35.39,35.6,35.39,35.8,35.39,35.6,1364958.0,0.0,1.0,1.0,0.0
2020-02-04,36.03,36.26,35.89,36.12,36.03,36.26,35.89,36.12,252200.0,0.0,1.0,1.0,-46.32
2020-02-05,36.47,36.57,36.37,36.55,36.47,36.57,36.37,36.55,339100.0,0.0,1.0,1.0,3.61
2020-02-06,36.63,36.63,36.34,36.34,36.63,36.63,36.34,36.34,241500.0,0.0,1.0,1.0,9.13
2020-02-07,36.25,36.25,35.96,36.01,36.25,36.25,35.96,36.01,215255.0,0.0,1.0,1.0,0.0
2020-02-10,35.95,36.21,35.95,36.21,35.95,36.21,35.95,36.21,283595.0,0.0,1.0,1.0,0.0
2020-02-11,36.38,36.63,36.34,36.48,36.38,36.63,36.34,36.48,247100.0,0.0,1.0,1.0,3.62
2020-02-12,36.65,36.75,36.58,36.73,36.65,36.75,36.58,36.73,264500.0,0.0,1.0,1.0,3.65
2020-02-13,36.56,36.91,36.55,36.85,36.56,36.91,36.55,36.85,2558300.0,0.0,1.0,1.0,7.35
2020-02-14,36.9,36.91,36.71,36.86,36.9,36.91,36.71,36.86,198680.0,0.0,1.0,1.0,-84.76
2020-02-18,36.76,36.84,36.52,36.73,36.76,36.84,36.52,36.73,206400.0,0.0,1.0,1.0,0.0
2020-02-19,36.85,37.03,36.81,36.89,36.85,37.03,36.81,36.89,198300.0,0.0,1.0,1.0,1.84
2020-02-20,36.84,37.08,36.6,37.02,36.84,37.08,36.6,37.02,325773.0,0.0,1.0,1.0,3.69
2020-02-21,36.85,36.87,36.55,36.64,36.85,36.87,36.55,36.64,223866.0,0.0,1.0,1.0,5.55
2020-02-24,35.54,35.76,35.38,35.56,35.54,35.76,35.38,35.56,429000.0,0.0,1.0,1.0,0.0
2020-02-25,35.67,35.7,34.27,34.32,35.67,35.7,34.27,34.32,697755.0,0.0,1.0,1.0,0.0
2020-02-26,34.42,34.71,33.78,33.79,34.42,34.71,33.78,33.79,835186.0,0.0,1.0,1.0,0.0
2020-02-27,33.1,33.77,32.5,32.58,33.1,33.77,32.5,32.58,880300.0,0.0,1.0,1.0,10.14
2020-02-28,31.55,32.18,31.13,31.92,31.55,32.18,31.13,31.92,2890092.0,0.0,1.0,1.0,0.0
2020-03-02,32.13,32.99,31.59,32.99,32.13,32.99,31.59,32.99,2102913.0,0.0,1.0,1.0,-6.38
2020-03-03,33.04,33.55,32.01,32.29,33.04,33.55,32.01,32.29,966751.0,0.0,1.0,1.0,-28.04
2020-03-04,32.83,33.44,32.53,33.44,32.83,33.44,32.53,33.44,902671.0,0.0,1.0,1.0,-17.76
2020-03-05,32.61,32.7,31.86,32.22,32.61,32.7,31.86,32.22,477500.0,0.0,1.0,1.0,-18.38
2020-03-06,31.15,31.86,30.9,31.66,31.15,31.86,30.9,31.66,780400.0,0.0,1.0,1.0,0.0
2020-03-09,29.97,30.0,28.13,28.7,29.97,30.0,28.13,28.7,1199591.0,0.0,1.0,1.0,1.58
2020-03-10,29.7,29.83,28.33,29.83,29.7,29.83,28.33,29.83,3935761.0,0.0,1.0,1.0,4.31
2020-03-11,29.04,29.18,27.55,27.85,29.04,29.18,27.55,27.85,1597956.0,0.0,1.0,1.0,7.46
2020-03-12,25.94,26.64,24.73,25.07,25.94,26.64,24.73,25.07,2473900.0,0.0,1.0,1.0,-47.42
2020-03-13,26.44,27.29,24.95,27.27,26.44,27.29,24.95,27.27,4041090.0,0.0,1.0,1.0,15.08
2020-03-16,24.12,25.25,23.33,23.41,24.12,25.25,23.33,23.41,2188300.0,0.0,1.0,1.0,5.45
2020-03-17,24.14,24.8,23.13,24.77,24.14,24.8,23.13,24.77,1515800.0,0.0,1.0,1.0,0.0
2020-03-18,23.2,23.88,21.33,22.41,23.2,23.88,21.33,22.41,2773688.0,0.0,1.0,1.0,-17.31
2020-03-19,22.18,23.55,21.28,23.19,22.18,23.55,21.28,23.19,2183700.0,0.0,1.0,1.0,8.87
2020-03-20,23.5,23.94,22.1,22.17,23.5,23.94,22.1,22.17,2033700.0,0.0,1.0,1.0,2.32
2020-03-23,21.96,21.96,20.64,21.39,21.96,21.96,20.64,21.39,10958051.0,0.14,1.0,1.0,0.0
2020-03-24,22.34,23.69,22.34,23.62,22.34,23.69,22.34,23.62,2356396.0,0.0,1.0,1.0,167.6
2020-03-25,23.79,25.31,23.25,24.33,23.79,25.31,23.25,24.33,4199672.0,0.0,1.0,1.0,22.45
2020-03-26,24.58,25.82,24.58,25.76,24.58,25.82,24.58,25.76,3572300.0,0.0,1.0,1.0,27.98
2020-03-27,24.77,25.57,24.5,24.89,24.77,25.57,24.5,24.89,5820000.0,0.0,1.0,1.0,20.62
2020-03-30,25.01,25.62,24.52,25.6,25.01,25.62,24.52,25.6,2236966.0,0.0,1.0,1.0,-22.44
2020-03-31,25.52,25.67,24.94,25.33,25.52,25.67,24.94,25.33,826200.0,0.0,1.0,1.0,1.28
2020-04-01,24.21,24.45,23.67,23.84,24.21,24.45,23.67,23.84,1011300.0,0.0,1.0,1.0,0.0
2020-04-02,23.69,24.65,23.51,24.1,23.69,24.65,23.51,24.1,2932500.0,0.0,1.0,1.0,13.13
2020-04-03,23.98,24.24,23.19,23.46,23.98,24.24,23.19,23.46,822000.0,0.0,1.0,1.0,54.26
2020-04-06,24.41,25.4,24.41,25.28,24.41,25.4,24.41,25.28,960770.0,0.0,1.0,1.0,14.08
2020-04-07,26.21,26.85,25.6,25.62,26.21,26.85,25.6,25.62,1174900.0,0.0,1.0,1.0,19.0
2020-04-08,25.95,27.07,25.74,26.97,25.95,27.07,25.74,26.97,828186.0,0.0,1.0,1.0,15.4
2020-04-09,27.5,28.32,27.41,27.83,27.5,28.32,27.41,27.83,3854300.0,0.0,1.0,1.0,0.0
2020-04-13,27.7,27.86,26.68,26.95,27.7,27.86,26.68,26.95,807000.0,0.0,1.0,1.0,48.68
2020-04-14,27.57,27.9,27.24,27.55,27.57,27.9,27.24,27.55,977400.0,0.0,1.0,1.0,20.22
2020-04-15,26.61,26.73,26.31,26.44,26.61,26.73,26.31,26.44,1465399.0,0.0,1.0,1.0,0.0
2020-04-16,26.51,26.62,25.96,26.44,26.51,26.62,25.96,26.44,1810100.0,0.0,1.0,1.0,7.94
2020-04-17,27.36,27.6,27.11,27.4,27.36,27.6,27.11,27.4,1355300.0,0.0,1.0,1.0,2.64
2020-04-20,26.94,27.38,26.75,26.84,26.94,27.38,26.75,26.84,1342000.0,0.0,1.0,1.0,13.69
2020-04-21,26.25,26.5,25.97,26.12,26.25,26.5,25.97,26.12,594257.0,0.0,1.0,1.0,8.06
2020-04-22,26.72,26.8,26.35,26.54,26.72,26.8,26.35,26.54,503355.0,0.0,1.0,1.0,0.0
2020-04-23,26.69,27.23,26.69,26.79,26.69,27.23,26.69,26.79,718381.0,0.0,1.0,1.0,1.33
2020-04-24,26.98,27.32,26.71,27.21,26.98,27.32,26.71,27.21,3732886.0,0.0,1.0,1.0,1.34
2020-04-27,27.41,28.46,27.41,28.34,27.41,28.46,27.41,28.34,736600.0,0.0,1.0,1.0,38.08
2020-04-28,28.93,29.17,28.33,28.61,28.93,29.17,28.33,28.61,828984.0,0.0,1.0,1.0,0.0
2020-04-29,29.41,30.01,29.25,29.82,29.41,30.01,29.25,29.82,1131163.0,0.0,1.0,1.0,2.86
2020-04-30,29.22,29.3,28.85,28.86,29.22,29.3,28.85,28.86,1055099.0,0.0,1.0,1.0,-4.47
2020-05-01,28.3,28.3,27.59,27.9,28.3,28.3,27.59,27.9,956800.0,0.0,1.0,1.0,11.55
2020-05-04,27.58,27.95,27.33,27.94,27.58,27.95,27.33,27.94,970500.0,0.0,1.0,1.0,2.79
2020-05-05,28.35,28.78,28.13,28.21,28.35,28.78,28.13,28.21,705100.0,0.0,1.0,1.0,4.19
2020-05-06,28.38,28.44,27.94,27.96,28.38,28.44,27.94,27.96,724600.0,0.0,1.0,1.0,0.0
2020-05-07,28.32,28.72,28.32,28.43,28.32,28.72,28.32,28.43,1068200.0,0.0,1.0,1.0,1.4
2020-05-08,28.86,29.46,28.82,29.43,28.86,29.46,28.82,29.43,942476.0,0.0,1.0,1.0,19.9
2020-05-11,29.05,29.44,28.83,29.22,29.05,29.44,28.83,29.22,990000.0,0.0,1.0,1.0,25.01
2020-05-12,29.35,29.42,28.16,28.18,29.35,29.42,28.16,28.18,1467289.0,0.0,1.0,1.0,-14.6
2020-05-13,27.97,27.97,26.92,27.23,27.97,27.97,26.92,27.23,1002500.0,0.0,1.0,1.0,18.31
2020-05-14,26.67,27.52,26.2,27.52,26.67,27.52,26.2,27.52,1175400.0,0.0,1.0,1.0,2.72
2020-05-15,27.25,27.81,27.1,27.73,27.25,27.81,27.1,27.73,580100.0,0.0,1.0,1.0,0.0
2020-05-18,28.88,29.56,28.82,29.42,28.88,29.56,28.82,29.42,1003500.0,0.0,1.0,1.0,2.77
2020-05-19,29.37,29.66,29.0,29.04,29.37,29.66,29.0,29.04,1024000.0,0.0,1.0,1.0,2.94
2020-05-20,29.52,29.83,29.52,29.65,29.52,29.83,29.52,29.65,742789.0,0.0,1.0,1.0,18.87
2020-05-21,29.64,29.9,29.44,29.77,29.64,29.9,29.44,29.77,716000.0,0.0,1.0,1.0,0.0
2020-05-22,29.8,29.84,29.47,29.78,29.8,29.84,29.47,29.78,1703173.0,0.0,1.0,1.0,-22.32
2020-05-26,30.79,31.02,30.73,30.78,30.79,31.02,30.73,30.78,840600.0,0.0,1.0,1.0,37.22
2020-05-27,31.43,31.63,30.68,31.63,31.43,31.63,30.68,31.63,1808350.0,0.0,1.0,1.0,0.0
2020-05-28,31.95,31.95,31.05,31.15,31.95,31.95,31.05,31.15,1067500.0,0.0,1.0,1.0,-3.16
2020-05-29,30.97,31.15,30.58,30.98,30.97,31.15,30.58,30.98,2062680.0,0.0,1.0,1.0,6.23
2020-06-01,31.11,31.55,30.92,31.36,31.11,31.55,30.92,31.36,795100.0,0.0,1.0,1.0,3.1
2020-06-02,31.56,31.72,31.36,31.64,31.56,31.72,31.36,31.64,989953.0,0.0,1.0,1.0,0.0
2020-06-03,32.06,32.63,32.06,32.52,32.06,32.63,32.06,32.52,1042800.0,0.0,1.0,1.0,0.0
2020-06-04,32.37,32.68,32.16,32.53,32.37,32.68,32.16,32.53,1305800.0,0.0,1.0,1.0,-1.63
2020-06-05,33.89,34.11,33.5,33.57,33.89,34.11,33.5,33.57,1179385.0,0.0,1.0,1.0,0.0
2020-06-08,33.98,34.21,33.87,34.21,33.98,34.21,33.87,34.21,1164900.0,0.0,1.0,1.0,3.36
2020-06-09,33.71,33.76,33.31,33.51,33.71,33.76,33.31,33.51,1371486.0,0.0,1.0,1.0,5.13
2020-06-10,33.51,33.51,32.56,32.65,33.51,33.51,32.56,32.65,3025557.0,0.0,1.0,1.0,3.35
2020-06-11,31.32,31.49,30.25,30.31,31.32,31.49,30.25,30.31,2057294.0,0.0,1.0,1.0,34.28
2020-06-12,31.39,31.55,30.08,30.96,31.39,31.55,30.08,30.96,2282363.0,0.0,1.0,1.0,16.68
2020-06-15,30.03,31.58,29.89,31.44,30.03,31.58,29.89,31.44,1060263.0,0.0,1.0,1.0,0.0
2020-06-16,32.61,32.61,31.55,32.07,32.61,32.61,31.55,32.07,1112778.0,0.0,1.0,1.0,1.57
2020-06-17,32.17,32.17,31.57,31.62,32.17,32.17,31.57,31.62,612600.0,0.0,1.0,1.0,1.6
2020-06-18,31.36,31.86,31.31,31.56,31.36,31.86,31.31,31.56,520794.0,0.0,1.0,1.0,53.77
2020-06-19,32.04,32.04,31.14,31.4,32.04,32.04,31.14,31.4,1216591.0,0.0,1.0,1.0,14.19
2020-06-22,31.17,31.43,30.77,31.38,31.17,31.43,30.77,31.38,991853.0,0.13,1.0,1.0,-58.08
2020-06-23,31.81,31.81,31.36,31.4,31.81,31.81,31.36,31.4,642466.0,0.0,1.0,1.0,-1.57
2020-06-24,31.11,31.11,30.02,30.35,31.11,31.11,30.02,30.35,1712300.0,0.0,1.0,1.0,0.0
2020-06-25,30.19,30.75,29.97,30.74,30.19,30.75,29.97,30.74,980972.0,0.0,1.0,1.0,4.55
2020-06-26,30.55,30.61,30.06,30.14,30.55,30.61,30.06,30.14,1392197.0,0.0,1.0,1.0,6.15
2020-06-29,30.42,30.92,30.13,30.87,30.42,30.92,30.13,30.87,1245700.0,0.0,1.0,1.0,0.0
2020-06-30,30.76,31.36,30.76,31.25,30.76,31.36,30.76,31.25,1041200.0,0.0,1.0,1.0,0.0
2020-07-01,31.28,31.46,30.92,31.04,31.28,31.46,30.92,31.04,1242500.0,0.0,1.0,1.0,7.81
2020-07-02,31.59,31.78,31.11,31.18,31.59,31.78,31.11,31.18,1138500.0,0.0,1.0,1.0,0.0
2020-07-06,31.81,31.9,31.39,31.51,31.81,31.9,31.39,31.51,1578600.0,0.0,1.0,1.0,18.71
2020-07-07,31.26,31.42,30.89,30.9,31.26,31.42,30.89,30.9,846900.0,0.0,1.0,1.0,12.6
2020-07-08,30.96,31.25,30.74,31.11,30.96,31.25,30.74,31.11,872600.0,0.0,1.0,1.0,4.64
2020-07-09,31.16,31.19,30.27,30.67,31.16,31.19,30.27,30.67,1220500.0,0.0,1.0,1.0,0.0
2020-07-10,30.63,31.09,30.58,31.09,30.63,31.09,30.58,31.09,1286700.0,0.0,1.0,1.0,-1.53
2020-07-13,31.35,31.66,30.74,30.77,31.35,31.66,30.74,30.77,1778900.0,0.0,1.0,1.0,1.55
2020-07-14,30.7,31.27,30.55,31.26,30.7,31.27,30.55,31.26,2117500.0,0.0,1.0,1.0,3.08
2020-07-15,31.9,32.29,31.77,32.21,31.9,32.29,31.77,32.21,1215700.0,0.0,1.0,1.0,0.0
2020-07-16,32.02,32.22,31.86,32.08,32.02,32.22,31.86,32.08,1120400.0,0.0,1.0,1.0,1.61
2020-07-17,32.17,32.31,31.99,32.2,32.17,32.31,31.99,32.2,649600.0,0.0,1.0,1.0,0.0
2020-07-20,32.16,32.23,31.9,32.02,32.16,32.23,31.9,32.02,888300.0,0.0,1.0,1.0,0.0
2020-07-21,32.28,32.63,32.24,32.41,32.28,32.63,32.24,32.41,857090.0,0.0,1.0,1.0,0.0
2020-07-22,32.28,32.67,32.28,32.64,32.28,32.67,32.28,32.64,792300.0,0.0,1.0,1.0,3.24
2020-07-23,32.62,33.09,32.43,32.71,32.62,33.09,32.43,32.71,1039078.0,0.0,1.0,1.0,-4.9
2020-07-24,32.56,32.67,32.36,32.45,32.56,32.67,32.36,32.45,925453.0,0.0,1.0,1.0,0.0
2020-07-27,32.49,32.75,32.3,32.75,32.49,32.75,32.3,32.75,679300.0,0.0,1.0,1.0,0.0
2020-07-28,32.61,32.78,32.39,32.41,32.61,32.78,32.39,32.41,461487.0,0.0,1.0,1.0,0.0
2020-07-29,32.6,33.18,32.6,33.12,32.6,33.18,32.6,33.12,677292.0,0.0,1.0,1.0,0.0
2020-07-30,32.69,32.96,32.42,32.92,32.69,32.96,32.42,32.92,1448200.0,0.0,1.0,1.0,3.31
2020-07-31,32.87,32.89,32.2,32.67,32.87,32.89,32.2,32.67,692500.0,0.0,1.0,1.0,-1.64
2020-08-03,32.87,33.12,32.7,33.05,32.87,33.12,32.7,33.05,804100.0,0.0,1.0,1.0,0.0
2020-08-04,32.94,33.23,32.89,33.22,32.94,33.23,32.89,33.22,701900.0,0.0,1.0,1.0,4.96
2020-08-05,33.47,33.71,33.37,33.68,33.47,33.71,33.37,33.68,568498.0,0.0,1.0,1.0,1.66
