Date,PCRatio,VolumeCall,VolumePut,VolumeTotal
2010-07-06,1.91,446308,233843,680151
2010-07-07,0.91,302882,331481,634363
2010-07-08,1.12,280436,251021,531457
2010-07-09,1.2,376805,315132,691937
2010-07-12,1.49,421390,283127,704517
2010-07-13,1.25,652349,519892,1172241
2010-07-14,1.01,475499,469171,944670
2010-07-15,0.87,365810,421520,787330
2010-07-16,2.22,416822,187961,604783
2010-07-19,1.76,277724,158190,435914
2010-07-20,1.49,258007,173110,431117
2010-07-21,2.48,496196,199764,695960
2010-07-22,1.27,229104,180425,409529
2010-07-23,1.59,296888,186205,483093
2010-07-26,1.7,256861,151049,407910
2010-07-27,1.4,279835,200452,480287
2010-07-28,1.99,211544,106265,317809
2010-07-29,1.74,207817,119150,326967
2010-07-30,1.18,228363,193948,422311
2010-08-02,2.1,413466,196904,610370
2010-08-03,1.27,246879,194021,440900
2010-08-04,3.29,333891,101417,435308
2010-08-05,2.67,287807,107609,395416
2010-08-06,1.74,279442,160365,439807
2010-08-09,2.01,234983,117091,352074
2010-08-10,2.49,311464,125181,436645
2010-08-11,1.64,476682,291174,767856
2010-08-12,2.98,444674,149367,594041
2010-08-13,1.83,274615,149993,424608
2010-08-16,1.55,381664,246236,627900
2010-08-17,1.72,462916,269395,732311
2010-08-18,1.92,692770,361525,1054295
2010-08-19,1.31,581072,442228,1023300
2010-08-20,2.03,471009,232471,703480
2010-08-23,1.78,285260,160060,445320
2010-08-24,0.87,253205,290972,544177
2010-08-25,1.97,414968,210619,625587
2010-08-26,1.47,353615,240743,594358
2010-08-27,1.11,381093,343799,724892
2010-08-30,3.04,361417,118995,480412
2010-08-31,1.82,299674,164500,464174
2010-09-01,1.21,528544,438618,967162
2010-09-02,1.31,274573,210312,484885
2010-09-03,2.08,458007,220653,678660
2010-09-07,2.0,325774,163212,488986
2010-09-08,2.04,402237,197068,599305
2010-09-09,1.88,491183,261832,753015
2010-09-10,1.95,457802,234282,692084
2010-09-13,0.92,446342,486545,932887
2010-09-14,1.58,543980,344231,888211
2010-09-15,1.53,692490,453308,1145798
2010-09-16,1.03,519709,505167,1024876
2010-09-17,2.4,398714,166039,564753
2010-09-20,2.16,434344,200634,634978
2010-09-21,2.01,479147,238532,717679
2010-09-22,2.14,335991,157311,493302
2010-09-23,1.7,238462,140564,379026
2010-09-24,1.57,325244,206797,532041
2010-09-27,1.73,285811,165309,451120
2010-09-28,2.36,356450,151125,507575
2010-09-29,1.42,273665,192207,465872
2010-09-30,1.76,306815,174032,480847
2010-10-01,1.32,250192,189120,439312
2010-10-04,1.48,284004,191362,475366
2010-10-05,1.16,423086,364935,788021
2010-10-06,1.43,291673,203528,495201
2010-10-07,1.38,311060,225162,536222
2010-10-08,1.69,342152,202901,545053
2010-10-11,1.49,435530,292632,728162
2010-10-12,1.79,391360,218347,609707
2010-10-13,1.27,719009,566538,1285547
2010-10-14,1.49,602603,404512,1007115
2010-10-15,2.85,402112,140893,543005
2010-10-18,1.45,258230,178633,436863
2010-10-19,1.46,311205,213441,524646
2010-10-20,1.93,636058,330030,966088
2010-10-21,1.7,395101,231824,626925
2010-10-22,1.06,270423,255459,525882
2010-10-25,1.91,366773,191817,558590
2010-10-26,1.97,324875,164611,489486
2010-10-27,2.15,354334,164490,518824
2010-10-28,2.22,372243,167631,539874
2010-10-29,3.37,412796,122416,535212
2010-11-01,2.57,332110,129011,461121
2010-11-02,1.21,237656,196660,434316
2010-11-03,1.97,340559,172666,513225
2010-11-04,1.73,821214,474096,1295310
2010-11-05,1.62,457927,282470,740397
2010-11-08,1.25,267589,214469,482058
2010-11-09,1.59,328221,206254,534475
2010-11-10,1.61,332418,206909,539327
2010-11-11,1.64,264923,161571,426494
2010-11-12,1.22,482395,394483,876878
2010-11-15,1.46,282617,193520,476137
2010-11-16,1.8,688513,382553,1071066
2010-11-17,1.6,647764,405506,1053270
2010-11-18,1.19,559045,468464,1027509
2010-11-19,1.09,354882,324830,679712
2010-11-22,2.21,345343,156142,501485
2010-11-23,1.99,360070,181312,541382
2010-11-24,2.0,301226,150502,451728
2010-11-26,2.07,142332,68602,210934
2010-11-29,2.24,339116,151633,490749
2010-11-30,2.12,342442,161303,503745
2010-12-01,1.67,433978,260012,693990
2010-12-02,1.58,440526,279162,719688
2010-12-03,1.31,316799,241539,558338
2010-12-06,1.32,343677,261073,604750
2010-12-07,1.29,446408,347344,793752
2010-12-08,2.05,409138,199800,608938
2010-12-09,1.33,344052,259315,603367
2010-12-10,1.48,480090,324017,804107
2010-12-13,1.26,379467,301426,680893
2010-12-14,1.1,360020,326470,686490
2010-12-15,1.12,364332,325835,690167
2010-12-16,1.1,332072,302961,635033
2010-12-17,2.45,434691,177767,612458
2010-12-20,1.92,251959,131482,383441
2010-12-21,1.54,259066,168290,427356
2010-12-22,2.75,426163,154970,581133
2010-12-23,1.96,221915,113384,335299
2010-12-27,2.06,109844,53326,163170
2010-12-28,1.45,164714,113358,278072
2010-12-29,1.74,173045,99667,272712
2010-12-30,2.31,240358,103930,344288
2010-12-31,1.97,168654,85563,254217
2011-01-03,1.41,399556,284217,683773
2011-01-04,1.5,260938,174445,435383
2011-01-05,1.81,378145,209030,587175
2011-01-06,0.86,317821,370381,688202
2011-01-07,1.79,348059,194346,542405
2011-01-10,1.59,215179,135231,350410
2011-01-11,1.9,391935,206034,597969
2011-01-12,1.29,386800,300364,687164
2011-01-13,1.39,323465,232643,556108
2011-01-14,1.46,361425,247644,609069
2011-01-18,1.48,433990,293000,726990
2011-01-19,2.28,923136,404894,1328030
2011-01-20,1.65,544906,331153,876059
2011-01-21,1.57,374895,239100,613995
2011-01-24,2.06,288865,140098,428963
2011-01-25,2.44,386234,158497,544731
2011-01-26,1.06,321204,303675,624879
2011-01-27,2.66,443392,166634,610026
2011-01-28,2.31,614933,266085,881018
2011-01-31,3.06,453935,148255,602190
2011-02-01,1.21,423162,350111,773273
2011-02-02,2.35,275503,117182,392685
2011-02-03,1.67,317349,190429,507778
2011-02-04,1.85,319476,172701,492177
2011-02-07,1.85,371542,201266,572808
2011-02-08,1.37,327761,238876,566637
2011-02-09,1.46,413857,284144,698001
2011-02-10,1.66,256436,154873,411309
2011-02-11,1.84,448735,243787,692522
2011-02-14,2.09,456977,218383,675360
2011-02-15,1.79,349492,195773,545265
2011-02-16,1.88,788840,420641,1209481
2011-02-17,1.22,471153,387277,858430
2011-02-18,2.75,489717,177837,667554
2011-02-22,2.51,492638,196518,689156
2011-02-23,1.37,398733,291055,689788
2011-02-24,2.59,472217,182365,654582
2011-02-25,1.88,423019,224422,647441
2011-02-28,2.3,356714,155372,512086
2011-03-01,2.31,477889,206728,684617
2011-03-02,2.02,373438,184930,558368
2011-03-03,1.6,429925,268639,698564
2011-03-04,1.98,440799,223184,663983
2011-03-07,2.28,324997,142290,467287
2011-03-08,1.55,482187,310874,793061
2011-03-09,2.27,365063,160827,525890
2011-03-10,1.35,432281,319583,751864
2011-03-11,2.08,450596,217141,667737
2011-03-14,1.8,606242,336106,942348
2011-03-15,1.69,718903,424336,1143239
2011-03-16,2.51,1177409,468162,1645571
2011-03-17,2.17,842651,388710,1231361
2011-03-18,2.02,475254,234963,710217
2011-03-21,2.0,474915,237775,712690
2011-03-22,1.98,352837,178191,531028
2011-03-23,1.4,301774,215825,517599
2011-03-24,2.23,391567,175675,567242
2011-03-25,1.99,431083,216323,647406
2011-03-28,1.82,308909,170187,479096
2011-03-29,1.73,237514,137199,374713
2011-03-30,1.49,331270,222347,553617
2011-03-31,2.1,324664,154341,479005
2011-04-01,2.22,550947,248062,799009
2011-04-04,2.15,351528,163851,515379
2011-04-05,1.69,357147,210989,568136
2011-04-06,1.48,245411,165849,411260
2011-04-07,1.93,335297,173831,509128
2011-04-08,1.73,393125,227537,620662
2011-04-11,1.37,316288,230973,547261
2011-04-12,1.5,480351,321063,801414
2011-04-13,1.68,401680,238448,640128
2011-04-14,1.58,603043,381694,984737
2011-04-15,2.14,423879,198100,621979
2011-04-18,1.81,341162,188450,529612
2011-04-19,1.17,263777,226306,490083
2011-04-20,2.17,563761,260028,823789
2011-04-21,1.6,371682,232710,604392
2011-04-25,1.3,118276,90837,209113
2011-04-26,1.15,333044,290054,623098
2011-04-27,1.21,278929,230735,509664
2011-04-28,1.96,358727,183078,541805
2011-04-29,1.75,468509,267411,735920
2011-05-02,1.38,328867,238717,567584
2011-05-03,1.84,350750,190184,540934
2011-05-04,2.08,292007,140614,432621
2011-05-05,1.94,396330,204708,601038
2011-05-06,1.85,390609,211060,601669
2011-05-09,1.94,211882,109438,321320
2011-05-10,1.54,280090,181972,462062
2011-05-11,2.2,443775,201536,645311
2011-05-12,1.8,329366,182716,512082
2011-05-13,1.81,337124,186281,523405
2011-05-16,1.88,434100,231165,665265
2011-05-17,1.89,553411,292448,845859
2011-05-18,1.15,524719,455723,980442
2011-05-19,1.8,648881,360091,1008972
2011-05-20,2.08,471665,227136,698801
2011-05-23,2.13,557752,262073,819825
2011-05-24,1.84,298364,162275,460639
2011-05-25,1.3,265495,203590,469085
2011-05-26,1.76,397749,225802,623551
2011-05-27,1.2,271929,226106,498035
2011-05-31,1.61,256706,159424,416130
2011-06-01,2.19,530877,242795,773672
2011-06-02,1.61,388469,242022,630491
2011-06-03,2.23,539584,242083,781667
2011-06-06,1.46,487194,333513,820707
2011-06-07,1.4,450517,321605,772122
2011-06-08,1.77,526274,296987,823261
2011-06-09,1.43,392746,275428,668174
2011-06-10,1.77,598930,337467,936397
2011-06-13,1.67,520904,312657,833561
2011-06-14,1.5,585602,389228,974830
2011-06-15,2.86,1182448,413868,1596316
2011-06-16,1.92,789141,411952,1201093
2011-06-17,2.03,457340,225314,682654
2011-06-20,1.65,350213,211726,561939
2011-06-21,1.57,489171,310657,799828
2011-06-22,2.01,350585,174710,525295
2011-06-23,2.41,543128,225471,768599
2011-06-24,2.11,421362,199455,620817
2011-06-27,2.42,419974,173358,593332
2011-06-28,1.43,462199,324349,786548
2011-06-29,1.4,444858,317250,762108
2011-06-30,1.38,582471,422853,1005324
2011-07-01,1.3,575081,441808,1016889
2011-07-05,1.87,476711,254361,731072
2011-07-06,2.04,403748,197464,601212
2011-07-07,1.15,605708,528489,1134197
2011-07-08,1.65,440601,266881,707482
2011-07-11,2.88,727041,252068,979109
2011-07-12,2.24,659525,294216,953741
2011-07-13,1.86,506197,272384,778581
2011-07-14,2.0,749008,373574,1122582
2011-07-15,2.48,492180,198091,690271
2011-07-18,1.99,502246,252767,755013
2011-07-19,1.63,307003,188866,495869
2011-07-20,1.98,420963,213021,633984
2011-07-21,1.16,413207,355211,768418
2011-07-22,1.58,328293,208421,536714
2011-07-25,1.65,317712,192577,510289
2011-07-26,1.99,259020,130485,389505
2011-07-27,2.92,602797,206723,809520
2011-07-28,1.6,388386,243443,631829
2011-07-29,2.3,719899,312336,1032235
2011-08-01,2.41,636053,263904,899957
2011-08-02,2.1,872419,415921,1288340
2011-08-03,1.51,764846,505187,1270033
2011-08-04,2.24,1176255,526020,1702275
2011-08-05,2.59,1552718,599925,2152643
2011-08-08,2.04,1440873,704645,2145518
2011-08-09,2.64,1448237,549192,1997429
2011-08-10,1.74,920441,529725,1450166
2011-08-11,1.38,875151,634528,1509679
2011-08-12,1.79,762312,426792,1189104
2011-08-15,2.1,738586,351876,1090462
2011-08-16,1.4,671094,478242,1149336
2011-08-17,2.19,1003554,457332,1460886
2011-08-18,1.94,1268533,654950,1923483
2011-08-19,1.67,674209,403124,1077333
2011-08-22,2.01,498034,248141,746175
2011-08-23,1.78,587142,330109,917251
2011-08-24,1.73,634390,367648,1002038
2011-08-25,1.72,442292,256641,698933
2011-08-26,1.65,599471,363738,963209
2011-08-29,2.26,670986,297343,968329
2011-08-30,1.84,550027,299463,849490
2011-08-31,1.4,563966,401887,965853
2011-09-01,1.78,616683,345739,962422
2011-09-02,1.88,623742,332355,956097
2011-09-06,1.88,627915,334315,962230
2011-09-07,1.98,679398,342755,1022153
2011-09-08,1.26,486617,384749,871366
2011-09-09,1.8,972308,540561,1512869
2011-09-12,2.2,795196,360948,1156144
2011-09-13,1.71,714627,418285,1132912
2011-09-14,1.49,782607,523922,1306529
2011-09-15,1.28,770832,602171,1373003
2011-09-16,1.76,536185,305377,841562
2011-09-19,2.33,352373,151291,503664
2011-09-20,1.91,399160,208669,607829
2011-09-21,2.66,919674,345973,1265647
2011-09-22,2.75,840713,305208,1145921
2011-09-23,1.31,475432,363289,838721
2011-09-26,1.86,373691,201220,574911
2011-09-27,1.82,532471,292619,825090
2011-09-28,2.45,412611,168726,581337
2011-09-29,2.2,476797,217102,693899
2011-09-30,1.49,449586,300953,750539
2011-10-03,2.29,688758,301073,989831
2011-10-04,1.98,885824,448183,1334007
2011-10-05,1.91,588192,308355,896547
2011-10-06,1.7,646717,381298,1028015
2011-10-07,2.16,559075,258329,817404
2011-10-10,1.96,509134,260065,769199
2011-10-11,1.9,486149,255436,741585
2011-10-12,1.7,747380,438982,1186362
2011-10-13,1.4,412365,294270,706635
2011-10-14,1.71,502700,293517,796217
2011-10-17,2.05,573795,279826,853621
2011-10-18,1.64,539476,329739,869215
2011-10-19,1.78,872288,490057,1362345
2011-10-20,1.4,666036,474937,1140973
2011-10-21,2.12,606638,286048,892686
2011-10-24,2.24,719191,321049,1040240
2011-10-25,1.94,341674,176088,517762
2011-10-26,1.63,290404,178656,469060
2011-10-27,1.6,821580,511936,1333516
2011-10-28,1.54,429693,278463,708156
2011-10-31,3.02,526876,174573,701449
2011-11-01,2.29,760626,331572,1092198
2011-11-02,2.29,441762,193119,634881
2011-11-03,1.55,505289,325189,830478
2011-11-04,1.57,336525,214469,550994
2011-11-07,2.3,350127,152519,502646
2011-11-08,1.91,458585,240253,698838
2011-11-09,2.17,711870,328508,1040378
2011-11-10,1.96,416434,211948,628382
2011-11-11,1.48,430765,290576,721341
2011-11-14,1.2,446063,372538,818601
2011-11-15,1.59,467814,294739,762553
2011-11-16,2.54,951672,373980,1325652
2011-11-17,2.14,1044452,488053,1532505
2011-11-18,1.05,414503,394695,809198
2011-11-21,1.81,517185,285296,802481
2011-11-22,1.66,461933,279092,741025
2011-11-23,2.16,727227,336919,1064146
2011-11-25,1.88,289543,154355,443898
2011-11-28,2.71,390236,144260,534496
2011-11-29,2.07,414480,200642,615122
2011-11-30,2.33,706361,303182,1009543
2011-12-01,1.54,477368,308980,786348
2011-12-02,1.67,465757,279463,745220
2011-12-05,1.52,446912,294585,741497
2011-12-06,1.4,379354,271701,651055
2011-12-07,1.17,392427,336097,728524
2011-12-08,1.23,413714,335544,749258
2011-12-09,1.61,556758,346567,903325
2011-12-12,1.66,474128,286346,760474
2011-12-13,1.57,705256,450524,1155780
2011-12-14,1.74,658207,378966,1037173
2011-12-15,1.8,612975,339758,952733
2011-12-16,1.36,411954,303356,715310
2011-12-19,1.6,291189,182087,473276
2011-12-20,1.25,264452,212281,476733
2011-12-21,2.53,513548,203292,716840
2011-12-22,3.06,453426,148270,601696
2011-12-23,1.84,234703,127814,362517
2011-12-27,1.38,129409,94024,223433
2011-12-28,2.19,205176,93786,298962
2011-12-29,2.8,262557,93854,356411
2011-12-30,1.49,182902,122837,305739
2012-01-03,1.88,347027,184834,531861
2012-01-04,1.99,278923,139835,418758
2012-01-05,1.69,293902,173680,467582
2012-01-06,1.45,337757,233240,570997
2012-01-09,1.89,339113,179158,518271
2012-01-10,1.44,376699,261146,637845
2012-01-11,1.94,342948,176744,519692
2012-01-12,1.58,349105,221225,570330
2012-01-13,1.72,392713,228687,621400
2012-01-17,1.44,409240,284696,693936
2012-01-18,1.61,815717,505971,1321688
2012-01-19,1.15,581422,505041,1086463
2012-01-20,2.19,455866,208625,664491
2012-01-23,2.23,367067,164730,531797
2012-01-24,1.9,247426,129967,377393
2012-01-25,1.68,276773,164588,441361
2012-01-26,1.98,474526,240072,714598
2012-01-27,1.75,361037,205849,566886
2012-01-30,1.93,299306,155123,454429
2012-01-31,1.59,235677,147843,383520
2012-02-01,1.59,425766,268494,694260
2012-02-02,1.97,276368,139944,416312
2012-02-03,1.25,614365,491489,1105854
2012-02-06,1.68,249977,148690,398667
2012-02-07,2.63,332697,126655,459352
2012-02-08,1.43,329159,229612,558771
2012-02-09,1.54,422001,274182,696183
2012-02-10,1.56,552782,354634,907416
2012-02-13,2.27,471351,207225,678576
2012-02-14,1.79,457109,255852,712961
2012-02-15,2.41,925228,384411,1309639
2012-02-16,1.65,659238,399437,1058675
2012-02-17,2.12,434173,204608,638781
2012-02-21,1.44,484034,335979,820013
2012-02-22,2.11,476652,226385,703037
2012-02-23,2.13,478566,224322,702888
2012-02-24,2.24,469397,209678,679075
2012-02-27,2.06,331661,161307,492968
2012-02-28,1.21,291743,241785,533528
2012-02-29,2.36,439058,186038,625096
2012-03-01,2.35,424793,180588,605381
2012-03-02,2.08,343214,165103,508317
2012-03-05,2.09,332238,158717,490955
2012-03-06,1.65,524728,318875,843603
2012-03-07,1.77,356837,201100,557937
2012-03-08,1.0,374323,374402,748725
2012-03-09,1.46,378303,259019,637322
2012-03-12,1.41,322989,228277,551266
2012-03-13,1.35,582414,430649,1013063
2012-03-14,1.03,426959,415293,842252
2012-03-15,1.22,523453,429411,952864
2012-03-16,2.07,446854,215532,662386
2012-03-19,1.39,415041,298022,713063
2012-03-20,2.19,422389,192814,615203
2012-03-21,2.78,570743,205561,776304
2012-03-22,2.41,454250,188344,642594
2012-03-23,2.49,393347,157917,551264
2012-03-26,1.73,381006,219938,600944
2012-03-27,2.49,459758,184327,644085
2012-03-28,2.57,492669,191562,684231
2012-03-29,1.7,449344,264193,713537
2012-03-30,2.44,412520,169010,581530
2012-04-02,1.65,405147,245589,650736
2012-04-03,1.74,380053,218337,598390
2012-04-04,1.8,376078,209045,585123
2012-04-05,2.27,436801,192337,629138
2012-04-09,2.39,435601,182457,618058
2012-04-10,1.56,688311,440298,1128609
2012-04-11,1.97,448562,227469,676031
2012-04-12,1.93,481092,248738,729830
2012-04-13,2.15,432839,201372,634211
2012-04-16,1.56,402489,258127,660616
2012-04-17,1.47,432215,294270,726485
2012-04-18,2.66,621828,233555,855383
2012-04-19,1.7,659809,389110,1048919
2012-04-20,1.52,351092,230312,581404
2012-04-23,1.06,298679,280950,579629
2012-04-24,2.57,304053,118499,422552
2012-04-25,1.47,313709,213322,527031
2012-04-26,1.19,367636,309175,676811
2012-04-27,1.82,375948,206153,582101
2012-04-30,2.07,238740,115367,354107
2012-05-01,1.66,319161,191694,510855
2012-05-02,2.33,378016,162057,540073
2012-05-03,1.03,301964,293618,595582
2012-05-04,1.75,560798,319568,880366
2012-05-07,1.34,285072,212171,497243
2012-05-08,2.02,508453,252015,760468
2012-05-09,1.67,443306,265736,709042
2012-05-10,1.53,459189,299926,759115
2012-05-11,2.46,436861,177609,614470
2012-05-14,2.61,700412,268605,969017
2012-05-15,2.3,645851,280456,926307
2012-05-16,2.3,914682,397267,1311949
2012-05-17,2.5,1277102,511388,1788490
2012-05-18,2.18,822209,377412,1199621
2012-05-21,1.72,488733,283680,772413
2012-05-22,1.69,523212,310111,833323
2012-05-23,1.85,449951,242749,692700
2012-05-24,1.56,476179,305071,781250
2012-05-25,2.11,382297,181589,563886
2012-05-29,1.61,415369,258391,673760
2012-05-30,2.14,405552,189378,594930
2012-05-31,2.16,572154,264770,836924
2012-06-01,2.6,903208,346801,1250009
2012-06-04,2.14,563177,263113,826290
2012-06-05,2.17,510798,235014,745812
2012-06-06,2.15,728974,339456,1068430
2012-06-07,1.39,577814,414289,992103
2012-06-08,1.21,388015,320215,708230
2012-06-11,1.54,360169,234521,594690
2012-06-12,1.54,369393,239693,609086
2012-06-13,1.93,407820,211019,618839
2012-06-14,1.37,533086,389695,922781
2012-06-15,1.84,506441,274985,781426
2012-06-18,1.73,413287,238336,651623
2012-06-19,1.63,453948,278475,732423
2012-06-20,1.98,555690,281243,836933
2012-06-21,1.96,557610,284663,842273
2012-06-22,1.53,432543,282162,714705
2012-06-25,1.87,421838,225614,647452
2012-06-26,1.52,266720,176004,442724
2012-06-27,1.38,304131,220751,524882
2012-06-28,1.92,323178,168547,491725
2012-06-29,1.06,458030,431168,889198
2012-07-02,1.67,373245,223757,597002
2012-07-03,1.26,237293,187652,424945
2012-07-05,1.59,316550,199635,516185
2012-07-06,1.91,344554,180855,525409
2012-07-09,2.0,317832,159176,477008
2012-07-10,1.66,355399,213885,569284
2012-07-11,1.21,309215,254610,563825
2012-07-12,1.46,421251,287799,709050
2012-07-13,1.53,475514,310009,785523
2012-07-16,1.49,315117,211717,526834
2012-07-17,1.09,419415,386206,805621
2012-07-18,1.42,590236,417100,1007336
2012-07-19,1.24,557620,450075,1007695
2012-07-20,2.08,393538,189467,583005
2012-07-23,1.39,323316,232297,555613
2012-07-24,2.02,399102,197146,596248
2012-07-25,1.39,301199,217212,518411
2012-07-26,1.5,400811,266755,667566
2012-07-27,1.19,501491,420198,921689
2012-07-30,1.05,275513,262762,538275
2012-07-31,1.01,237823,234460,472283
2012-08-01,1.22,337866,277109,614975
2012-08-02,1.21,398118,329886,728004
2012-08-03,1.19,421775,353423,775198
2012-08-06,1.49,308304,207154,515458
2012-08-07,1.34,371909,276711,648620
2012-08-08,1.38,273479,197601,471080
2012-08-09,1.71,307588,180118,487706
2012-08-10,1.49,276529,185291,461820
2012-08-13,2.16,469853,217469,687322
2012-08-14,1.77,377466,213092,590558
2012-08-15,1.18,322606,273767,596373
2012-08-16,1.08,671032,619681,1290713
2012-08-17,1.56,349465,223340,572805
2012-08-20,2.41,493085,204565,697650
2012-08-21,1.26,393310,311473,704783
2012-08-22,2.03,387703,191364,579067
2012-08-23,1.63,414956,255242,670198
2012-08-24,1.56,305392,195752,501144
2012-08-27,1.86,220979,118963,339942
2012-08-28,1.78,241203,135872,377075
2012-08-29,1.74,216243,124121,340364
2012-08-30,1.51,367403,243725,611128
2012-08-31,1.66,339992,204530,544522
2012-09-04,1.35,280887,207973,488860
2012-09-05,2.06,302617,146658,449275
2012-09-06,1.21,494363,407435,901798
2012-09-07,1.64,576154,350839,926993
2012-09-10,1.98,423603,214323,637926
2012-09-11,1.8,484639,269520,754159
2012-09-12,1.2,370272,308221,678493
2012-09-13,0.96,588093,610823,1198916
2012-09-14,0.99,616264,625390,1241654
2012-09-17,1.33,355627,266972,622599
2012-09-18,1.38,441965,321351,763316
2012-09-19,1.42,568212,399070,967282
2012-09-20,1.22,553308,454120,1007428
2012-09-21,1.53,499524,327070,826594
2012-09-24,2.11,357006,168997,526003
2012-09-25,1.65,344159,209212,553371
2012-09-26,1.71,405307,237399,642706
2012-09-27,1.78,438713,245904,684617
2012-09-28,2.21,433680,195875,629555
2012-10-01,1.67,335502,201193,536695
2012-10-02,2.17,287641,132660,420301
2012-10-03,1.99,316797,159301,476098
2012-10-04,1.55,426880,275730,702610
2012-10-05,1.74,502377,289417,791794
2012-10-08,1.82,216152,118837,334989
2012-10-09,2.04,322534,158308,480842
2012-10-10,1.74,426158,244662,670820
2012-10-11,1.84,395525,214731,610256
2012-10-12,2.05,517186,252669,769855
2012-10-15,1.55,318494,205627,524121
2012-10-16,1.04,343439,331268,674707
2012-10-17,1.74,664199,381280,1045479
2012-10-18,1.41,621782,442255,1064037
2012-10-19,2.02,635710,315324,951034
2012-10-22,1.66,446603,269536,716139
2012-10-23,1.03,438420,425618,864038
2012-10-24,1.51,309059,204322,513381
2012-10-25,1.64,347371,211169,558540
2012-10-26,1.63,393371,241416,634787
2012-10-31,1.36,317199,232897,550096
2012-11-01,1.84,466306,253801,720107
2012-11-02,1.4,415171,297557,712728
2012-11-05,1.38,338350,245806,584156
2012-11-06,1.44,373618,258576,632194
2012-11-07,1.22,632780,520237,1153017
2012-11-08,1.52,652297,427835,1080132
2012-11-09,2.15,811006,377073,1188079
2012-11-12,1.69,459528,272427,731955
2012-11-13,1.28,435452,340352,775804
2012-11-14,1.95,870293,446092,1316385
2012-11-15,1.86,956608,513844,1470452
2012-11-16,1.64,718021,438352,1156373
2012-11-19,1.26,362980,287348,650328
2012-11-20,1.99,378477,189752,568229
2012-11-21,2.17,416851,192212,609063
2012-11-23,1.44,313037,217601,530638
2012-11-26,1.18,303458,257022,560480
2012-11-27,2.08,340538,163992,504530
2012-11-28,1.12,287358,255541,542899
2012-11-29,1.65,386965,234378,621343
2012-11-30,1.83,412814,225692,638506
2012-12-03,1.73,408202,236086,644288
2012-12-04,1.89,404039,213966,618005
2012-12-05,1.59,376166,235895,612061
2012-12-06,1.81,379862,209897,589759
2012-12-07,1.17,413497,354641,768138
2012-12-10,1.53,352353,230621,582974
2012-12-11,0.97,377884,389707,767591
2012-12-12,1.51,416912,276269,693181
2012-12-13,1.39,397410,286514,683924
2012-12-14,1.63,464941,285062,750003
2012-12-17,1.09,288637,265918,554555
2012-12-18,1.09,560929,513834,1074763
2012-12-19,1.38,788931,570590,1359521
2012-12-20,1.46,725082,495047,1220129
2012-12-21,2.03,714265,352594,1066859
2012-12-24,1.95,223778,114981,338759
2012-12-26,1.78,327177,183817,510994
2012-12-27,1.73,446604,258314,704918
2012-12-28,1.7,473715,278766,752481
2012-12-31,1.52,464831,305152,769983
2013-01-02,1.48,680770,461360,1142130
2013-01-03,1.22,508287,418010,926297
2013-01-04,1.0,377206,378756,755962
2013-01-07,1.45,464899,320674,785573
2013-01-08,2.08,443647,213792,657439
2013-01-09,1.33,443695,333733,777428
2013-01-10,1.19,426809,357414,784223
2013-01-11,1.36,409969,301329,711298
2013-01-14,1.56,403092,258555,661647
2013-01-15,1.8,444905,246769,691674
2013-01-16,1.85,612065,330892,942957
2013-01-17,1.02,621876,607476,1229352
2013-01-18,1.51,464799,307397,772196
2013-01-22,1.53,509126,332332,841458
2013-01-23,1.49,412315,276399,688714
2013-01-24,1.3,637160,489743,1126903
2013-01-25,1.29,436076,337388,773464
2013-01-28,1.55,319980,206154,526134
2013-01-29,1.78,483014,270758,753772
2013-01-30,2.43,422616,173641,596257
2013-01-31,1.98,337142,170691,507833
2013-02-01,1.94,591164,304750,895914
2013-02-04,1.96,436463,222697,659160
2013-02-05,1.73,363747,209831,573578
2013-02-06,1.86,349989,188308,538297
2013-02-07,1.75,414670,237035,651705
2013-02-08,1.57,488814,311547,800361
2013-02-11,1.99,420241,211170,631411
2013-02-12,1.4,418232,298764,716996
2013-02-13,1.86,523178,280999,804177
2013-02-14,1.4,476966,340183,817149
2013-02-15,2.08,616071,296357,912428
2013-02-19,1.89,541695,287156,828851
2013-02-20,2.13,577474,270751,848225
2013-02-21,1.55,685814,442225,1128039
2013-02-22,1.89,467426,247029,714455
2013-02-25,2.18,647909,297667,945576
2013-02-26,1.79,689355,385358,1074713
2013-02-27,1.8,609062,339237,948299
2013-02-28,1.84,466910,254246,721156
2013-03-01,1.99,559167,280745,839912
2013-03-04,2.19,515620,235395,751015
2013-03-05,1.29,793697,617249,1410946
2013-03-06,1.23,462890,376957,839847
2013-03-07,1.42,428378,301332,729710
2013-03-08,1.35,567653,421484,989137
2013-03-11,1.42,507572,357876,865448
2013-03-12,1.38,664721,480605,1145326
2013-03-13,1.15,397383,346186,743569
2013-03-14,1.09,545989,499958,1045947
2013-03-15,1.92,572256,297706,869962
2013-03-18,1.64,389644,237130,626774
2013-03-19,1.97,556288,282647,838935
2013-03-20,1.83,602303,329469,931772
2013-03-21,1.63,524743,321425,846168
2013-03-22,1.96,441725,225696,667421
2013-03-25,2.3,455940,198476,654416
2013-03-26,1.54,354998,230369,585367
2013-03-27,1.24,303568,244873,548441
2013-03-28,1.5,488275,325759,814034
2013-04-01,1.27,241378,189388,430766
2013-04-02,1.29,381275,294652,675927
2013-04-03,1.38,513230,371722,884952
2013-04-04,1.43,375268,262098,637366
2013-04-05,1.29,497606,387107,884713
2013-04-08,1.09,250579,230812,481391
2013-04-09,1.11,371366,335356,706722
2013-04-10,1.01,609307,601305,1210612
2013-04-11,1.08,614517,569942,1184459
2013-04-12,1.41,539069,381121,920190
2013-04-15,1.9,716556,376410,1092966
2013-04-16,1.31,382713,291257,673970
2013-04-17,2.02,871324,431156,1302480
2013-04-18,1.43,792472,553424,1345896
2013-04-19,1.54,483447,314527,797974
2013-04-22,1.73,353209,204424,557633
2013-04-23,1.29,468528,362758,831286
2013-04-24,1.3,352935,270831,623766
2013-04-25,1.44,361735,251545,613280
2013-04-26,1.54,416497,271235,687732
2013-04-29,1.68,317232,189288,506520
2013-04-30,1.66,304982,183399,488381
2013-05-01,1.56,414478,266133,680611
2013-05-02,1.68,514025,306464,820489
2013-05-03,1.01,745784,739387,1485171
2013-05-06,1.04,400965,386298,787263
2013-05-07,1.16,478332,411634,889966
2013-05-08,1.06,525297,495794,1021091
2013-05-09,1.27,579500,457623,1037123
2013-05-10,1.62,526026,325387,851413
2013-05-13,1.25,349061,279449,628510
2013-05-14,1.07,747338,696834,1444172
2013-05-15,0.86,623485,723228,1346713
2013-05-16,1.55,645654,415677,1061331
2013-05-17,1.43,608728,425817,1034545
2013-05-20,1.46,416825,284903,701728
2013-05-21,1.63,493460,302107,795567
2013-05-22,1.33,825720,621603,1447323
2013-05-23,1.51,538850,356478,895328
2013-05-24,2.14,517966,242561,760527
2013-05-28,1.6,345670,215898,561568
2013-05-29,1.35,383910,283397,667307
2013-05-30,1.87,391266,209098,600364
2013-05-31,1.83,623616,340128,963744
2013-06-03,1.19,452387,380664,833051
2013-06-04,1.79,403246,224691,627937
2013-06-05,1.45,745536,515482,1261018
2013-06-06,1.86,905017,486259,1391276
2013-06-07,1.58,601811,380689,982500
2013-06-10,1.8,307397,170570,477967
2013-06-11,1.84,422772,230004,652776
2013-06-12,1.88,481715,256650,738365
2013-06-13,1.59,556655,350014,906669
2013-06-14,1.66,555999,335712,891711
2013-06-17,1.48,432137,291076,723213
2013-06-18,1.1,396718,360485,757203
2013-06-19,1.75,622542,355825,978367
2013-06-20,1.76,1469513,835561,2305074
2013-06-21,1.69,844834,499311,1344145
2013-06-24,1.46,822465,561780,1384245
2013-06-25,2.0,493671,247229,740900
2013-06-26,1.48,471217,317710,788927
2013-06-27,1.72,597143,347190,944333
2013-06-28,1.73,449461,260501,709962
2013-07-01,1.71,408421,238851,647272
2013-07-02,1.32,443400,335533,778933
2013-07-03,1.81,270672,149868,420540
2013-07-05,1.5,425230,282846,708076
2013-07-08,1.52,694510,457551,1152061
2013-07-09,1.13,510859,451654,962513
2013-07-10,1.25,426578,341857,768435
2013-07-11,1.2,685740,569656,1255396
2013-07-12,1.35,515832,382307,898139
2013-07-15,1.22,507495,417599,925094
2013-07-16,1.74,485720,278637,764357
2013-07-17,1.45,552918,381114,934032
2013-07-18,1.15,664644,578033,1242677
2013-07-19,1.38,367196,266073,633269
2013-07-22,2.29,362466,158074,520540
2013-07-23,1.62,285296,175796,461092
2013-07-24,1.91,340841,178792,519633
2013-07-25,1.65,338525,204866,543391
2013-07-26,1.96,521981,266317,788298
2013-07-29,1.95,274317,140426,414743
2013-07-30,1.35,311831,231571,543402
2013-07-31,1.65,385451,233602,619053
2013-08-01,1.25,578265,464309,1042574
2013-08-02,1.74,521405,300242,821647
2013-08-05,1.58,379311,239525,618836
2013-08-06,2.77,423070,152573,575643
2013-08-07,1.67,335128,200512,535640
2013-08-08,1.35,374716,277454,652170
2013-08-09,2.1,459166,218132,677298
2013-08-12,1.46,286792,196353,483145
2013-08-13,1.28,373244,292642,665886
2013-08-14,1.73,437841,252411,690252
2013-08-15,1.48,770838,519621,1290459
2013-08-16,1.91,608286,319157,927443
2013-08-19,1.76,473073,268401,741474
2013-08-20,1.72,380219,220980,601199
2013-08-21,2.41,740639,307312,1047951
2013-08-22,1.7,404745,238528,643273
2013-08-23,2.1,399958,190691,590649
2013-08-26,2.0,275924,138126,414050
2013-08-27,1.7,663285,389211,1052496
2013-08-28,1.14,419545,367866,787411
2013-08-29,1.83,385188,210103,595291
2013-08-30,2.12,437133,206288,643421
2013-09-03,2.03,414491,204032,618523
2013-09-04,1.54,404240,261754,665994
2013-09-05,1.98,421359,212320,633679
2013-09-06,1.61,535437,333440,868877
2013-09-09,1.32,306055,231716,537771
2013-09-10,1.43,534100,372272,906372
2013-09-11,1.4,598335,427608,1025943
2013-09-12,1.4,431250,307066,738316
2013-09-13,1.45,354486,244399,598885
2013-09-16,1.22,555268,453962,1009230
2013-09-17,1.55,457244,294872,752116
2013-09-18,1.04,744312,718486,1462798
2013-09-19,0.96,603757,629429,1233186
2013-09-20,1.8,574639,319126,893765
2013-09-23,2.09,489928,233948,723876
2013-09-24,1.52,364334,239787,604121
2013-09-25,1.99,451853,227122,678975
2013-09-26,1.35,400638,295876,696514
2013-09-27,1.85,586718,317767,904485
2013-09-30,2.4,577741,240385,818126
2013-10-01,1.79,476134,266013,742147
2013-10-02,1.43,456204,318708,774912
2013-10-03,1.54,564293,365782,930075
2013-10-04,1.77,506533,285531,792064
2013-10-07,2.04,386981,189401,576382
2013-10-08,1.59,640285,401970,1042255
2013-10-09,1.68,675931,401949,1077880
2013-10-10,1.45,694167,480045,1174212
2013-10-11,1.9,588211,308838,897049
2013-10-14,1.44,546662,378660,925322
2013-10-15,1.48,556365,375255,931620
2013-10-16,1.59,840864,529786,1370650
2013-10-17,1.24,912667,736275,1648942
2013-10-18,1.38,783635,568249,1351884
2013-10-21,1.5,409258,272673,681931
2013-10-22,1.06,469767,444123,913890
2013-10-23,1.81,417911,231172,649083
2013-10-24,1.53,354899,231485,586384
2013-10-25,1.68,356483,212747,569230
2013-10-28,1.53,527937,343993,871930
2013-10-29,1.7,355301,209167,564468
2013-10-30,1.39,598004,429420,1027424
2013-10-31,1.59,421539,265634,687173
2013-11-01,1.58,411286,260153,671439
2013-11-04,1.69,321288,190082,511370
2013-11-05,1.32,319738,243121,562859
2013-11-06,1.37,343342,250407,593749
2013-11-07,1.57,497612,316566,814178
2013-11-08,1.74,524040,301165,825205
2013-11-11,1.16,328101,282210,610311
2013-11-12,0.97,442190,455745,897935
2013-11-13,1.34,477281,356610,833891
2013-11-14,1.11,717887,644815,1362702
2013-11-15,1.58,468072,296156,764228
2013-11-18,1.55,459202,296878,756080
2013-11-19,1.28,403464,314459,717923
2013-11-20,2.21,592367,267676,860043
2013-11-21,1.67,326152,195254,521406
2013-11-22,1.34,446745,334426,781171
2013-11-25,1.53,385723,251810,637533
2013-11-26,1.59,343574,216590,560164
2013-11-27,1.42,358884,251980,610864
2013-11-29,1.43,386789,270586,657375
2013-12-02,1.58,333647,210511,544158
2013-12-03,1.76,413417,234367,647784
2013-12-04,1.63,479711,293813,773524
2013-12-05,1.42,499987,351491,851478
2013-12-06,1.8,579979,321559,901538
2013-12-09,1.43,375099,261980,637079
2013-12-10,1.82,403429,222059,625488
2013-12-11,1.24,477402,384874,862276
2013-12-12,1.34,482297,359973,842270
2013-12-13,2.07,598034,288493,886527
2013-12-16,1.88,411281,218805,630086
2013-12-17,1.44,451088,312898,763986
2013-12-18,1.34,832505,620438,1452943
2013-12-19,1.0,709530,707495,1417025
2013-12-20,2.08,888644,427333,1315977
2013-12-23,1.4,374637,268369,643006
2013-12-24,1.25,248583,199520,448103
2013-12-26,1.08,355526,327728,683254
2013-12-27,1.06,410332,387838,798170
2013-12-30,1.32,390034,296526,686560
2013-12-31,1.04,426903,409330,836233
2014-01-02,1.8,721118,399712,1120830
2014-01-03,1.96,591825,302122,893947
2014-01-06,1.4,379739,271789,651528
2014-01-07,2.03,423099,208016,631115
2014-01-08,1.72,451134,262490,713624
2014-01-09,1.61,476895,296378,773273
2014-01-10,1.42,518662,365151,883813
2014-01-13,1.63,588770,360431,949201
2014-01-14,1.12,411956,369098,781054
2014-01-15,1.11,460807,416227,877034
2014-01-16,1.51,522985,346648,869633
2014-01-17,2.25,544058,241735,785793
2014-01-21,2.04,366668,180151,546819
2014-01-22,3.23,554191,171381,725572
2014-01-23,2.1,657220,313442,970662
2014-01-24,1.97,968593,492746,1461339
2014-01-27,1.8,909561,503979,1413540
2014-01-28,1.67,381944,228938,610882
2014-01-29,1.64,571683,348465,920148
2014-01-30,1.6,484484,302646,787130
2014-01-31,2.05,709889,346653,1056542
2014-02-03,1.85,1023168,553553,1576721
2014-02-04,1.89,694022,367592,1061614
2014-02-05,1.9,533267,280940,814207
2014-02-06,1.86,612734,329007,941741
2014-02-07,1.46,669443,458204,1127647
2014-02-10,1.5,366059,244722,610781
2014-02-11,1.53,922815,603083,1525898
2014-02-12,1.4,421141,301638,722779
2014-02-13,1.36,494334,363180,857514
2014-02-14,1.35,618477,458790,1077267
2014-02-18,1.31,402749,306819,709568
2014-02-19,1.81,936367,517570,1453937
2014-02-20,1.95,597476,305762,903238
2014-02-21,1.4,504055,359027,863082
2014-02-24,1.37,524973,382201,907174
2014-02-25,1.7,352779,207028,559807
2014-02-26,1.69,375111,222396,597507
2014-02-27,1.76,451195,255978,707173
2014-02-28,1.4,685687,489876,1175563
2014-03-03,2.28,538843,236234,775077
2014-03-04,1.81,566537,313324,879861
2014-03-05,2.02,501608,248170,749778
2014-03-06,1.66,557670,336568,894238
2014-03-07,1.75,623854,357255,981109
2014-03-10,2.28,408557,179556,588113
2014-03-11,1.42,462466,326466,788932
2014-03-12,1.76,437458,248781,686239
2014-03-13,1.41,605376,428678,1034054
2014-03-14,2.55,762003,299191,1061194
2014-03-17,1.52,385550,254046,639596
2014-03-18,1.87,572904,306326,879230
2014-03-19,1.42,542595,381996,924591
2014-03-20,1.71,593705,348153,941858
2014-03-21,1.97,604160,306939,911099
2014-03-24,1.85,451650,244383,696033
2014-03-25,1.79,328649,183927,512576
2014-03-26,1.95,530666,272239,802905
2014-03-27,1.63,464904,285929,750833
2014-03-28,1.89,602415,318836,921251
2014-03-31,1.39,374516,270271,644787
2014-04-01,2.16,485731,224810,710541
2014-04-02,1.13,395656,349643,745299
2014-04-03,1.21,377733,312567,690300
2014-04-04,1.77,776521,437552,1214073
2014-04-07,1.59,560916,353801,914717
2014-04-08,1.67,354733,212424,567157
2014-04-09,1.45,360852,248728,609580
2014-04-10,1.64,596914,363175,960089
2014-04-11,1.95,901887,462832,1364719
2014-04-14,2.62,571339,217709,789048
2014-04-15,1.54,577596,374710,952306
2014-04-16,1.49,681250,458350,1139600
2014-04-17,1.47,503179,341480,844659
2014-04-21,1.76,323904,183985,507889
2014-04-22,1.18,485764,410800,896564
2014-04-23,1.72,270329,157419,427748
2014-04-24,1.7,362648,213856,576504
2014-04-25,2.54,563814,221646,785460
2014-04-28,1.37,292751,214399,507150
2014-04-29,1.34,264942,197123,462065
2014-04-30,1.76,265108,151004,416112
2014-05-01,1.72,514562,299180,813742
2014-05-02,1.79,503623,280676,784299
2014-05-05,1.5,329243,220143,549386
2014-05-06,1.35,337141,249485,586626
2014-05-07,1.28,275867,214944,490811
2014-05-08,1.42,424687,299608,724295
2014-05-09,1.56,430956,276307,707263
2014-05-12,1.35,425203,315575,740778
2014-05-13,1.23,392833,318798,711631
2014-05-14,1.75,592626,337931,930557
2014-05-15,1.47,783393,532711,1316104
2014-05-16,1.73,583108,337975,921083
2014-05-19,2.2,356748,162028,518776
2014-05-20,2.15,421560,196209,617769
2014-05-21,2.16,670673,310986,981659
2014-05-22,1.53,369040,240673,609713
2014-05-23,1.31,455566,347853,803419
2014-05-27,1.9,474676,249249,723925
2014-05-28,1.72,401068,232814,633882
2014-05-29,1.02,463415,452256,915671
2014-05-30,1.47,478577,325702,804279
2014-06-02,1.67,467548,279271,746819
2014-06-03,1.99,393795,198245,592040
2014-06-04,1.35,430763,318383,749146
2014-06-05,1.17,696200,594502,1290702
2014-06-06,1.36,684096,502929,1187025
2014-06-09,1.2,461967,386120,848087
2014-06-10,1.66,459406,277407,736813
2014-06-11,1.54,390577,253892,644469
2014-06-12,1.73,501515,290130,791645
2014-06-13,1.81,484080,267852,751932
2014-06-16,2.15,443223,206001,649224
2014-06-17,1.88,541761,288270,830031
2014-06-18,1.94,852245,439222,1291467
2014-06-19,1.55,703681,452927,1156608
2014-06-20,1.89,641841,340278,982119
2014-06-23,2.02,375457,185477,560934
2014-06-24,1.89,498531,263329,761860
2014-06-25,2.05,382202,186721,568923
2014-06-26,2.07,446847,216351,663198
2014-06-27,2.01,524110,260376,784486
2014-06-30,2.31,493264,213567,706831
2014-07-01,1.33,602641,452576,1055217
2014-07-02,1.79,494182,276813,770995
2014-07-03,1.88,492167,261956,754123
2014-07-07,2.49,471621,189564,661185
2014-07-08,1.95,569337,292015,861352
2014-07-09,2.49,392675,157515,550190
2014-07-10,1.85,524277,282690,806967
2014-07-11,2.61,720769,275937,996706
2014-07-14,1.45,405099,279610,684709
2014-07-15,1.65,438173,265748,703921
2014-07-16,2.24,764651,341401,1106052
2014-07-17,2.12,783129,369153,1152282
2014-07-18,2.43,700430,288549,988979
2014-07-21,2.72,437612,160938,598550
2014-07-22,1.64,355484,216831,572315
2014-07-23,1.42,367996,258303,626299
2014-07-24,1.96,586755,299892,886647
2014-07-25,2.51,649891,258814,908705
2014-07-28,1.86,350412,188557,538969
2014-07-29,1.78,341154,191605,532759
2014-07-30,1.59,439519,276877,716396
2014-07-31,1.95,988017,507209,1495226
2014-08-01,2.36,1179694,500491,1680185
2014-08-04,2.7,676478,250467,926945
2014-08-05,2.36,603013,255745,858758
2014-08-06,2.22,547500,246158,793658
2014-08-07,2.04,786975,386229,1173204
2014-08-08,2.18,726756,334012,1060768
2014-08-11,2.06,491209,238046,729255
2014-08-12,1.79,600950,335051,936001
2014-08-13,1.53,459483,301285,760768
2014-08-14,1.84,594468,322255,916723
2014-08-15,2.72,908469,334363,1242832
2014-08-18,1.64,514947,314080,829027
2014-08-19,1.74,538864,308841,847705
2014-08-20,1.21,511149,422290,933439
2014-08-21,1.49,500747,336674,837421
2014-08-22,2.15,602436,280042,882478
2014-08-25,1.38,359675,259715,619390
2014-08-26,1.24,329947,266323,596270
2014-08-27,1.57,308872,196809,505681
2014-08-28,1.68,416379,247478,663857
2014-08-29,2.39,543310,227773,771083
2014-09-02,1.76,367277,208462,575739
2014-09-03,1.53,390117,254761,644878
2014-09-04,1.47,550182,375513,925695
2014-09-05,2.02,627981,310773,938754
2014-09-08,1.59,380953,239785,620738
2014-09-09,2.28,450614,197242,647856
2014-09-10,2.64,474155,179921,654076
2014-09-11,2.05,510311,248969,759280
2014-09-12,2.07,729577,352447,1082024
2014-09-15,2.19,511734,233310,745044
2014-09-16,1.4,483994,345070,829064
2014-09-17,1.49,555120,371817,926937
2014-09-18,1.57,557697,355465,913162
2014-09-19,2.07,710750,343478,1054228
2014-09-22,1.62,522038,321438,843476
2014-09-23,2.11,458258,217573,675831
2014-09-24,1.5,477349,318366,795715
2014-09-25,1.79,719361,402419,1121780
2014-09-26,2.47,730548,296188,1026736
2014-09-29,2.78,535942,192989,728931
2014-09-30,2.11,552515,262030,814545
2014-10-01,1.83,884404,482995,1367399
2014-10-02,1.55,785525,506282,1291807
2014-10-03,2.02,707309,349946,1057255
2014-10-06,2.05,473374,230905,704279
2014-10-07,2.09,605349,289557,894906
2014-10-08,1.59,756594,475316,1231910
2014-10-09,2.09,795080,380568,1175648
2014-10-10,2.44,1113738,457040,1570778
2014-10-13,2.38,1270411,533081,1803492
2014-10-14,2.4,1186923,494080,1681003
2014-10-15,2.46,1901959,774105,2676064
2014-10-16,2.13,1312033,614887,1926920
2014-10-17,2.74,954826,348509,1303335
2014-10-20,2.3,638039,277864,915903
2014-10-21,1.87,1035058,552970,1588028
2014-10-22,2.22,865409,390312,1255721
2014-10-23,1.41,626925,444288,1071213
2014-10-24,1.68,484745,288814,773559
2014-10-27,1.73,446703,257946,704649
2014-10-28,1.66,726043,437977,1164020
2014-10-29,1.41,720535,510539,1231074
2014-10-30,1.85,593449,320980,914429
2014-10-31,1.04,896095,865128,1761223
2014-11-03,1.63,595669,366193,961862
2014-11-04,1.4,388788,277736,666524
2014-11-05,1.47,468562,317994,786556
2014-11-06,1.24,535570,430195,965765
2014-11-07,1.64,576462,352177,928639
2014-11-10,1.53,474861,309617,784478
2014-11-11,1.66,397231,239760,636991
2014-11-12,1.32,427243,324780,752023
2014-11-13,1.46,611926,418843,1030769
2014-11-14,1.73,546986,316192,863178
2014-11-17,1.86,436488,235241,671729
2014-11-18,1.45,567894,391010,958904
2014-11-19,1.79,564394,314800,879194
2014-11-20,2.16,628570,290682,919252
2014-11-21,1.58,718271,454439,1172710
2014-11-24,1.68,389109,231246,620355
2014-11-25,2.07,409023,197803,606826
2014-11-26,1.58,409158,258151,667309
2014-11-28,2.31,524876,227338,752214
2014-12-01,2.48,517044,208067,725111
2014-12-02,2.01,395327,197016,592343
2014-12-03,1.24,380244,306697,686941
2014-12-04,1.77,495291,279695,774986
2014-12-05,1.92,752576,391796,1144372
2014-12-08,2.11,616730,291707,908437
2014-12-09,1.94,562163,289599,851762
2014-12-10,1.99,636595,319609,956204
2014-12-11,1.79,576418,321709,898127
2014-12-12,2.49,1072264,430079,1502343
2014-12-15,2.46,913199,371125,1284324
2014-12-16,2.04,832336,408655,1240991
2014-12-17,2.63,1081379,411255,1492634
2014-12-18,1.05,764595,725399,1489994
2014-12-19,1.7,946019,557587,1503606
2014-12-22,1.53,474255,308987,783242
2014-12-23,1.85,510516,276001,786517
2014-12-24,1.62,275937,169843,445780
2014-12-26,1.09,422639,386234,808873
2014-12-29,1.34,355021,265433,620454
2014-12-30,1.8,580701,321781,902482
2014-12-31,1.48,577288,391298,968586
2015-01-02,2.6,789157,303486,1092643
2015-01-05,2.19,826362,377029,1203391
2015-01-06,1.92,754945,393452,1148397
2015-01-07,1.59,593878,373175,967053
2015-01-08,1.71,674509,393823,1068332
2015-01-09,2.04,685057,335827,1020884
2015-01-12,2.39,422785,176786,599571
2015-01-13,1.58,556711,352775,909486
2015-01-14,2.0,728716,365148,1093864
2015-01-15,1.71,703734,412082,1115816
2015-01-16,2.15,789481,366832,1156313
2015-01-20,2.03,434068,213535,647603
2015-01-21,2.03,605587,298892,904479
2015-01-22,1.86,600534,322789,923323
2015-01-23,1.93,765700,397370,1163070
2015-01-26,1.8,402960,224307,627267
2015-01-27,1.85,460497,248562,709059
2015-01-28,1.78,516112,290123,806235
2015-01-29,1.99,775728,390091,1165819
2015-01-30,2.53,848370,335027,1183397
2015-02-02,1.63,517383,317856,835239
2015-02-03,1.94,631515,324970,956485
2015-02-04,2.25,444060,197209,641269
2015-02-05,1.73,510099,295066,805165
2015-02-06,1.76,952765,540680,1493445
2015-02-09,1.9,500183,263765,763948
2015-02-10,1.68,452752,268715,721467
2015-02-11,1.85,431492,233132,664624
2015-02-12,1.56,556697,356497,913194
2015-02-13,1.97,718077,365246,1083323
2015-02-17,1.74,482654,277384,760038
2015-02-18,2.19,773750,352627,1126377
2015-02-19,1.46,596989,408788,1005777
2015-02-20,1.78,586675,330429,917104
2015-02-23,1.55,374905,242287,617192
2015-02-24,2.08,615948,296780,912728
2015-02-25,1.89,554988,293878,848866
2015-02-26,1.97,375020,190112,565132
2015-02-27,2.03,650926,320577,971503
2015-03-02,1.97,398007,201838,599845
2015-03-03,2.54,462254,181981,644235
2015-03-04,1.98,466007,235383,701390
2015-03-05,2.04,339176,166609,505785
2015-03-06,2.15,852724,397491,1250215
2015-03-09,2.07,386090,186280,572370
2015-03-10,1.67,723353,433070,1156423
2015-03-11,2.26,548603,242495,791098
2015-03-12,1.9,466340,245455,711795
2015-03-13,2.09,694944,331765,1026709
2015-03-16,1.79,479579,267664,747243
2015-03-17,1.5,329087,218964,548051
2015-03-18,2.21,810139,366202,1176341
2015-03-19,1.39,662196,474776,1136972
2015-03-20,1.57,600028,383346,983374
2015-03-23,1.91,411746,215216,626962
2015-03-24,1.97,470538,239087,709625
2015-03-25,2.07,551465,265986,817451
2015-03-26,1.82,682322,375404,1057726
2015-03-27,1.89,584344,309385,893729
2015-03-30,2.12,536716,253252,789968
2015-03-31,1.69,424457,251322,675779
2015-04-01,2.23,589907,263953,853860
2015-04-02,1.9,467960,246850,714810
2015-04-06,2.09,400368,191699,592067
2015-04-07,1.58,413645,261044,674689
2015-04-08,2.17,385557,178080,563637
2015-04-09,1.88,473007,251393,724400
2015-04-10,2.04,667892,326646,994538
2015-04-13,1.55,424125,274456,698581
2015-04-14,1.9,443842,233525,677367
2015-04-15,1.53,594675,388759,983434
2015-04-16,1.62,463949,286843,750792
2015-04-17,2.46,819693,333427,1153120
2015-04-20,2.01,332148,165098,497246
2015-04-21,1.72,382469,222436,604905
2015-04-22,2.01,400890,199217,600107
2015-04-23,2.16,536192,248554,784746
2015-04-24,1.44,558373,386993,945366
2015-04-27,2.01,500823,248863,749686
2015-04-28,1.53,317604,207558,525162
2015-04-29,1.85,478893,259474,738367
2015-04-30,2.14,666001,310820,976821
2015-05-01,1.87,694633,372035,1066668
2015-05-04,2.38,448116,188339,636455
2015-05-05,2.14,488655,228035,716690
2015-05-06,1.86,614448,330094,944542
2015-05-07,1.66,515907,309952,825859
2015-05-08,1.66,661166,398738,1059904
2015-05-11,1.97,447549,227239,674788
2015-05-12,2.74,598879,218570,817449
2015-05-13,1.9,367605,192969,560574
2015-05-14,1.33,562169,424206,986375
2015-05-15,2.39,578090,241470,819560
2015-05-18,1.85,520762,281179,801941
2015-05-19,1.54,351924,228105,580029
2015-05-20,2.32,489025,210718,699743
2015-05-21,1.57,412380,263005,675385
2015-05-22,1.97,537103,272984,810087
2015-05-26,1.96,599426,305688,905114
2015-05-27,1.6,470704,293684,764388
2015-05-28,2.17,454184,209548,663732
2015-05-29,2.67,699302,262324,961626
2015-06-01,1.71,430782,251751,682533
2015-06-02,2.45,487200,199211,686411
2015-06-03,1.8,370701,205937,576638
2015-06-04,2.98,897940,301140,1199080
2015-06-05,2.15,770510,358713,1129223
2015-06-08,1.92,566791,294443,861234
2015-06-09,2.09,533464,255580,789044
2015-06-10,2.01,582371,289198,871569
2015-06-11,1.95,475568,243259,718827
2015-06-12,1.91,699050,365477,1064527
2015-06-15,1.8,531801,294662,826463
2015-06-16,1.58,456344,288588,744932
2015-06-17,2.15,589702,274872,864574
2015-06-18,1.31,743906,569298,1313204
2015-06-19,2.47,659634,266708,926342
2015-06-22,1.88,509817,271867,781684
2015-06-23,2.34,407139,174027,581166
2015-06-24,1.91,507046,265931,772977
2015-06-25,1.74,475257,273236,748493
2015-06-26,1.87,684202,366378,1050580
2015-06-29,2.63,1161392,442152,1603544
2015-06-30,2.03,841998,413760,1255758
2015-07-01,2.26,691104,305498,996602
2015-07-02,2.33,679304,291305,970609
2015-07-06,1.99,591618,297892,889510
2015-07-07,1.64,723504,439936,1163440
2015-07-08,3.11,787358,253229,1040587
2015-07-09,2.29,742949,324976,1067925
2015-07-10,1.9,807304,424485,1231789
2015-07-13,2.12,785084,370682,1155766
2015-07-14,1.52,514044,338021,852065
2015-07-15,1.58,546163,344618,890781
2015-07-16,1.25,763738,612200,1375938
2015-07-17,1.99,632086,316988,949074
2015-07-20,1.69,526200,310797,836997
2015-07-21,1.83,484429,264525,748954
2015-07-22,2.04,580781,284726,865507
2015-07-23,1.68,565254,337052,902306
2015-07-24,2.57,1015436,394892,1410328
2015-07-27,2.43,771627,317165,1088792
2015-07-28,1.9,577548,304107,881655
2015-07-29,1.75,460356,263240,723596
2015-07-30,1.42,432168,305144,737312
2015-07-31,2.26,663875,294281,958156
2015-08-03,1.86,535950,288574,824524
2015-08-04,2.12,376869,178053,554922
2015-08-05,2.1,448775,214053,662828
2015-08-06,1.82,724607,397880,1122487
2015-08-07,2.06,866181,419724,1285905
2015-08-10,1.85,496603,268869,765472
2015-08-11,2.1,689019,328536,1017555
2015-08-12,1.91,860969,451786,1312755
2015-08-13,2.17,564548,260085,824633
2015-08-14,2.26,570668,252936,823604
2015-08-17,1.51,482255,318562,800817
2015-08-18,1.57,501338,319422,820760
2015-08-19,1.89,971127,514928,1486055
2015-08-20,2.34,1359275,581975,1941250
2015-08-21,3.42,2312576,676857,2989433
2015-08-24,3.77,1978736,524873,2503609
2015-08-25,2.39,1439911,602432,2042343
2015-08-26,2.52,1447340,574290,2021630
2015-08-27,2.2,1224279,557050,1781329
2015-08-28,2.13,868791,408681,1277472
2015-08-31,2.39,821145,343518,1164663
2015-09-01,2.53,1037798,409810,1447608
2015-09-02,2.48,725235,292644,1017879
2015-09-03,1.73,690016,398871,1088887
2015-09-04,2.87,988928,345173,1334101
2015-09-08,1.83,657876,359283,1017159
2015-09-09,1.95,613649,315279,928928
2015-09-10,1.76,705566,401398,1106964
2015-09-11,1.95,834139,428075,1262214
2015-09-14,1.61,458985,285581,744566
2015-09-15,1.45,644680,443678,1088358
2015-09-16,1.98,929029,469562,1398591
2015-09-17,1.48,742649,502115,1244764
2015-09-18,1.83,835855,456010,1291865
2015-09-21,1.99,638901,320579,959480
2015-09-22,1.65,687226,416893,1104119
2015-09-23,1.51,599624,396198,995822
2015-09-24,1.57,631425,402826,1034251
2015-09-25,2.08,783200,377298,1160498
2015-09-28,2.04,896283,439711,1335994
2015-09-29,1.87,679901,362800,1042701
2015-09-30,1.52,600729,393959,994688
2015-10-01,1.58,562686,356365,919051
2015-10-02,1.97,797636,403973,1201609
2015-10-05,1.52,738076,484312,1222388
2015-10-06,1.77,624544,353493,978037
2015-10-07,1.65,714718,431899,1146617
2015-10-08,1.36,671585,492709,1164294
2015-10-09,1.21,725735,599142,1324877
2015-10-12,1.96,418624,214090,632714
2015-10-13,1.53,582410,380149,962559
2015-10-14,1.74,703043,404598,1107641
2015-10-15,1.73,726176,419233,1145409
2015-10-16,2.11,600970,284694,885664
2015-10-19,1.55,516859,333994,850853
2015-10-20,1.72,530750,309093,839843
2015-10-21,1.98,654047,331005,985052
2015-10-22,1.25,703100,563859,1266959
2015-10-23,1.1,940953,858823,1799776
2015-10-26,1.43,362508,252878,615386
2015-10-27,1.88,516973,274749,791722
2015-10-28,1.24,590787,475526,1066313
2015-10-29,1.19,802555,672738,1475293
2015-10-30,1.95,788904,404369,1193273
2015-11-02,1.54,485346,315874,801220
2015-11-03,1.21,698795,577052,1275847
2015-11-04,1.53,515845,337604,853449
2015-11-05,2.17,624796,287551,912347
2015-11-06,1.85,880196,476336,1356532
2015-11-09,2.53,830990,328662,1159652
2015-11-10,1.41,350817,248633,599450
2015-11-11,2.15,384772,178899,563671
2015-11-12,2.2,821698,373976,1195674
2015-11-13,2.15,1222187,567649,1789836
2015-11-16,1.8,745756,415416,1161172
2015-11-17,1.88,596520,317771,914291
2015-11-18,2.21,923117,418173,1341290
2015-11-19,1.48,577087,389774,966861
2015-11-20,2.11,682116,323574,1005690
2015-11-23,2.68,550844,205706,756550
2015-11-24,2.44,596111,243825,839936
2015-11-25,2.28,524840,230078,754918
2015-11-27,2.13,438313,205494,643807
2015-11-30,2.62,689134,262634,951768
2015-12-01,2.18,561897,257973,819870
2015-12-02,1.78,696404,391935,1088339
2015-12-03,2.06,929023,450050,1379073
2015-12-04,1.66,815896,492348,1308244
2015-12-07,2.03,477851,234893,712744
2015-12-08,1.38,388801,282197,670998
2015-12-09,1.7,672858,396764,1069622
2015-12-10,1.98,668619,337794,1006413
2015-12-11,2.11,1154944,547025,1701969
2015-12-14,2.59,972931,375229,1348160
2015-12-15,1.77,696706,393204,1089910
2015-12-16,1.63,801324,492214,1293538
2015-12-17,1.64,790497,480548,1271045
2015-12-18,2.14,787530,368403,1155933
2015-12-21,1.88,523963,278346,802309
2015-12-22,2.03,584328,287400,871728
2015-12-23,1.64,629289,382719,1012008
2015-12-24,1.92,303930,158106,462036
2015-12-28,1.85,307101,165773,472874
2015-12-29,1.74,466358,268121,734479
2015-12-30,2.39,454520,190177,644697
2015-12-31,1.97,625693,318189,943882
2016-01-04,1.78,835105,469456,1304561
2016-01-05,2.04,584610,286672,871282
2016-01-06,1.87,724616,387728,1112344
2016-01-07,2.24,1180915,527000,1707915
2016-01-08,2.22,1075158,485110,1560268
2016-01-11,2.61,1089364,417192,1506556
2016-01-12,1.7,693482,407329,1100811
2016-01-13,2.11,886075,420682,1306757
2016-01-14,1.8,1118806,622818,1741624
2016-01-15,2.28,1107532,484893,1592425
2016-01-19,1.94,661648,341177,1002825
2016-01-20,2.39,1669037,696907,2365944
2016-01-21,1.61,920626,571093,1491719
2016-01-22,1.65,767356,466231,1233587
2016-01-25,1.6,501222,312800,814022
2016-01-26,1.22,447852,367919,815771
2016-01-27,1.53,528866,345991,874857
2016-01-28,1.84,515637,280918,796555
2016-01-29,1.47,881355,599208,1480563
2016-02-01,1.72,571148,331810,902958
2016-02-02,1.73,563898,325791,889689
2016-02-03,1.7,704897,414043,1118940
2016-02-04,2.21,593813,268927,862740
2016-02-05,1.79,797204,444857,1242061
2016-02-08,1.89,898356,474557,1372913
2016-02-09,1.99,680921,341790,1022711
2016-02-10,1.84,614631,334503,949134
2016-02-11,1.93,903969,467733,1371702
2016-02-12,1.91,898249,470100,1368349
2016-02-16,1.91,731364,382572,1113936
2016-02-17,1.9,1077143,566865,1644008
2016-02-18,1.72,785986,456657,1242643
2016-02-19,2.12,758179,357427,1115606
2016-02-22,1.76,732131,416528,1148659
2016-02-23,2.52,643698,255670,899368
2016-02-24,1.87,655794,350802,1006596
2016-02-25,1.79,585706,327326,913032
2016-02-26,1.55,735972,474193,1210165
2016-02-29,1.84,652667,354876,1007543
2016-03-01,1.25,709951,567921,1277872
2016-03-02,1.79,698228,390087,1088315
2016-03-03,1.25,688729,549088,1237817
2016-03-04,1.19,810738,678829,1489567
2016-03-07,1.77,477861,269380,747241
2016-03-08,1.79,566910,317573,884483
2016-03-09,1.5,566937,378964,945901
2016-03-10,1.75,687714,393681,1081395
2016-03-11,1.2,784866,653788,1438654
2016-03-14,1.5,471223,314004,785227
2016-03-15,1.33,512882,385706,898588
2016-03-16,1.54,801723,520404,1322127
2016-03-17,1.06,837080,789924,1627004
2016-03-18,1.33,712080,533931,1246011
2016-03-21,1.54,497790,323121,820911
2016-03-22,1.56,510229,326317,836546
2016-03-23,1.42,564915,398280,963195
2016-03-24,1.85,712949,384487,1097436
2016-03-28,1.66,385512,232832,618344
2016-03-29,1.46,486866,332503,819369
2016-03-30,1.11,809817,729378,1539195
2016-03-31,1.89,639176,338146,977322
2016-04-01,1.47,643106,438850,1081956
2016-04-04,1.42,450412,318252,768664
2016-04-05,1.71,462337,270930,733267
2016-04-06,1.78,488186,273590,761776
2016-04-07,1.56,568776,365374,934150
2016-04-08,1.9,583173,306277,889450
2016-04-11,1.65,442406,268837,711243
2016-04-12,1.43,439135,306927,746062
2016-04-13,1.05,591555,563531,1155086
2016-04-14,1.15,652522,566377,1218899
2016-04-15,1.78,614376,345668,960044
2016-04-18,1.93,464814,240951,705765
2016-04-19,1.21,609118,502711,1111829
2016-04-20,1.61,951057,590368,1541425
2016-04-21,1.6,610078,381638,991716
2016-04-22,2.06,671934,326076,998010
2016-04-25,1.49,372711,250564,623275
2016-04-26,1.42,363178,255393,618571
2016-04-27,1.52,485359,318662,804021
2016-04-28,1.52,552885,363649,916534
2016-04-29,1.65,884981,537897,1422878
2016-05-02,1.5,342324,227673,569997
2016-05-03,1.99,570835,286825,857660
2016-05-04,1.28,599377,467447,1066824
2016-05-05,2.01,564601,280431,845032
2016-05-06,1.72,819710,475669,1295379
2016-05-09,2.36,432894,183664,616558
2016-05-10,1.55,593815,383914,977729
2016-05-11,1.84,657576,356890,1014466
2016-05-12,1.97,556179,282524,838703
2016-05-13,2.08,719482,346463,1065945
2016-05-16,1.43,457099,319626,776725
2016-05-17,1.58,651355,412091,1063446
2016-05-18,1.61,770399,478260,1248659
2016-05-19,1.86,917745,493876,1411621
2016-05-20,1.5,662266,440569,1102835
2016-05-23,1.99,582556,293163,875719
2016-05-24,1.6,782438,490285,1272723
2016-05-25,1.21,699398,578386,1277784
2016-05-26,1.53,601891,393811,995702
2016-05-27,1.51,675694,446828,1122522
2016-05-31,1.7,771157,453232,1224389
2016-06-01,1.71,705686,413351,1119037
2016-06-02,1.48,532326,360359,892685
2016-06-03,1.29,755008,584524,1339532
2016-06-06,1.52,742674,489723,1232397
2016-06-07,1.24,741548,598463,1340011
2016-06-08,1.39,560169,402244,962413
2016-06-09,1.56,543939,348061,892000
2016-06-10,1.78,812123,455308,1267431
2016-06-13,2.01,782198,389241,1171439
2016-06-14,2.06,951893,462942,1414835
2016-06-15,2.32,962192,414174,1376366
2016-06-16,1.88,998495,529840,1528335
2016-06-17,1.92,891012,463144,1354156
2016-06-20,1.79,666496,373035,1039531
2016-06-21,2.09,780302,373217,1153519
2016-06-22,1.54,841106,546273,1387379
2016-06-23,1.81,815955,450992,1266947
2016-06-24,2.02,1453818,720750,2174568
2016-06-27,1.56,1317964,843796,2161760
2016-06-28,1.54,1030103,668173,1698276
2016-06-29,1.6,1197790,747298,1945088
2016-06-30,1.54,1253489,811693,2065182
2016-07-01,1.79,970321,541260,1511581
2016-07-05,2.2,745175,338910,1084085
2016-07-06,1.64,727611,442861,1170472
2016-07-07,1.44,692448,482490,1174938
2016-07-08,1.03,975363,943202,1918565
2016-07-11,0.98,815180,835478,1650658
2016-07-12,1.08,869858,808355,1678213
2016-07-13,1.23,650390,527134,1177524
2016-07-14,0.92,782196,846927,1629123
2016-07-15,1.57,740652,472181,1212833
2016-07-18,1.47,623780,423310,1047090
2016-07-19,1.58,492177,311167,803344
2016-07-20,1.18,863611,730049,1593660
2016-07-21,1.66,568146,342463,910609
2016-07-22,1.67,645516,386869,1032385
2016-07-25,1.37,509429,372164,881593
2016-07-26,1.42,405430,284899,690329
2016-07-27,1.38,529026,383963,912989
2016-07-28,1.42,712362,500676,1213038
2016-07-29,1.64,843575,513601,1357176
2016-08-01,1.84,571530,311366,882896
2016-08-02,1.59,592310,372001,964311
2016-08-03,2.05,479452,233905,713357
2016-08-04,1.69,475477,280945,756422
2016-08-05,1.47,904559,615767,1520326
2016-08-08,1.43,591667,413190,1004857
2016-08-09,1.59,510331,321186,831517
2016-08-10,1.5,568505,379127,947632
2016-08-11,1.57,529780,337239,867019
2016-08-12,1.38,581738,420507,1002245
2016-08-15,1.34,589156,440703,1029859
2016-08-16,1.56,644833,413138,1057971
2016-08-17,1.57,712116,454815,1166931
2016-08-18,1.5,565163,376927,942090
2016-08-19,1.83,711116,388457,1099573
2016-08-22,1.51,508590,335949,844539
2016-08-23,1.45,597497,411191,1008688
2016-08-24,1.53,744318,487994,1232312
2016-08-25,1.88,646075,344321,990396
2016-08-26,1.53,865412,565116,1430528
2016-08-29,1.45,592849,407752,1000601
2016-08-30,1.63,619229,379478,998707
2016-08-31,2.21,745257,337666,1082923
2016-09-01,2.08,689843,331340,1021183
2016-09-02,2.16,843061,390174,1233235
2016-09-06,1.45,700638,484858,1185496
2016-09-07,2.07,724475,350128,1074603
2016-09-08,1.88,682940,364143,1047083
2016-09-09,2.04,1436824,705554,2142378
2016-09-12,1.44,1191102,827291,2018393
2016-09-13,1.65,831481,505205,1336686
2016-09-14,1.51,840196,555329,1395525
2016-09-15,1.56,771292,494751,1266043
2016-09-16,1.63,901128,552775,1453903
2016-09-19,1.65,604994,365907,970901
2016-09-20,1.53,518987,340174,859161
2016-09-21,1.94,1026175,529095,1555270
2016-09-22,1.73,1041212,601856,1643068
2016-09-23,2.11,879662,416607,1296269
2016-09-26,1.78,712461,400177,1112638
2016-09-27,1.66,601373,361246,962619
2016-09-28,1.45,619819,426629,1046448
2016-09-29,1.8,881446,489364,1370810
2016-09-30,1.69,776345,458399,1234744
2016-10-03,1.97,606728,308035,914763
2016-10-04,1.62,641198,397002,1038200
2016-10-05,1.74,467048,267993,735041
2016-10-06,1.9,515209,271754,786963
2016-10-07,1.85,778738,421600,1200338
2016-10-10,1.67,609545,365785,975330
2016-10-11,1.64,887503,539881,1427384
2016-10-12,1.95,731054,375314,1106368
2016-10-13,1.55,765153,494623,1259776
2016-10-14,1.69,757288,447734,1205022
2016-10-17,1.65,567441,344373,911814
2016-10-18,1.48,684639,463394,1148033
2016-10-19,1.57,740025,470432,1210457
2016-10-20,1.46,661046,452834,1113880
2016-10-21,1.96,873516,445291,1318807
2016-10-24,2.22,586137,263491,849628
2016-10-25,2.03,528680,260628,789308
2016-10-26,1.43,561572,391786,953358
2016-10-27,1.48,626043,423775,1049818
2016-10-28,1.83,887234,484537,1371771
2016-10-31,1.81,613390,338203,951593
2016-11-01,1.95,902846,462656,1365502
2016-11-02,1.63,855849,524366,1380215
2016-11-03,1.87,992063,529812,1521875
2016-11-04,1.99,1205847,605009,1810856
2016-11-07,1.78,1022098,573939,1596037
2016-11-08,2.14,1097807,513038,1610845
2016-11-09,1.55,1416756,916089,2332845
2016-11-10,1.33,1070805,807937,1878742
2016-11-11,1.86,941099,505643,1446742
2016-11-14,1.24,832827,674252,1507079
2016-11-15,1.35,712244,528787,1241031
2016-11-16,1.18,813866,687627,1501493
2016-11-17,1.14,722037,634440,1356477
2016-11-18,1.43,778315,544344,1322659
2016-11-21,1.26,701045,556439,1257484
2016-11-22,1.49,759805,508661,1268466
2016-11-23,1.42,624906,440059,1064965
2016-11-25,1.1,564992,512045,1077037
2016-11-28,1.63,568415,348872,917287
2016-11-29,1.66,544942,328761,873703
2016-11-30,1.26,706061,558685,1264746
2016-12-01,1.46,560148,384851,944999
2016-12-02,1.26,615379,487803,1103182
2016-12-05,1.21,544941,450221,995162
2016-12-06,1.16,522861,451240,974101
2016-12-07,0.91,828439,906404,1734843
2016-12-08,0.89,872282,985257,1857539
2016-12-09,1.08,837914,772896,1610810
2016-12-12,1.22,691943,568428,1260371
2016-12-13,0.81,712087,876054,1588141
2016-12-14,1.29,824075,637351,1461426
2016-12-15,1.17,706439,605088,1311527
2016-12-16,1.4,837288,596013,1433301
2016-12-19,1.47,521521,355558,877079
2016-12-20,1.29,496777,384664,881441
2016-12-21,1.76,596307,338630,934937
2016-12-22,1.29,583304,452770,1036074
2016-12-23,1.54,343899,223107,567006
2016-12-27,1.23,315426,255860,571286
2016-12-28,1.49,545804,365477,911281
2016-12-29,1.62,485024,298819,783843
2016-12-30,1.34,668273,498199,1166472
2017-01-03,1.58,790217,499819,1290036
2017-01-04,1.18,571185,483221,1054406
2017-01-05,1.66,561945,338802,900747
2017-01-06,1.52,769739,506356,1276095
2017-01-09,1.84,557314,303553,860867
2017-01-10,1.8,544988,303557,848545
2017-01-11,1.59,641771,403926,1045697
2017-01-12,1.52,657592,433264,1090856
2017-01-13,1.54,689870,446726,1136596
2017-01-17,1.64,724254,442641,1166895
2017-01-18,1.76,906371,515944,1422315
2017-01-19,1.6,669047,418489,1087536
2017-01-20,2.12,769989,363664,1133653
2017-01-23,1.57,705962,448234,1154196
2017-01-24,1.09,455784,416936,872720
2017-01-25,0.97,783499,803629,1587128
2017-01-26,1.76,527907,299973,827880
2017-01-27,1.59,655498,412361,1067859
2017-01-30,1.88,793200,422380,1215580
2017-01-31,1.78,622363,349502,971865
2017-02-01,1.62,578767,357314,936081
2017-02-02,2.21,597905,270782,868687
2017-02-03,1.91,864317,451649,1315966
2017-02-06,1.61,726648,450758,1177406
2017-02-07,1.66,492228,296967,789195
2017-02-08,1.21,514984,427214,942198
2017-02-09,1.34,708354,530485,1238839
2017-02-10,1.21,784777,648102,1432879
2017-02-13,1.17,838882,717068,1555950
2017-02-14,1.16,760308,653789,1414097
2017-02-15,1.39,1096044,787866,1883910
2017-02-16,1.65,839062,508405,1347467
2017-02-17,1.76,746968,424123,1171091
2017-02-21,1.15,860151,750030,1610181
2017-02-22,1.47,721114,490045,1211159
2017-02-23,1.26,591525,468299,1059824
2017-02-24,1.7,838551,493194,1331745
2017-02-27,1.6,691643,431915,1123558
2017-02-28,1.54,689475,447109,1136584
2017-03-01,1.15,1135565,984174,2119739
2017-03-02,1.64,816700,498922,1315622
2017-03-03,1.56,803151,515639,1318790
2017-03-06,1.43,656246,457349,1113595
2017-03-07,1.69,517385,305657,823042
2017-03-08,1.62,670613,413545,1084158
2017-03-09,2.07,640775,309655,950430
2017-03-10,1.94,730841,376526,1107367
2017-03-13,1.49,672934,450550,1123484
2017-03-14,1.72,576660,334982,911642
2017-03-15,1.42,726611,511469,1238080
2017-03-16,1.51,739264,489645,1228909
2017-03-17,2.54,850790,335121,1185911
2017-03-20,2.04,674218,329934,1004152
2017-03-21,1.9,828695,435904,1264599
2017-03-22,1.99,1035252,521419,1556671
2017-03-23,1.65,683465,414400,1097865
2017-03-24,2.59,863169,333500,1196669
2017-03-27,1.71,795307,464509,1259816
2017-03-28,1.33,646323,484722,1131045
2017-03-29,1.81,550367,303919,854286
2017-03-30,1.78,653135,366658,1019793
2017-03-31,2.0,844246,422387,1266633
2017-04-03,2.07,641470,309924,951394
2017-04-04,1.65,410296,248046,658342
2017-04-05,1.65,798368,482408,1280776
2017-04-06,1.91,502592,262889,765481
2017-04-07,2.35,732558,311708,1044266
2017-04-10,1.93,547644,284243,831887
2017-04-11,1.57,658092,420166,1078258
2017-04-12,1.83,653665,357681,1011346
2017-04-13,1.8,925168,513630,1438798
2017-04-17,1.3,620227,475646,1095873
2017-04-18,1.27,530018,417759,947777
2017-04-19,1.7,831352,489094,1320446
2017-04-20,1.52,823181,540835,1364016
2017-04-21,2.52,840910,333883,1174793
2017-04-24,1.93,956085,496509,1452594
2017-04-25,1.22,921956,756596,1678552
2017-04-26,1.38,591856,427583,1019439
2017-04-27,2.04,591198,289112,880310
2017-04-28,1.74,697517,400445,1097962
2017-05-01,1.51,543681,359614,903295
2017-05-02,1.64,519349,317030,836379
2017-05-03,2.1,673798,320112,993910
2017-05-04,1.73,406642,234759,641401
2017-05-05,2.02,738679,366511,1105190
2017-05-08,1.82,687196,376690,1063886
2017-05-09,1.66,662680,399791,1062471
2017-05-10,1.95,565521,289826,855347
2017-05-11,1.55,621668,401830,1023498
2017-05-12,2.05,669447,326489,995936
2017-05-15,1.44,643874,446429,1090303
2017-05-16,1.79,571562,319079,890641
2017-05-17,2.29,1318933,575406,1894339
2017-05-18,1.75,1007917,574479,1582396
2017-05-19,1.93,765631,396639,1162270
2017-05-22,2.0,530843,265246,796089
2017-05-23,1.62,554356,343245,897601
2017-05-24,1.63,565214,346040,911254
2017-05-25,1.45,747805,517059,1264864
2017-05-26,2.05,560634,273431,834065
2017-05-30,2.23,594322,266633,860955
2017-05-31,1.68,620812,369972,990784
2017-06-01,1.48,767674,518456,1286130
2017-06-02,1.47,935461,635574,1571035
2017-06-05,1.42,525483,369889,895372
2017-06-06,1.62,472688,291304,763992
2017-06-07,2.45,656880,268508,925388
2017-06-08,1.49,482034,322668,804702
2017-06-09,1.61,927770,577394,1505164
2017-06-12,2.14,601824,281670,883494
2017-06-13,1.43,589379,412159,1001538
2017-06-14,1.67,769244,461037,1230281
2017-06-15,1.82,792780,434919,1227699
2017-06-16,2.17,730051,335872,1065923
2017-06-19,1.51,592875,392477,985352
2017-06-20,1.67,591122,354513,945635
2017-06-21,2.87,697844,242966,940810
2017-06-22,1.81,521606,288616,810222
2017-06-23,2.32,618025,266325,884350
2017-06-26,1.78,577721,324424,902145
2017-06-27,1.57,631259,403253,1034512
2017-06-28,2.07,597068,288488,885556
2017-06-29,2.27,865927,381261,1247188
2017-06-30,2.23,697457,313262,1010719
2017-07-03,2.16,359903,166842,526745
2017-07-05,2.1,589183,279904,869087
2017-07-06,1.8,709949,395409,1105358
2017-07-07,1.84,748335,406447,1154782
2017-07-10,1.7,656606,385623,1042229
2017-07-11,2.15,503242,234093,737335
2017-07-12,1.54,580139,376336,956475
2017-07-13,1.56,482965,308842,791807
2017-07-14,1.46,785659,538406,1324065
2017-07-17,1.57,602292,384656,986948
2017-07-18,1.38,532444,386115,918559
2017-07-19,1.4,746157,534340,1280497
2017-07-20,1.3,739714,567402,1307116
2017-07-21,1.82,699592,384791,1084383
2017-07-24,1.81,471174,261011,732185
2017-07-25,1.33,565869,426301,992170
2017-07-26,1.67,691506,415303,1106809
2017-07-27,2.14,697566,326165,1023731
2017-07-28,2.36,691058,293024,984082
2017-07-31,1.99,647074,325468,972542
2017-08-01,1.58,559228,354031,913259
2017-08-02,2.21,649634,294002,943636
2017-08-03,2.39,531829,222316,754145
2017-08-04,1.94,828456,427554,1256010
2017-08-07,1.89,538590,284350,822940
2017-08-08,2.06,690644,335964,1026608
2017-08-09,2.44,862767,353820,1216587
2017-08-10,2.08,1073599,516930,1590529
2017-08-11,2.69,1049749,390239,1439988
2017-08-14,1.99,823266,414452,1237718
2017-08-15,2.16,722311,334475,1056786
2017-08-16,2.24,1192888,532598,1725486
2017-08-17,2.06,1054483,510933,1565416
2017-08-18,2.1,1162029,552924,1714953
2017-08-21,2.12,725690,342719,1068409
2017-08-22,1.88,857787,456093,1313880
2017-08-23,1.84,655922,356924,1012846
2017-08-24,1.95,513840,263376,777216
2017-08-25,2.16,709137,327701,1036838
2017-08-28,1.81,622412,343134,965546
2017-08-29,1.62,567180,350939,918119
2017-08-30,1.62,653784,402514,1056298
2017-08-31,1.65,856740,517723,1374463
2017-09-01,1.9,724759,380948,1105707
2017-09-05,2.31,1011373,437992,1449365
2017-09-06,1.78,683855,383210,1067065
2017-09-07,2.3,590174,256829,847003
2017-09-08,2.41,821474,340329,1161803
2017-09-11,1.43,933755,653848,1587603
2017-09-12,1.33,863620,647210,1510830
2017-09-13,1.99,693229,348735,1041964
2017-09-14,1.66,835002,503364,1338366
2017-09-15,2.46,964035,392542,1356577
2017-09-18,1.49,807712,542949,1350661
2017-09-19,1.32,550516,416407,966923
2017-09-20,1.92,916566,477093,1393659
2017-09-21,1.65,582011,352402,934413
2017-09-22,2.44,641504,263407,904911
2017-09-25,1.82,751545,413473,1165018
2017-09-26,2.09,549677,263026,812703
2017-09-27,1.7,852118,500383,1352501
2017-09-28,1.3,551676,423225,974901
2017-09-29,1.82,894140,490423,1384563
2017-10-02,1.4,946701,675340,1622041
2017-10-03,1.2,602854,501649,1104503
2017-10-04,1.52,964091,632480,1596571
2017-10-05,1.22,950578,781356,1731934
2017-10-06,1.44,777813,541087,1318900
2017-10-09,2.35,656268,278778,935046
2017-10-10,1.34,578450,430534,1008984
2017-10-11,2.43,636854,262117,898971
2017-10-12,1.79,738302,411318,1149620
2017-10-13,2.08,695023,334065,1029088
2017-10-16,2.02,819675,406586,1226261
2017-10-17,1.42,582569,411313,993882
2017-10-18,1.54,765250,496859,1262109
2017-10-19,1.62,724608,447685,1172293
2017-10-20,1.55,1060647,684225,1744872
2017-10-23,1.75,859774,492630,1352404
2017-10-24,1.91,593744,311059,904803
2017-10-25,2.48,1153156,464898,1618054
2017-10-26,2.17,562696,258813,821509
2017-10-27,1.41,897620,638577,1536197
2017-10-30,1.76,748411,424083,1172494
2017-10-31,2.11,590975,279462,870437
2017-11-01,1.56,817521,523026,1340547
2017-11-02,1.84,630121,341693,971814
2017-11-03,1.82,958149,525312,1483461
2017-11-06,1.62,750336,462072,1212408
2017-11-07,1.67,858530,514702,1373232
2017-11-08,2.19,660170,301795,961965
2017-11-09,1.85,1077622,582788,1660410
2017-11-10,2.72,1043011,384029,1427040
2017-11-13,1.75,716253,408968,1125221
2017-11-14,1.86,833229,448081,1281310
2017-11-15,1.87,1053335,562874,1616209
2017-11-16,1.74,868773,500096,1368869
2017-11-17,1.96,971703,497022,1468725
2017-11-20,1.67,786218,469827,1256045
2017-11-21,1.21,974216,806929,1781145
2017-11-22,2.34,848791,362526,1211317
2017-11-24,2.1,503984,240369,744353
2017-11-27,1.63,853782,524440,1378222
2017-11-28,1.13,896144,791688,1687832
2017-11-29,1.38,942999,685695,1628694
2017-11-30,1.21,1236713,1020031,2256744
2017-12-01,1.76,1302462,740523,2042985
2017-12-04,1.42,898105,632838,1530943
2017-12-05,1.95,726759,372660,1099419
2017-12-06,1.55,723508,467575,1191083
2017-12-07,1.84,698221,378711,1076932
2017-12-08,1.53,874263,572800,1447063
2017-12-11,1.47,695423,472622,1168045
2017-12-12,1.32,866768,655644,1522412
2017-12-13,1.42,772813,546037,1318850
2017-12-14,1.46,949392,650619,1600011
2017-12-15,1.57,994590,632796,1627386
2017-12-18,1.35,826839,611705,1438544
2017-12-19,1.74,759582,436778,1196360
2017-12-20,1.88,766678,408881,1175559
2017-12-21,1.51,596555,394214,990769
2017-12-22,2.08,662999,318471,981470
2017-12-26,1.63,488855,299722,788577
2017-12-27,1.92,582769,304255,887024
2017-12-28,2.22,604918,272071,876989
2017-12-29,2.37,903661,381347,1285008
2018-01-02,2.12,799064,376884,1175948
2018-01-03,1.24,840038,675053,1515091
2018-01-04,1.09,792958,729025,1521983
2018-01-05,1.76,1045724,593766,1639490
2018-01-08,1.5,794383,529919,1324302
2018-01-09,1.42,759514,534417,1293931
2018-01-10,2.07,789930,382186,1172116
2018-01-11,1.09,825862,759683,1585545
2018-01-12,1.34,1104737,823837,1928574
2018-01-16,1.31,1160649,886625,2047274
2018-01-17,1.4,1338760,956158,2294918
2018-01-18,1.32,947911,718644,1666555
2018-01-19,1.89,820149,432919,1253068
2018-01-22,1.52,882008,580181,1462189
2018-01-23,0.92,816606,884634,1701240
2018-01-24,1.36,935659,690379,1626038
2018-01-25,1.72,675912,392903,1068815
2018-01-26,1.44,1058747,735453,1794200
2018-01-29,1.33,897493,675266,1572759
2018-01-30,1.44,878687,609918,1488605
2018-01-31,1.53,811480,530360,1341840
2018-02-01,1.81,754347,416477,1170824
2018-02-02,2.26,1483142,656424,2139566
2018-02-05,2.75,1969851,715659,2685510
2018-02-06,2.7,2011137,743578,2754715
2018-02-07,1.96,1230465,628735,1859200
2018-02-08,2.36,1344164,568891,1913055
2018-02-09,2.49,2288531,919911,3208442
2018-02-12,1.83,1179247,645594,1824841
2018-02-13,1.91,1031071,540073,1571144
2018-02-14,1.63,1201544,738441,1939985
2018-02-15,1.3,985434,758652,1744086
2018-02-16,1.41,1144853,812957,1957810
2018-02-20,2.13,762640,358299,1120939
2018-02-21,1.84,839477,456663,1296140
2018-02-22,1.8,716435,398735,1115170
2018-02-23,1.55,992868,640271,1633139
2018-02-26,1.37,976437,711861,1688298
2018-02-27,1.54,972734,630690,1603424
2018-02-28,1.86,877830,472718,1350548
2018-03-01,2.14,1261248,589068,1850316
2018-03-02,2.08,1128133,542600,1670733
2018-03-05,1.69,970195,574357,1544552
2018-03-06,1.53,575035,375984,951019
2018-03-07,2.08,767863,369752,1137615
2018-03-08,1.22,485154,399281,884435
2018-03-09,1.12,1161684,1036415,2198099
2018-03-12,1.31,854255,653248,1507503
2018-03-13,1.35,771894,570578,1342472
2018-03-14,1.48,856201,580017,1436218
2018-03-15,1.34,766891,571923,1338814
2018-03-16,1.61,901433,558501,1459934
2018-03-19,1.87,1123001,599689,1722690
2018-03-20,1.25,653360,522093,1175453
2018-03-21,2.53,896072,354300,1250372
2018-03-22,1.86,1202293,645380,1847673
2018-03-23,2.48,1539241,620767,2160008
2018-03-26,1.98,1163020,586634,1749654
2018-03-27,1.6,943784,590962,1534746
2018-03-28,1.83,1195756,654428,1850184
2018-03-29,1.38,1086833,788682,1875515
2018-04-02,1.75,1116063,639014,1755077
2018-04-03,1.44,812646,563304,1375950
2018-04-04,1.75,788596,450427,1239023
2018-04-05,1.58,737680,466504,1204184
2018-04-06,1.5,1062749,706817,1769566
2018-04-09,1.5,804803,535384,1340187
2018-04-10,1.52,649448,427279,1076727
2018-04-11,1.85,935232,505331,1440563
2018-04-12,1.54,780870,506619,1287489
2018-04-13,1.49,892193,600303,1492496
2018-04-16,1.55,878464,565562,1444026
2018-04-17,1.42,1073194,753846,1827040
2018-04-18,2.06,1037892,503376,1541268
2018-04-19,1.43,799485,560828,1360313
2018-04-20,1.66,722796,436509,1159305
2018-04-23,1.89,511360,270126,781486
2018-04-24,1.78,955440,535690,1491130
2018-04-25,1.68,875231,521398,1396629
2018-04-26,1.56,619585,397478,1017063
2018-04-27,1.91,620534,324113,944647
2018-04-30,1.67,691854,415395,1107249
2018-05-01,1.7,699109,410445,1109554
2018-05-02,1.43,650767,453831,1104598
2018-05-03,1.4,967414,693412,1660826
2018-05-04,1.63,837895,514052,1351947
2018-05-07,1.58,603369,381758,985127
2018-05-08,1.51,526314,349675,875989
2018-05-09,1.26,809256,640226,1449482
2018-05-10,1.15,798856,696364,1495220
2018-05-11,1.47,1009552,688592,1698144
2018-05-14,1.38,761317,551736,1313053
2018-05-15,1.73,770581,444602,1215183
2018-05-16,2.05,708504,345178,1053682
2018-05-17,1.35,680775,504848,1185623
2018-05-18,1.98,620697,313403,934100
2018-05-21,1.4,604472,430695,1035167
2018-05-22,1.33,593626,446708,1040334
2018-05-23,1.45,712760,491969,1204729
2018-05-24,1.63,660801,406070,1066871
2018-05-25,2.08,643957,309718,953675
2018-05-29,1.81,948417,523081,1471498
2018-05-30,1.65,700407,423961,1124368
2018-05-31,1.67,767494,458691,1226185
2018-06-01,1.88,686338,365447,1051785
2018-06-04,1.48,585998,394710,980708
2018-06-05,1.66,535001,322133,857134
2018-06-06,1.44,805272,557578,1362850
2018-06-07,1.45,851845,585501,1437346
2018-06-08,1.67,638272,382148,1020420
2018-06-11,1.17,738143,633025,1371168
2018-06-12,1.28,723986,566824,1290810
2018-06-13,1.19,611733,516217,1127950
2018-06-14,1.33,689652,517171,1206823
2018-06-15,1.96,934419,477667,1412086
2018-06-18,1.6,817830,511002,1328832
2018-06-19,1.81,625357,345095,970452
2018-06-20,2.08,880493,423247,1303740
2018-06-21,1.68,673259,399571,1072830
2018-06-22,2.08,701741,337572,1039313
2018-06-25,2.12,1108333,521850,1630183
2018-06-26,1.8,677027,375196,1052223
2018-06-27,1.64,811144,496108,1307252
2018-06-28,1.5,773330,515222,1288552
2018-06-29,2.21,823009,371571,1194580
2018-07-02,1.44,585908,406036,991944
2018-07-03,1.96,472693,241735,714428
2018-07-05,1.69,591108,350150,941258
2018-07-06,1.76,751835,427387,1179222
2018-07-09,1.56,898448,574253,1472701
2018-07-10,1.56,766875,490965,1257840
2018-07-11,1.71,566391,330573,896964
2018-07-12,1.25,710539,570372,1280911
2018-07-13,1.37,773783,564789,1338572
2018-07-16,1.94,745331,383830,1129161
2018-07-17,1.38,721855,521409,1243264
2018-07-18,1.47,783009,532857,1315866
2018-07-19,1.57,809378,514749,1324127
2018-07-20,2.18,752391,345161,1097552
2018-07-23,1.96,595709,304301,900010
2018-07-24,1.44,712585,495036,1207621
2018-07-25,1.22,740332,606454,1346786
2018-07-26,0.93,602570,648209,1250779
2018-07-27,1.93,864002,447861,1311863
2018-07-30,1.88,769213,410067,1179280
2018-07-31,1.63,660411,406208,1066619
2018-08-01,2.02,595156,294939,890095
2018-08-02,2.15,652397,302783,955180
2018-08-03,1.87,806920,431802,1238722
2018-08-06,1.35,674792,498547,1173339
2018-08-07,1.31,723377,553966,1277343
2018-08-08,1.33,675478,507557,1183035
2018-08-09,1.32,539537,408203,947740
2018-08-10,2.17,1147389,529133,1676522
2018-08-13,2.64,855407,324419,1179826
2018-08-14,2.48,561619,226665,788284
2018-08-15,1.79,1167242,651957,1819199
2018-08-16,1.8,852294,472884,1325178
2018-08-17,1.81,917607,507785,1425392
2018-08-20,1.81,710757,392048,1102805
2018-08-21,1.15,740613,646478,1387091
2018-08-22,1.54,771386,501062,1272448
2018-08-23,1.36,547123,401335,948458
2018-08-24,2.09,843236,404369,1247605
2018-08-27,0.99,918061,929068,1847129
2018-08-28,1.2,824289,684526,1508815
2018-08-29,0.91,746036,818314,1564350
2018-08-30,1.29,839475,652559,1492034
2018-08-31,1.77,825737,467044,1292781
2018-09-04,1.56,726764,464471,1191235
2018-09-05,1.57,801461,510339,1311800
2018-09-06,1.87,882000,470926,1352926
2018-09-07,2.27,954079,420920,1374999
2018-09-10,2.47,754604,305972,1060576
2018-09-11,1.8,669694,372674,1042368
2018-09-12,1.83,761583,416703,1178286
2018-09-13,1.78,812965,456312,1269277
2018-09-14,1.73,870404,502949,1373353
2018-09-17,1.75,802554,458078,1260632
2018-09-18,1.6,703649,440351,1144000
2018-09-19,2.39,838593,350423,1189016
2018-09-20,1.6,1337539,837461,2175000
2018-09-21,1.68,1067725,635802,1703527
2018-09-24,1.89,864249,457220,1321469
2018-09-25,2.04,589966,289385,879351
2018-09-26,1.71,688739,403422,1092161
2018-09-27,2.22,885386,398439,1283825
2018-09-28,2.13,958057,450217,1408274
2018-10-01,1.65,728253,441363,1169616
2018-10-02,1.96,513930,262294,776224
2018-10-03,1.63,711395,437193,1148588
2018-10-04,2.11,1192188,565056,1757244
2018-10-05,2.17,1131250,521446,1652696
2018-10-08,1.75,999583,571215,1570798
2018-10-09,1.88,628969,334930,963899
2018-10-10,1.9,1777815,935724,2713539
2018-10-11,2.46,2104206,855703,2959909
2018-10-12,2.12,1600828,755451,2356279
2018-10-15,1.63,1013876,621066,1634942
2018-10-16,1.57,1114539,711315,1825854
2018-10-17,2.24,1193254,533186,1726440
2018-10-18,1.74,1111645,637704,1749349
2018-10-19,1.8,1031211,573326,1604537
2018-10-22,1.74,881179,506505,1387684
2018-10-23,1.45,1237681,851376,2089057
2018-10-24,1.86,1227405,659025,1886430
2018-10-25,1.42,1326761,935466,2262227
2018-10-26,2.21,1638137,740093,2378230
2018-10-29,1.81,1213345,671916,1885261
2018-10-30,1.66,1217530,733579,1951109
2018-10-31,1.33,1048745,785929,1834674
2018-11-01,1.43,766330,537508,1303838
2018-11-02,1.34,856235,636990,1493225
2018-11-05,1.63,811866,499118,1310984
2018-11-06,1.29,666501,516499,1183000
2018-11-07,1.44,1259483,877256,2136739
2018-11-08,1.52,782174,513240,1295414
2018-11-09,1.44,911437,632990,1544427
2018-11-12,1.41,885809,629948,1515757
2018-11-13,1.41,907955,644034,1551989
2018-11-14,1.91,1073694,563222,1636916
2018-11-15,1.42,1061706,745796,1807502
2018-11-16,1.43,948055,664824,1612879
2018-11-19,1.47,870832,592235,1463067
2018-11-20,1.25,1058543,845331,1903874
2018-11-21,1.85,996592,538004,1534596
2018-11-23,1.69,641715,380802,1022517
2018-11-26,1.57,1148375,730560,1878935
2018-11-27,1.4,772566,550275,1322841
2018-11-28,1.18,950968,809169,1760137
2018-11-29,1.18,771575,653760,1425335
2018-11-30,1.09,978527,896879,1875406
2018-12-03,1.46,915618,626448,1542066
2018-12-04,1.57,1343879,855466,2199345
2018-12-06,1.77,1321158,745576,2066734
2018-12-07,1.9,1383416,727325,2110741
2018-12-10,1.38,1310756,952035,2262791
2018-12-11,1.49,865877,582103,1447980
2018-12-12,1.51,1061216,704798,1766014
2018-12-13,1.36,740537,544910,1285447
2018-12-14,1.7,1285705,757496,2043201
2018-12-17,1.82,1389444,762469,2151913
2018-12-18,1.61,1237985,766691,2004676
2018-12-19,1.89,1723252,909543,2632795
2018-12-20,2.04,1973115,966684,2939799
2018-12-21,2.06,1730160,841424,2571584
2018-12-24,1.9,1233797,651066,1884863
2018-12-26,1.77,1485004,840229,2325233
2018-12-27,1.25,1108632,889621,1998253
2018-12-28,1.28,1029718,806581,1836299
2018-12-31,1.34,931812,697301,1629113
2019-01-02,1.57,1166433,742831,1909264
2019-01-03,1.75,966551,551831,1518382
2019-01-04,1.43,1105177,775459,1880636
2019-01-07,1.62,756053,465318,1221371
2019-01-08,1.59,897810,566393,1464203
2019-01-09,1.39,792543,570474,1363017
2019-01-10,1.62,850812,525459,1376271
2019-01-11,1.74,1042203,598834,1641037
2019-01-14,1.56,604569,387326,991895
2019-01-15,1.55,906510,584332,1490842
2019-01-16,1.82,1038265,570177,1608442
2019-01-17,1.29,718279,557944,1276223
2019-01-18,1.37,1169947,856156,2026103
2019-01-22,1.47,834397,568522,1402919
2019-01-23,1.9,674880,354380,1029260
2019-01-24,1.84,520523,283621,804144
2019-01-25,1.23,661276,536833,1198109
2019-01-28,1.64,676850,413741,1090591
2019-01-29,1.81,431359,238176,669535
2019-01-30,1.29,693251,539373,1232624
2019-01-31,1.29,801481,621764,1423245
2019-02-01,1.87,1010246,540647,1550893
2019-02-04,1.52,559798,367489,927287
2019-02-05,1.48,660039,447280,1107319
2019-02-06,1.72,770362,447716,1218078
2019-02-07,1.62,828900,513148,1342048
2019-02-08,2.26,834624,370096,1204720
2019-02-11,1.44,589251,410103,999354
2019-02-12,1.43,617626,432791,1050417
2019-02-13,2.0,988510,494137,1482647
2019-02-14,1.42,764561,539908,1304469
2019-02-15,1.35,724357,535097,1259454
2019-02-19,1.58,560748,353914,914662
2019-02-20,1.41,538335,382660,920995
2019-02-21,1.62,722711,446819,1169530
2019-02-22,1.82,749419,412075,1161494
2019-02-25,2.03,773569,380585,1154154
2019-02-26,1.8,692160,384302,1076462
2019-02-27,2.02,592151,293641,885792
2019-02-28,1.82,725962,398079,1124041
2019-03-01,1.94,799903,412851,1212754
2019-03-04,1.93,932500,484236,1416736
2019-03-05,1.88,612075,326279,938354
2019-03-06,1.7,687229,404557,1091786
2019-03-07,1.6,863033,540517,1403550
2019-03-08,1.64,961429,585696,1547125
2019-03-11,1.58,743601,471790,1215391
2019-03-12,1.54,653129,423265,1076394
2019-03-13,1.72,1028993,599361,1628354
2019-03-14,1.61,704976,437844,1142820
2019-03-15,1.71,935904,548305,1484209
2019-03-18,1.44,694181,482539,1176720
2019-03-19,1.9,879918,464286,1344204
2019-03-20,1.57,739639,472454,1212093
2019-03-21,1.49,560740,377114,937854
2019-03-22,1.72,946061,549845,1495906
2019-03-25,1.66,673509,405005,1078514
2019-03-26,1.96,633310,323716,957026
2019-03-27,1.74,678930,391191,1070121
2019-03-28,1.28,508709,398360,907069
2019-03-29,1.69,769926,455788,1225714
2019-04-01,1.37,798928,583105,1382033
2019-04-02,1.74,584173,336430,920603
2019-04-03,1.47,860852,587047,1447899
2019-04-04,1.45,535018,368716,903734
2019-04-05,1.35,663280,490636,1153916
2019-04-08,1.36,550813,405847,956660
2019-04-09,1.5,631057,420970,1052027
2019-04-10,2.14,529212,247624,776836
2019-04-11,2.16,453781,209948,663729
2019-04-12,1.55,715908,461482,1177390
2019-04-15,1.67,651390,388972,1040362
2019-04-16,2.11,663387,314483,977870
2019-04-17,1.39,957254,689825,1647079
2019-04-18,1.79,812506,453137,1265643
2019-04-22,1.46,616588,420961,1037549
2019-04-23,1.54,736314,478832,1215146
2019-04-24,1.84,687941,372980,1060921
2019-04-25,1.79,599675,334206,933881
2019-04-26,1.87,690361,369993,1060354
2019-04-29,1.58,742111,469695,1211806
2019-04-30,1.97,857230,434733,1291963
2019-05-01,1.7,827139,486485,1313624
2019-05-02,1.52,795629,522551,1318180
2019-05-03,1.88,814878,433061,1247939
2019-05-06,2.13,1000611,469637,1470248
2019-05-07,2.31,1268961,549524,1818485
2019-05-08,1.99,876192,440940,1317132
2019-05-09,2.54,1234842,487027,1721869
2019-05-10,1.93,1185289,614127,1799416
2019-05-13,1.72,1154530,670039,1824569
2019-05-14,1.95,870323,446088,1316411
2019-05-15,1.9,809699,425732,1235431
2019-05-16,1.32,855392,648108,1503500
2019-05-17,1.98,936388,471744,1408132
2019-05-20,1.8,625694,347180,972874
2019-05-21,1.87,586304,314042,900346
2019-05-22,1.73,714987,412141,1127128
2019-05-23,1.6,911879,568671,1480550
2019-05-24,1.81,709908,393089,1102997
2019-05-28,1.93,792296,410605,1202901
2019-05-29,2.06,1362498,660667,2023165
2019-05-30,1.76,766728,436588,1203316
2019-05-31,1.64,1254971,765966,2020937
2019-06-03,1.88,994491,528380,1522871
2019-06-04,1.52,754685,497267,1251952
2019-06-05,1.6,787692,490872,1278564
2019-06-06,1.41,648601,459180,1107781
2019-06-07,1.48,1005062,677857,1682919
2019-06-10,1.06,632220,594174,1226394
2019-06-11,1.43,618645,433131,1051776
2019-06-12,1.55,630528,406398,1036926
2019-06-13,1.83,548496,299093,847589
2019-06-14,1.87,693966,371757,1065723
2019-06-17,1.97,683650,346774,1030424
2019-06-18,1.48,917393,620876,1538269
2019-06-19,1.52,934526,613091,1547617
2019-06-20,1.24,1184418,955367,2139785
2019-06-21,1.77,978334,552460,1530794
2019-06-24,1.39,582845,420647,1003492
2019-06-25,1.75,870817,498980,1369797
2019-06-26,1.62,657138,406823,1063961
2019-06-27,1.7,581867,342030,923897
2019-06-28,1.36,812329,597086,1409415
2019-07-01,1.52,896680,588392,1485072
2019-07-02,1.53,622888,406692,1029580
2019-07-03,1.09,537018,491688,1028706
2019-07-05,1.64,842870,512931,1355801
2019-07-08,1.62,818527,505744,1324271
2019-07-09,2.14,510456,238098,748554
2019-07-10,1.72,751693,437856,1189549
2019-07-11,1.82,628855,346209,975064
2019-07-12,1.87,806351,432342,1238693
2019-07-15,1.82,769254,423250,1192504
2019-07-16,1.72,764459,445669,1210128
2019-07-17,1.99,843354,422817,1266171
2019-07-18,1.74,868223,498787,1367010
2019-07-19,2.43,1116852,459129,1575981
2019-07-22,1.8,650902,362096,1012998
2019-07-23,1.61,493915,307064,800979
2019-07-24,1.53,727622,474025,1201647
2019-07-25,1.95,554199,284098,838297
2019-07-26,1.63,653213,400541,1053754
2019-07-29,1.94,580589,299089,879678
2019-07-30,2.19,639910,292379,932289
2019-07-31,1.99,859131,430665,1289796
2019-08-01,2.55,1178395,462489,1640884
2019-08-02,2.53,1414228,558977,1973205
2019-08-05,2.58,1878024,728398,2606422
2019-08-06,2.18,1187143,544902,1732045
2019-08-07,1.85,969175,523650,1492825
2019-08-08,1.72,806755,467720,1274475
2019-08-09,1.64,884223,538668,1422891
2019-08-12,2.31,829628,359674,1189302
2019-08-13,2.2,878361,399568,1277929
2019-08-14,2.31,1509056,654281,2163337
2019-08-15,2.3,1026377,446150,1472527
2019-08-16,2.22,1163128,524166,1687294
2019-08-19,2.33,878611,376727,1255338
2019-08-20,2.21,600551,271203,871754
2019-08-21,2.87,954279,332304,1286583
2019-08-22,2.04,596809,292688,889497
2019-08-23,1.92,1271822,663921,1935743
2019-08-26,2.22,915295,412296,1327591
2019-08-27,2.15,726819,337874,1064693
2019-08-28,2.1,880489,419498,1299987
2019-08-29,2.26,832222,367755,1199977
2019-08-30,2.38,1108930,465111,1574041
2019-09-03,2.08,799845,383851,1183696
2019-09-04,2.25,868234,386065,1254299
2019-09-05,1.62,920801,568747,1489548
2019-09-06,2.26,946372,417866,1364238
2019-09-09,2.26,908147,401252,1309399
2019-09-10,1.61,624056,388376,1012432
2019-09-11,1.56,748289,480779,1229068
2019-09-12,1.7,899791,529657,1429448
2019-09-13,2.09,930004,445323,1375327
2019-09-16,2.28,840356,368293,1208649
2019-09-17,1.78,681981,383912,1065893
2019-09-18,1.83,1157630,633139,1790769
2019-09-19,1.85,1004037,542390,1546427
2019-09-20,1.95,1040919,532987,1573906
2019-09-23,2.29,785150,342329,1127479
2019-09-24,2.49,1078691,434013,1512704
2019-09-25,2.03,878650,432089,1310739
2019-09-26,1.9,613227,322507,935734
2019-09-27,2.31,1277097,552515,1829612
2019-09-30,2.26,831789,368628,1200417
2019-10-01,2.07,818005,395722,1213727
2019-10-02,1.82,1463102,804358,2267460
2019-10-03,2.42,1094088,453028,1547116
2019-10-04,2.32,1015727,437756,1453483
