Date,PCRatio,VolumeCall,VolumePut,VolumeTotal
2006-02-24,1.18,5095,4328,9423
2006-02-27,0.01,71,6996,7067
2006-02-28,1.75,5400,3086,8486
2006-03-01,0.7,1252,1779,3031
2006-03-02,0.18,2690,15156,17846
2006-03-03,21.04,23120,1099,24219
2006-03-06,0.19,784,4217,5001
2006-03-07,0.16,1964,12052,14016
2006-03-08,0.75,380,505,885
2006-03-09,0.31,735,2335,3070
2006-03-10,0.81,584,722,1306
2006-03-13,1.19,1402,1183,2585
2006-03-14,0.1,535,5130,5665
2006-03-15,0.38,1936,5057,6993
2006-03-16,0.83,731,877,1608
2006-03-17,0.0,3,655,658
2006-03-20,0.12,1429,12137,13566
2006-03-21,1.46,2340,1608,3948
2006-03-22,2.14,9085,4248,13333
2006-03-23,1.77,811,457,1268
2006-03-24,0.06,1358,20940,22298
2006-03-27,7.68,1751,228,1979
2006-03-28,1.36,520,382,902
2006-03-29,0.02,553,30928,31481
2006-03-30,0.17,760,4596,5356
2006-03-31,0.03,20,579,599
2006-04-03,0.0,10,10992,11002
2006-04-04,0.0,9,16531,16540
2006-04-05,0.1,250,2569,2819
2006-04-06,0.12,388,3343,3731
2006-04-07,0.13,748,5806,6554
2006-04-10,0.02,1173,49349,50522
2006-04-11,0.34,3001,8923,11924
2006-04-12,0.06,1287,22152,23439
2006-04-13,0.03,1310,47056,48366
2006-04-17,0.45,1500,3364,4864
2006-04-18,0.11,1800,15911,17711
2006-04-19,0.97,1994,2053,4047
2006-04-20,0.84,1465,1734,3199
2006-04-21,0.11,1640,14857,16497
2006-04-24,0.15,1138,7497,8635
2006-04-25,3.44,4660,1353,6013
2006-04-26,0.32,553,1737,2290
2006-04-27,1.42,2534,1790,4324
2006-04-28,0.02,886,42631,43517
2006-05-01,0.11,5892,54069,59961
2006-05-02,0.12,3060,26073,29133
2006-05-03,0.08,2401,30619,33020
2006-05-04,0.02,1293,59529,60822
2006-05-05,0.08,1213,15272,16485
2006-05-08,0.01,572,38446,39018
2006-05-09,0.14,6173,44442,50615
2006-05-10,0.04,4250,119743,123993
2006-05-11,0.13,11660,91739,103399
2006-05-12,0.11,8770,78098,86868
2006-05-15,0.06,2318,38470,40788
2006-05-16,0.62,20024,32477,52501
2006-05-17,0.16,10770,68717,79487
2006-05-18,0.36,3387,9380,12767
2006-05-19,0.15,4246,28000,32246
2006-05-22,0.67,41452,61411,102863
2006-05-23,0.02,603,28099,28702
2006-05-24,0.41,2540,6213,8753
2006-05-25,2.2,2799,1275,4074
2006-05-26,0.11,1855,17560,19415
2006-05-30,0.55,7165,13085,20250
2006-05-31,0.12,1623,13314,14937
2006-06-01,9.68,21044,2173,23217
2006-06-02,0.2,940,4715,5655
2006-06-05,0.32,8482,26794,35276
2006-06-06,0.21,1566,7509,9075
2006-06-07,0.61,2919,4813,7732
2006-06-08,0.15,9029,60134,69163
2006-06-09,2.82,10977,3886,14863
2006-06-12,0.14,1662,12231,13893
2006-06-13,0.34,5146,15344,20490
2006-06-14,0.33,16149,48362,64511
2006-06-15,0.67,37880,56475,94355
2006-06-16,0.59,9976,17011,26987
2006-06-19,0.69,4651,6739,11390
2006-06-20,0.3,5511,18356,23867
2006-06-21,0.35,3812,10788,14600
2006-06-22,0.16,895,5588,6483
2006-06-23,0.45,813,1802,2615
2006-06-26,0.34,1436,4216,5652
2006-06-27,1.0,5704,5684,11388
2006-06-28,0.52,2217,4272,6489
2006-06-29,0.25,20076,79614,99690
2006-06-30,0.1,3037,31017,34054
2006-07-03,0.07,294,3998,4292
2006-07-05,0.22,356,1610,1966
2006-07-06,0.08,308,3862,4170
2006-07-07,0.02,78,4167,4245
2006-07-10,0.17,284,1679,1963
2006-07-11,0.58,1676,2884,4560
2006-07-12,0.08,469,5813,6282
2006-07-13,0.16,4713,29960,34673
2006-07-14,0.17,4056,23978,28034
2006-07-17,0.05,1486,31510,32996
2006-07-18,0.12,3935,31781,35716
2006-07-19,0.27,1895,6974,8869
2006-07-20,0.75,2385,3169,5554
2006-07-21,0.23,938,4014,4952
2006-07-24,0.34,2607,7763,10370
2006-07-25,0.13,2218,17192,19410
2006-07-26,0.91,3224,3558,6782
2006-07-27,0.2,3102,15704,18806
2006-07-28,0.08,500,6281,6781
2006-07-31,0.4,1667,4195,5862
2006-08-01,0.16,2085,13092,15177
2006-08-02,0.22,621,2791,3412
2006-08-03,0.12,491,4048,4539
2006-08-04,6.08,19368,3186,22554
2006-08-07,0.75,2783,3703,6486
2006-08-08,1.19,8681,7289,15970
2006-08-09,0.24,1927,7896,9823
2006-08-10,0.56,13161,23662,36823
2006-08-11,0.04,1047,24103,25150
2006-08-14,0.02,3862,158994,162856
2006-08-15,0.51,8350,16447,24797
2006-08-16,0.57,6253,10903,17156
2006-08-17,0.17,2639,15085,17724
2006-08-18,0.57,4094,7189,11283
2006-08-21,0.56,5466,9781,15247
2006-08-22,0.24,2919,11972,14891
2006-08-23,0.49,5765,11691,17456
2006-08-24,0.24,1168,4945,6113
2006-08-25,0.66,1132,1713,2845
2006-08-28,0.97,7017,7198,14215
2006-08-29,0.01,348,41201,41549
2006-08-30,0.24,2324,9765,12089
2006-08-31,0.06,289,4731,5020
2006-09-01,0.64,5775,8991,14766
2006-09-05,0.55,2595,4721,7316
2006-09-06,0.22,2640,12186,14826
2006-09-07,0.48,6854,14255,21109
2006-09-08,0.21,1370,6648,8018
2006-09-11,0.78,2663,3409,6072
2006-09-12,0.15,3828,25853,29681
2006-09-13,0.09,4347,50720,55067
2006-09-14,0.05,1337,26254,27591
2006-09-15,0.15,1603,10729,12332
2006-09-18,0.17,998,5719,6717
2006-09-19,0.84,10949,13026,23975
2006-09-20,0.05,1286,25913,27199
2006-09-21,0.08,1206,15420,16626
2006-09-22,0.14,698,5071,5769
2006-09-25,0.53,7621,14451,22072
2006-09-26,0.07,764,11056,11820
2006-09-27,0.26,798,3082,3880
2006-09-28,0.02,2239,105462,107701
2006-09-29,0.08,686,8686,9372
2006-10-02,0.01,146,11766,11912
2006-10-03,0.09,994,11547,12541
2006-10-04,0.11,3858,36209,40067
2006-10-05,0.1,1573,15503,17076
2006-10-06,0.09,1718,19432,21150
2006-10-09,0.83,1470,1771,3241
2006-10-10,0.16,5549,34470,40019
2006-10-11,0.3,2361,7843,10204
2006-10-12,0.1,3886,39815,43701
2006-10-13,0.24,2639,10955,13594
2006-10-16,0.91,37759,41636,79395
2006-10-17,1.09,16513,15090,31603
2006-10-18,0.32,1640,5111,6751
2006-10-19,0.39,5513,14258,19771
2006-10-20,0.2,1558,7831,9389
2006-10-23,0.23,4439,19017,23456
2006-10-24,0.6,8682,14466,23148
2006-10-25,0.48,9577,19823,29400
2006-10-26,0.23,13306,58255,71561
2006-10-27,0.18,2479,13580,16059
2006-10-30,0.56,16273,28847,45120
2006-10-31,0.27,8435,31017,39452
2006-11-01,0.89,14040,15796,29836
2006-11-02,0.1,2500,25936,28436
2006-11-03,0.34,8699,25812,34511
2006-11-06,0.26,1830,7022,8852
2006-11-07,0.8,13950,17456,31406
2006-11-08,0.74,9784,13153,22937
2006-11-09,0.42,4404,10462,14866
2006-11-10,0.41,980,2382,3362
2006-11-13,0.42,8023,18928,26951
2006-11-14,0.61,9606,15757,25363
2006-11-15,0.46,8233,18072,26305
2006-11-16,0.19,5413,28891,34304
2006-11-17,0.66,5434,8237,13671
2006-11-20,0.1,11416,109748,121164
2006-11-21,0.16,2856,18121,20977
2006-11-22,0.02,293,11811,12104
2006-11-24,0.19,1222,6506,7728
2006-11-27,0.4,11366,28312,39678
2006-11-28,0.04,1323,29759,31082
2006-11-29,0.18,6667,36779,43446
2006-11-30,0.73,4452,6093,10545
2006-12-01,0.38,3773,10002,13775
2006-12-04,0.4,3372,8504,11876
2006-12-05,0.23,11812,50933,62745
2006-12-06,0.45,3706,8194,11900
2006-12-07,0.53,4541,8623,13164
2006-12-08,0.05,1993,43276,45269
2006-12-11,0.06,1675,26766,28441
2006-12-12,0.31,9268,30149,39417
2006-12-13,0.44,4841,11096,15937
2006-12-14,0.29,11123,38624,49747
2006-12-15,0.11,2725,24166,26891
2006-12-18,0.67,8081,12019,20100
2006-12-19,0.13,3641,28646,32287
2006-12-20,0.09,2067,23065,25132
2006-12-21,0.07,1086,15921,17007
2006-12-22,0.23,2224,9643,11867
2006-12-26,0.15,1095,7489,8584
2006-12-27,0.18,2449,13593,16042
2006-12-28,0.03,1821,72690,74511
2006-12-29,0.86,16767,19538,36305
2007-01-03,0.38,3806,10089,13895
2007-01-04,0.24,3002,12295,15297
2007-01-05,0.11,2723,25586,28309
2007-01-08,0.65,5958,9142,15100
2007-01-09,0.49,9657,19763,29420
2007-01-10,0.41,6195,15041,21236
2007-01-11,2.02,18893,9347,28240
2007-01-12,0.06,2409,43678,46087
2007-01-16,0.19,6935,36541,43476
2007-01-17,0.02,1018,59625,60643
2007-01-18,0.45,13581,30347,43928
2007-01-19,0.21,3643,17468,21111
2007-01-22,0.02,1256,50501,51757
2007-01-23,0.17,4339,26285,30624
2007-01-24,0.98,18793,19258,38051
2007-01-25,0.28,8552,30737,39289
2007-01-26,0.03,892,30926,31818
2007-01-29,0.43,5800,13463,19263
2007-01-30,0.36,1535,4287,5822
2007-01-31,0.3,9681,31782,41463
2007-02-01,0.22,4431,20053,24484
2007-02-02,0.06,1751,29255,31006
2007-02-05,0.46,2928,6371,9299
2007-02-06,0.18,3035,16481,19516
2007-02-07,0.05,593,11231,11824
2007-02-08,0.03,1668,51923,53591
2007-02-09,0.03,2950,94959,97909
2007-02-12,0.2,3678,18115,21793
2007-02-13,0.66,7114,10807,17921
2007-02-14,0.04,2780,61887,64667
2007-02-15,0.07,1121,16496,17617
2007-02-16,0.02,257,10329,10586
2007-02-20,0.07,698,10408,11106
2007-02-21,0.8,72125,90403,162528
2007-02-22,1.41,13295,9442,22737
2007-02-23,0.17,7045,41352,48397
2007-02-26,0.78,11767,15021,26788
2007-02-27,0.17,17832,101944,119776
2007-02-28,0.26,19716,75234,94950
2007-03-01,0.85,43350,51150,94500
2007-03-02,0.15,14999,101817,116816
2007-03-05,0.32,21749,67481,89230
2007-03-06,0.4,15340,38212,53552
2007-03-07,0.4,9747,24160,33907
2007-03-08,0.04,7527,201345,208872
2007-03-09,0.03,3746,133378,137124
2007-03-12,0.16,7386,46604,53990
2007-03-13,0.35,11076,31546,42622
2007-03-14,0.15,10130,68406,78536
2007-03-15,0.06,4791,78826,83617
2007-03-16,0.05,3317,72302,75619
2007-03-19,0.13,7165,54569,61734
2007-03-20,0.23,8028,35018,43046
2007-03-21,0.13,11749,92520,104269
2007-03-22,0.25,7925,31975,39900
2007-03-23,0.05,2583,52760,55343
2007-03-26,0.14,7011,51124,58135
2007-03-27,0.29,3874,13186,17060
2007-03-28,0.09,2811,32307,35118
2007-03-29,0.05,2821,51494,54315
2007-03-30,0.12,4156,33784,37940
2007-04-02,0.54,17400,32479,49879
2007-04-03,0.23,11837,50495,62332
2007-04-04,1.14,32563,28568,61131
2007-04-05,2.36,67195,28434,95629
2007-04-09,0.34,6723,19606,26329
2007-04-10,0.36,13842,38454,52296
2007-04-11,0.49,17346,35111,52457
2007-04-12,0.38,26556,70628,97184
2007-04-13,1.22,31608,25922,57530
2007-04-16,0.19,6160,32734,38894
2007-04-17,1.03,29361,28412,57773
2007-04-18,1.89,47585,25112,72697
2007-04-19,1.75,51919,29752,81671
2007-04-20,0.49,21244,43544,64788
2007-04-23,0.18,2993,16698,19691
2007-04-24,0.26,7661,29931,37592
2007-04-25,0.59,23417,39477,62894
2007-04-26,0.21,4292,20095,24387
2007-04-27,0.13,3095,24499,27594
2007-04-30,0.4,19603,48785,68388
2007-05-01,0.29,4724,16440,21164
2007-05-02,0.22,10413,46956,57369
2007-05-03,0.64,11192,17575,28767
2007-05-04,0.07,3186,45847,49033
2007-05-07,0.62,13422,21796,35218
2007-05-08,0.07,1689,24759,26448
2007-05-09,0.07,9896,144720,154616
2007-05-10,0.27,14237,53522,67759
2007-05-11,0.09,3699,40849,44548
2007-05-14,0.51,28721,56527,85248
2007-05-15,0.33,18909,58001,76910
2007-05-16,0.64,108586,168674,277260
2007-05-17,0.22,13169,58727,71896
2007-05-18,0.47,19855,42319,62174
2007-05-21,1.11,30273,27336,57609
2007-05-22,0.41,8381,20630,29011
2007-05-23,0.32,12341,39114,51455
2007-05-24,0.6,24232,40121,64353
2007-05-25,0.5,25863,51508,77371
2007-05-29,0.51,11763,23077,34840
2007-05-30,0.21,16303,77768,94071
2007-05-31,0.28,22647,80027,102674
2007-06-01,0.24,10045,41868,51913
2007-06-04,0.96,11036,11518,22554
2007-06-05,0.25,12288,49642,61930
2007-06-06,0.16,13674,83225,96899
2007-06-07,0.28,39637,140242,179879
2007-06-08,0.18,11334,62006,73340
2007-06-11,0.29,13297,45567,58864
2007-06-12,0.18,19384,107016,126400
2007-06-13,0.25,17343,69823,87166
2007-06-14,0.37,23495,63582,87077
2007-06-15,0.14,9138,66593,75731
2007-06-18,0.22,11569,53615,65184
2007-06-19,0.72,39794,55022,94816
2007-06-20,0.19,31963,166917,198880
2007-06-21,0.41,26244,63617,89861
2007-06-22,0.39,25855,66799,92654
2007-06-25,0.1,5312,53804,59116
2007-06-26,0.43,39179,91832,131011
2007-06-27,0.21,8947,41909,50856
2007-06-28,0.15,7451,50003,57454
2007-06-29,0.04,10101,229250,239351
2007-07-02,0.23,4604,20193,24797
2007-07-03,0.35,24842,71502,96344
2007-07-05,0.32,13877,42952,56829
2007-07-06,0.19,12960,66800,79760
2007-07-09,0.44,19629,44192,63821
2007-07-10,0.42,45840,108537,154377
2007-07-11,0.5,108690,216887,325577
2007-07-12,0.19,22798,122785,145583
2007-07-13,0.2,12332,63229,75561
2007-07-16,0.2,17216,85419,102635
2007-07-17,0.47,41743,88156,129899
2007-07-18,0.06,6664,102720,109384
2007-07-19,0.13,14453,108742,123195
2007-07-20,0.12,10321,83194,93515
2007-07-23,0.37,23027,61911,84938
2007-07-24,0.38,22723,59906,82629
2007-07-25,0.41,24212,59065,83277
2007-07-26,0.18,32642,177365,210007
2007-07-27,0.31,24219,76974,101193
2007-07-30,0.18,36661,207612,244273
2007-07-31,0.37,64561,176446,241007
2007-08-01,0.23,31925,136312,168237
2007-08-02,0.25,31285,122985,154270
2007-08-03,0.37,27305,73946,101251
2007-08-06,0.13,21198,165674,186872
2007-08-07,0.19,27536,144002,171538
2007-08-08,0.25,26916,106583,133499
2007-08-09,0.28,56071,203781,259852
2007-08-10,0.27,54330,203049,257379
2007-08-13,0.12,17912,147782,165694
2007-08-14,0.47,37736,80517,118253
2007-08-15,0.6,40382,66793,107175
2007-08-16,0.52,107518,208757,316275
2007-08-17,0.61,58355,96317,154672
2007-08-20,0.31,37904,123222,161126
2007-08-21,0.38,79737,208172,287909
2007-08-22,0.52,43665,84511,128176
2007-08-23,0.34,36015,106248,142263
2007-08-24,0.51,59164,115496,174660
2007-08-27,0.75,25369,33616,58985
2007-08-28,0.42,27884,66151,94035
2007-08-29,0.32,17667,55877,73544
2007-08-30,0.47,34434,73583,108017
2007-08-31,0.46,16410,36037,52447
2007-09-04,0.24,18389,75477,93866
2007-09-05,0.33,28300,86078,114378
2007-09-06,0.18,5859,32294,38153
2007-09-07,0.41,28733,69820,98553
2007-09-10,0.41,50088,122575,172663
2007-09-11,0.09,6277,69955,76232
2007-09-12,0.55,48165,87853,136018
2007-09-13,0.52,13557,26272,39829
2007-09-14,0.58,29948,51801,81749
2007-09-17,0.38,43647,115959,159606
2007-09-18,0.37,75044,202352,277396
2007-09-19,0.14,22856,163424,186280
2007-09-20,0.18,27543,152681,180224
2007-09-21,0.24,32636,135876,168512
2007-09-24,0.62,43431,69839,113270
2007-09-25,0.49,23637,48728,72365
2007-09-26,0.37,34639,93571,128210
2007-09-27,0.2,10506,51782,62288
2007-09-28,0.35,30091,85696,115787
2007-10-01,0.9,28702,32007,60709
2007-10-02,0.16,11480,69865,81345
2007-10-03,0.05,2720,56331,59051
2007-10-04,0.23,20717,88801,109518
2007-10-05,0.32,44998,142664,187662
2007-10-08,0.15,7788,51462,59250
2007-10-09,0.23,22757,101047,123804
2007-10-10,0.87,33158,38216,71374
2007-10-11,0.35,47027,135356,182383
2007-10-12,0.14,11063,79901,90964
2007-10-15,0.35,49605,142283,191888
2007-10-16,0.37,48402,129704,178106
2007-10-17,0.25,32530,130038,162568
2007-10-18,0.31,19079,62011,81090
2007-10-19,0.23,29338,130325,159663
2007-10-22,0.32,23891,74744,98635
2007-10-23,1.14,79015,69581,148596
2007-10-24,0.27,21426,78867,100293
2007-10-25,0.65,51702,79733,131435
2007-10-26,0.35,30587,86306,116893
2007-10-29,0.58,24360,42171,66531
2007-10-30,0.24,21999,91915,113914
2007-10-31,0.6,66230,109592,175822
2007-11-01,0.11,21721,189478,211199
2007-11-02,0.22,22064,100699,122763
2007-11-05,0.69,35428,51488,86916
2007-11-06,0.19,17328,89024,106352
2007-11-07,0.43,49918,115255,165173
2007-11-08,0.17,53320,307800,361120
2007-11-09,0.38,81442,212755,294197
2007-11-12,0.23,24704,105521,130225
2007-11-13,0.29,37964,130661,168625
2007-11-14,0.21,25447,122185,147632
2007-11-15,0.34,37874,110179,148053
2007-11-16,0.22,33519,152209,185728
2007-11-19,0.57,90332,157518,247850
2007-11-20,0.65,101233,154718,255951
2007-11-21,0.65,34427,53282,87709
2007-11-23,1.0,21017,21065,42082
2007-11-26,0.4,18493,46198,64691
2007-11-27,0.86,33270,38508,71778
2007-11-28,0.79,46701,59316,106017
2007-11-29,0.87,11860,13627,25487
2007-11-30,0.29,12872,44105,56977
2007-12-03,0.79,30547,38466,69013
2007-12-04,0.44,17898,40608,58506
2007-12-05,0.79,33377,42083,75460
2007-12-06,0.38,22078,57737,79815
2007-12-07,0.43,20247,47490,67737
2007-12-10,0.19,10675,56415,67090
2007-12-11,0.28,27071,95441,122512
2007-12-12,0.19,12492,64436,76928
2007-12-13,0.27,17851,65932,83783
2007-12-14,0.43,14333,33563,47896
2007-12-17,0.38,34451,89656,124107
2007-12-18,0.39,39236,100989,140225
2007-12-19,0.79,17273,21921,39194
2007-12-20,0.33,7647,22915,30562
2007-12-21,0.28,13246,47407,60653
2007-12-24,0.39,4582,11812,16394
2007-12-26,0.34,6355,18964,25319
2007-12-27,0.23,7192,31944,39136
2007-12-28,0.64,4345,6788,11133
2007-12-31,0.36,12265,34075,46340
2008-01-02,0.48,13160,27272,40432
2008-01-03,0.27,6916,25795,32711
2008-01-04,0.12,9412,81090,90502
2008-01-07,0.35,12286,35250,47536
2008-01-08,0.42,32325,77563,109888
2008-01-09,0.29,40839,139896,180735
2008-01-10,0.34,31045,90346,121391
2008-01-11,0.19,16932,90374,107306
2008-01-14,0.24,17468,71998,89466
2008-01-15,0.24,27896,114694,142590
2008-01-16,0.11,12196,114431,126627
2008-01-17,0.41,39069,95744,134813
2008-01-18,0.31,24930,81261,106191
2008-01-22,0.2,31179,152113,183292
2008-01-23,0.44,29820,67116,96936
2008-01-24,0.34,14904,44351,59255
2008-01-25,0.35,22148,63749,85897
2008-01-28,0.44,36507,83628,120135
2008-01-29,0.53,32314,61404,93718
2008-01-30,0.31,30164,98790,128954
2008-01-31,0.24,16875,69709,86584
2008-02-01,0.56,22065,39317,61382
2008-02-04,0.37,30498,82230,112728
2008-02-05,0.09,6468,71856,78324
2008-02-06,0.49,21059,42806,63865
2008-02-07,0.28,27338,96105,123443
2008-02-08,0.27,18936,69846,88782
2008-02-11,0.47,32149,68808,100957
2008-02-12,0.38,28878,75716,104594
2008-02-13,0.44,49383,112087,161470
2008-02-14,0.64,47414,73861,121275
2008-02-15,0.22,28106,125187,153293
2008-02-19,1.34,23933,17925,41858
2008-02-20,0.17,15192,87880,103072
2008-02-21,0.21,18138,85441,103579
2008-02-22,0.34,41130,121323,162453
2008-02-25,0.25,12285,49756,62041
2008-02-26,0.53,30943,58416,89359
2008-02-27,0.27,18110,67642,85752
2008-02-28,0.16,10421,64738,75159
2008-02-29,0.27,21681,80420,102101
2008-03-03,0.36,19928,54852,74780
2008-03-04,0.13,5742,43155,48897
2008-03-05,0.46,33543,72849,106392
2008-03-06,0.24,22361,95128,117489
2008-03-07,0.14,14789,104861,119650
2008-03-10,0.33,42642,131001,173643
2008-03-11,0.17,21049,122419,143468
2008-03-12,0.41,29189,71665,100854
2008-03-13,0.28,24608,88738,113346
2008-03-14,0.21,53237,253431,306668
2008-03-17,0.21,35129,167878,203007
2008-03-18,0.49,62905,127895,190800
2008-03-19,0.26,14580,56943,71523
2008-03-20,0.66,25071,38160,63231
2008-03-24,0.84,23200,27706,50906
2008-03-25,0.36,22024,61832,83856
2008-03-26,0.16,3673,22329,26002
2008-03-27,0.33,9082,27688,36770
2008-03-28,0.26,3567,13686,17253
2008-03-31,0.37,6008,16228,22236
2008-04-01,0.25,48202,195567,243769
2008-04-02,0.18,16897,93996,110893
2008-04-03,0.48,24886,52378,77264
2008-04-04,0.35,17123,48956,66079
2008-04-07,0.32,32496,102074,134570
2008-04-08,0.3,16700,55817,72517
2008-04-09,0.41,27432,67673,95105
2008-04-10,0.23,15468,67970,83438
2008-04-11,0.35,28218,79607,107825
2008-04-14,0.18,13196,73755,86951
2008-04-15,0.29,16119,56051,72170
2008-04-16,0.39,31611,82041,113652
2008-04-17,0.35,22266,63290,85556
2008-04-18,0.3,30466,100758,131224
2008-04-21,0.81,26394,32544,58938
2008-04-22,0.16,8326,51650,59976
2008-04-23,0.39,6037,15297,21334
2008-04-24,0.13,14789,115555,130344
2008-04-25,0.32,20602,65052,85654
2008-04-28,0.33,14586,43584,58170
2008-04-29,0.3,8048,27279,35327
2008-04-30,0.21,11687,56175,67862
2008-05-01,0.48,18656,38620,57276
2008-05-02,0.14,18236,133235,151471
2008-05-05,0.23,14564,63135,77699
2008-05-06,0.29,22224,75912,98136
2008-05-07,0.42,25031,60182,85213
2008-05-08,0.56,22962,40793,63755
2008-05-09,0.29,10213,34949,45162
2008-05-12,0.26,16627,63853,80480
2008-05-13,0.14,13485,94515,108000
2008-05-14,0.23,21232,90546,111778
2008-05-15,0.28,15867,56147,72014
2008-05-16,0.46,32074,70242,102316
2008-05-19,0.52,25032,47860,72892
2008-05-20,0.4,53813,134555,188368
2008-05-21,0.33,26644,81570,108214
2008-05-22,0.21,13819,66232,80051
2008-05-23,0.35,25471,72900,98371
2008-05-27,0.14,7994,55664,63658
2008-05-28,0.26,9954,37871,47825
2008-05-29,0.08,10804,134755,145559
2008-05-30,0.58,30077,51768,81845
2008-06-02,0.64,36656,57102,93758
2008-06-03,0.48,21851,45747,67598
2008-06-04,0.27,16174,59642,75816
2008-06-05,0.15,9126,61043,70169
2008-06-06,0.36,42970,119128,162098
2008-06-09,0.31,49804,158195,207999
2008-06-10,0.16,22498,141249,163747
2008-06-11,0.21,17712,83823,101535
2008-06-12,0.32,19858,62644,82502
2008-06-13,0.27,27333,101758,129091
2008-06-16,0.12,17185,138350,155535
2008-06-17,0.54,26603,49086,75689
2008-06-18,0.2,15178,76225,91403
2008-06-19,0.73,25315,34808,60123
2008-06-20,0.73,55443,75859,131302
2008-06-23,0.24,15894,65203,81097
2008-06-24,0.44,29994,68329,98323
2008-06-25,0.7,46915,66966,113881
2008-06-26,0.22,24333,108885,133218
2008-06-27,0.22,16263,73360,89623
2008-06-30,0.15,9229,61435,70664
2008-07-01,0.19,15841,83990,99831
2008-07-02,0.24,23972,101028,125000
2008-07-03,0.17,8400,48443,56843
2008-07-07,0.14,16046,111898,127944
2008-07-08,0.28,36283,131097,167380
2008-07-09,0.25,18948,76633,95581
2008-07-10,0.14,22700,159967,182667
2008-07-11,0.29,53851,188764,242615
2008-07-14,0.23,41240,179960,221200
2008-07-15,0.21,54703,266513,321216
2008-07-16,0.38,28716,75449,104165
2008-07-17,0.25,13825,55154,68979
2008-07-18,0.22,6880,30710,37590
2008-07-21,0.42,14811,35619,50430
2008-07-22,0.63,40321,64079,104400
2008-07-23,0.87,68442,78705,147147
2008-07-24,0.54,34777,64620,99397
2008-07-25,0.77,21274,27596,48870
2008-07-28,0.24,5505,22474,27979
2008-07-29,0.25,10297,40811,51108
2008-07-30,0.41,23973,58017,81990
2008-07-31,0.51,34700,68108,102808
2008-08-01,0.28,7527,26610,34137
2008-08-04,0.29,10622,36547,47169
2008-08-05,0.33,24410,74478,98888
2008-08-06,0.98,75091,76379,151470
2008-08-07,0.65,34762,53110,87872
2008-08-08,0.84,32776,38798,71574
2008-08-11,0.46,29863,64369,94232
2008-08-12,3.48,221384,63552,284936
2008-08-13,0.31,20059,65022,85081
2008-08-14,0.35,30209,86170,116379
2008-08-15,0.15,12965,85312,98277
2008-08-18,0.6,27850,46597,74447
2008-08-19,0.46,39370,85247,124617
2008-08-20,0.6,30756,51050,81806
2008-08-21,0.26,21835,84907,106742
2008-08-22,1.93,42697,22138,64835
2008-08-25,0.28,11376,39941,51317
2008-08-26,0.19,4356,23030,27386
2008-08-27,0.29,11194,38118,49312
2008-08-28,0.71,71968,101891,173859
2008-08-29,0.24,4323,17844,22167
2008-09-02,0.67,31771,47105,78876
2008-09-03,0.53,28052,52871,80923
2008-09-04,0.63,74220,117811,192031
2008-09-05,0.57,48875,85399,134274
2008-09-08,0.4,27228,67478,94706
2008-09-09,0.17,27383,165654,193037
2008-09-10,0.61,51854,85074,136928
2008-09-11,0.21,33104,158077,191181
2008-09-12,0.25,30712,123871,154583
2008-09-15,0.18,39549,217799,257348
2008-09-16,0.22,76565,350096,426661
2008-09-17,0.35,51450,148027,199477
2008-09-18,0.45,61811,137327,199138
2008-09-19,0.42,18973,44962,63935
2008-09-22,0.74,35001,47133,82134
2008-09-23,0.21,35668,170620,206288
2008-09-24,0.22,20778,95761,116539
2008-09-25,0.73,45211,61738,106949
2008-09-26,0.53,25859,48929,74788
2008-09-29,0.47,53640,113548,167188
2008-09-30,0.74,48815,66309,115124
2008-10-01,0.47,30640,64509,95149
2008-10-02,0.3,33010,109188,142198
2008-10-03,0.33,28537,85439,113976
2008-10-06,0.58,89112,152885,241997
2008-10-07,1.0,69656,69915,139571
2008-10-08,0.42,41051,97890,138941
2008-10-09,1.29,109509,84781,194290
2008-10-10,0.49,70017,142910,212927
2008-10-13,1.27,80174,63350,143524
2008-10-14,0.73,45531,62217,107748
2008-10-15,1.21,76025,63065,139090
2008-10-16,0.42,51418,122572,173990
2008-10-17,0.77,54186,70002,124188
2008-10-20,0.93,87008,93066,180074
2008-10-21,0.32,68298,213822,282120
2008-10-22,0.22,18770,87086,105856
2008-10-23,0.16,22206,142014,164220
2008-10-24,0.4,36989,92217,129206
2008-10-27,0.33,18246,54997,73243
2008-10-28,0.82,40768,49474,90242
2008-10-29,0.48,21370,44110,65480
2008-10-30,0.85,17801,20908,38709
2008-10-31,1.42,32252,22669,54921
2008-11-03,0.57,20520,36303,56823
2008-11-04,0.96,41683,43274,84957
2008-11-05,0.38,26631,69254,95885
2008-11-06,0.34,30540,89911,120451
2008-11-07,0.66,38051,57707,95758
2008-11-10,1.35,47298,35028,82326
2008-11-11,0.46,22421,48542,70963
2008-11-12,0.39,22556,57111,79667
2008-11-13,0.44,44679,102154,146833
2008-11-14,0.69,29791,43053,72844
2008-11-17,0.48,30067,62868,92935
2008-11-18,0.49,39212,79749,118961
2008-11-19,0.74,16997,23071,40068
2008-11-20,0.45,17782,39365,57147
2008-11-21,0.32,11200,34987,46187
2008-11-24,1.25,30641,24545,55186
2008-11-25,1.55,32786,21117,53903
2008-11-26,2.22,28795,12955,41750
2008-11-28,0.41,5485,13480,18965
2008-12-01,1.18,37336,31731,69067
2008-12-02,0.6,30406,50371,80777
2008-12-03,2.19,23664,10821,34485
2008-12-04,1.43,33977,23752,57729
2008-12-05,0.52,19305,37481,56786
2008-12-08,1.64,48826,29701,78527
2008-12-09,0.87,31799,36359,68158
2008-12-10,1.59,37351,23431,60782
2008-12-11,1.3,50108,38656,88764
2008-12-12,0.71,35564,50421,85985
2008-12-15,0.69,23822,34342,58164
2008-12-16,1.25,80082,63816,143898
2008-12-17,0.94,10517,11206,21723
2008-12-18,1.25,20094,16097,36191
2008-12-19,1.69,30386,18020,48406
2008-12-22,0.54,7134,13092,20226
2008-12-23,1.01,10806,10663,21469
2008-12-24,0.53,2311,4390,6701
2008-12-26,0.12,785,6538,7323
2008-12-29,1.73,12371,7131,19502
2008-12-30,2.09,24182,11570,35752
2008-12-31,0.98,17350,17781,35131
2009-01-02,1.59,27517,17347,44864
2009-01-05,0.41,22075,54035,76110
2009-01-06,0.49,27648,56267,83915
2009-01-07,0.63,33906,53850,87756
2009-01-08,1.09,25498,23296,48794
2009-01-09,0.59,18096,30420,48516
2009-01-12,0.31,20016,65138,85154
2009-01-13,0.11,26321,235512,261833
2009-01-14,0.93,51412,55142,106554
2009-01-15,0.86,52874,61794,114668
2009-01-16,0.73,37054,50748,87802
2009-01-20,0.21,22157,104941,127098
2009-01-21,1.16,30545,26220,56765
2009-01-22,1.23,30957,25167,56124
2009-01-23,1.06,8860,8392,17252
2009-01-26,1.41,27091,19255,46346
2009-01-27,0.79,23849,30108,53957
2009-01-28,0.18,19654,106406,126060
2009-01-29,0.42,26009,61818,87827
2009-01-30,0.85,19707,23062,42769
2009-02-02,0.43,10003,23065,33068
2009-02-03,1.02,22785,22337,45122
2009-02-04,0.22,6561,30368,36929
2009-02-05,0.54,10219,19017,29236
2009-02-06,0.31,21224,67399,88623
2009-02-09,0.51,8613,16811,25424
2009-02-10,0.34,13312,38919,52231
2009-02-11,3.79,53587,14123,67710
2009-02-12,0.24,19361,80441,99802
2009-02-13,0.79,18247,23002,41249
2009-02-17,0.43,39994,93825,133819
2009-02-18,0.93,13671,14706,28377
2009-02-19,0.24,7229,30634,37863
2009-02-20,0.15,15121,100967,116088
2009-02-23,0.33,17512,53123,70635
2009-02-24,1.25,70104,56245,126349
2009-02-25,1.07,30974,28920,59894
2009-02-26,0.59,22195,37565,59760
2009-02-27,0.2,14363,72213,86576
2009-03-02,0.24,16981,71847,88828
2009-03-03,0.32,23854,74999,98853
2009-03-04,1.1,41892,37943,79835
2009-03-05,0.26,15719,60430,76149
2009-03-06,0.32,13308,42184,55492
2009-03-09,0.12,4279,36965,41244
2009-03-10,0.8,29353,36613,65966
2009-03-11,1.53,42291,27564,69855
2009-03-12,0.42,32557,77255,109812
2009-03-13,0.83,41495,49829,91324
2009-03-16,0.61,20681,33866,54547
2009-03-17,0.12,38846,337441,376287
2009-03-18,0.66,36146,54583,90729
2009-03-19,0.38,12341,32803,45144
2009-03-20,0.41,19346,46909,66255
2009-03-23,2.21,70193,31822,102015
2009-03-24,1.08,35979,33189,69168
2009-03-25,1.49,41867,28075,69942
2009-03-26,0.41,21733,52907,74640
2009-03-27,1.11,41781,37788,79569
2009-03-30,1.78,97707,54961,152668
2009-03-31,0.46,45552,98313,143865
2009-04-01,0.6,64390,106757,171147
2009-04-02,0.92,81631,88321,169952
2009-04-03,0.56,29089,51896,80985
2009-04-06,0.25,8644,35123,43767
2009-04-07,0.49,20230,41450,61680
2009-04-08,1.04,39749,38241,77990
2009-04-09,2.02,84416,41786,126202
2009-04-13,1.2,28148,23362,51510
2009-04-14,0.67,66702,99346,166048
2009-04-15,1.18,44743,37923,82666
2009-04-16,3.87,104550,27044,131594
2009-04-17,0.9,43111,47921,91032
2009-04-20,0.91,44014,48128,92142
2009-04-21,0.81,42365,52480,94845
2009-04-22,0.8,17243,21584,38827
2009-04-23,0.71,54540,76803,131343
2009-04-24,0.68,78771,116059,194830
2009-04-27,0.22,16526,75221,91747
2009-04-28,0.45,18903,41760,60663
2009-04-29,1.08,41968,39038,81006
2009-04-30,1.08,45702,42158,87860
2009-05-01,0.28,13106,46371,59477
2009-05-04,0.63,40843,64392,105235
2009-05-05,0.1,11991,118875,130866
2009-05-06,2.14,59400,27752,87152
2009-05-07,0.38,25611,67064,92675
2009-05-08,1.05,64469,61557,126026
2009-05-11,3.33,195788,58807,254595
2009-05-12,0.63,37507,59683,97190
2009-05-13,0.58,33586,58231,91817
2009-05-14,0.39,40645,103102,143747
2009-05-15,0.91,59390,65603,124993
2009-05-18,1.1,70034,63610,133644
2009-05-19,1.02,83379,81497,164876
2009-05-20,0.31,33146,107328,140474
2009-05-21,0.25,29901,119613,149514
2009-05-22,0.16,14808,92542,107350
2009-05-26,0.5,28792,57971,86763
2009-05-27,0.21,18730,87827,106557
2009-05-28,0.54,40186,73867,114053
2009-05-29,0.21,17140,83314,100454
2009-06-01,0.69,30009,43427,73436
2009-06-02,0.39,28816,72974,101790
2009-06-03,0.14,12338,85598,97936
2009-06-04,0.51,22582,43910,66492
2009-06-05,0.53,20977,39793,60770
2009-06-08,0.22,26480,122620,149100
2009-06-09,0.43,33656,77818,111474
2009-06-10,0.35,33276,95960,129236
2009-06-11,0.17,21514,128036,149550
2009-06-12,0.39,12583,32116,44699
2009-06-15,0.57,45299,80142,125441
2009-06-16,0.31,49184,156218,205402
2009-06-17,0.43,19268,44976,64244
2009-06-18,0.22,6212,28234,34446
2009-06-19,0.18,16633,94039,110672
2009-06-22,0.19,20829,109587,130416
2009-06-23,0.23,37513,163279,200792
2009-06-24,0.44,15391,34675,50066
2009-06-25,0.35,55600,158708,214308
2009-06-26,0.22,31724,144289,176013
2009-06-29,0.18,13288,75584,88872
2009-06-30,0.6,42562,70754,113316
2009-07-01,0.28,28171,100312,128483
2009-07-02,0.27,27568,103950,131518
2009-07-06,0.38,31646,82944,114590
2009-07-07,0.41,69764,169080,238844
2009-07-08,0.35,38880,111341,150221
2009-07-09,0.24,20269,83252,103521
2009-07-10,0.2,10360,51226,61586
2009-07-13,0.24,26626,110954,137580
2009-07-14,0.55,74354,134211,208565
2009-07-15,0.6,59647,99330,158977
2009-07-16,1.01,70827,70411,141238
2009-07-17,0.72,117972,164975,282947
2009-07-20,0.93,75754,81705,157459
2009-07-21,0.82,63783,77374,141157
2009-07-22,0.8,56935,70987,127922
2009-07-23,0.65,42214,64558,106772
2009-07-24,0.38,24561,64713,89274
2009-07-27,0.54,32819,60413,93232
2009-07-28,0.56,49080,86882,135962
2009-07-29,0.64,85202,133800,219002
2009-07-30,0.21,25730,125396,151126
2009-07-31,0.87,36920,42241,79161
2009-08-03,0.31,11961,38018,49979
2009-08-04,0.53,48311,91871,140182
2009-08-05,0.77,82109,106727,188836
2009-08-06,0.37,50192,135073,185265
2009-08-07,0.38,40303,105729,146032
2009-08-10,0.16,14181,89447,103628
2009-08-11,0.46,71427,154496,225923
2009-08-12,0.82,96214,116692,212906
2009-08-13,0.4,50080,124226,174306
2009-08-14,0.68,65309,96418,161727
2009-08-17,0.66,100013,150991,251004
2009-08-18,0.97,113436,117280,230716
2009-08-19,2.08,53807,25917,79724
2009-08-20,0.29,32536,112829,145365
2009-08-21,0.42,71209,167741,238950
2009-08-24,0.25,23364,92583,115947
2009-08-25,0.2,38715,193019,231734
2009-08-26,1.18,30534,25921,56455
2009-08-27,0.39,39843,101533,141376
2009-08-28,0.32,15492,48273,63765
2009-08-31,0.85,68051,79883,147934
2009-09-01,0.25,44632,181644,226276
2009-09-02,0.15,25744,170934,196678
2009-09-03,0.81,98881,121452,220333
2009-09-04,0.95,53537,56458,109995
2009-09-08,1.05,89351,84823,174174
2009-09-09,1.86,148124,79604,227728
2009-09-10,1.41,141252,100520,241772
2009-09-11,1.85,79074,42804,121878
2009-09-14,1.02,87359,86015,173374
2009-09-15,0.33,42542,129257,171799
2009-09-16,1.42,62613,44207,106820
2009-09-17,0.21,27998,136517,164515
2009-09-18,1.11,63203,57154,120357
2009-09-21,0.22,9663,43475,53138
2009-09-22,0.36,33637,94450,128087
2009-09-23,0.25,18120,72011,90131
2009-09-24,0.93,79225,84940,164165
2009-09-25,1.16,62430,53903,116333
2009-09-28,0.32,6071,19037,25108
2009-09-29,0.24,13458,56949,70407
2009-09-30,0.69,34534,50056,84590
2009-10-01,0.2,23813,122016,145829
2009-10-02,0.82,54736,66677,121413
2009-10-05,0.26,18971,71808,90779
2009-10-06,0.44,24201,55473,79674
2009-10-07,0.73,20813,28549,49362
2009-10-08,0.53,119325,224356,343681
2009-10-09,0.67,31376,46809,78185
2009-10-12,0.92,51995,56823,108818
2009-10-13,0.42,52890,126942,179832
2009-10-14,0.87,61178,70341,131519
2009-10-15,1.43,79422,55518,134940
2009-10-16,0.71,75197,106434,181631
2009-10-19,0.66,44707,67925,112632
2009-10-20,0.52,61112,116780,177892
2009-10-21,1.72,130667,75864,206531
2009-10-22,0.48,72403,149668,222071
2009-10-23,0.28,46166,166412,212578
2009-10-26,0.46,56290,123705,179995
2009-10-27,0.4,40051,99665,139716
2009-10-28,0.79,71113,90091,161204
2009-10-29,0.33,30744,92688,123432
2009-10-30,0.84,84807,100877,185684
2009-11-02,0.54,86979,161917,248896
2009-11-03,0.46,26426,58010,84436
2009-11-04,0.72,87386,121984,209370
2009-11-05,1.04,55392,53302,108694
2009-11-06,3.09,285649,92457,378106
2009-11-09,0.97,150779,154741,305520
2009-11-10,0.79,54287,68939,123226
2009-11-11,2.66,266291,99966,366257
2009-11-12,0.75,137805,184125,321930
2009-11-13,1.78,173663,97760,271423
2009-11-16,2.1,191485,91223,282708
2009-11-17,1.18,101416,85957,187373
2009-11-18,0.4,28285,70848,99133
2009-11-19,1.16,87244,75182,162426
2009-11-20,0.91,90658,99853,190511
2009-11-23,0.49,65097,133366,198463
2009-11-24,0.5,51397,103070,154467
2009-11-25,0.2,25776,128288,154064
2009-11-27,0.84,101598,121353,222951
2009-11-30,0.46,24340,52482,76822
2009-12-01,1.02,82926,81311,164237
2009-12-02,1.12,52311,46532,98843
2009-12-03,0.13,82754,634576,717330
2009-12-04,0.88,125468,142600,268068
2009-12-07,1.11,41387,37326,78713
2009-12-08,0.58,71592,123460,195052
2009-12-09,1.39,184274,132156,316430
2009-12-10,0.51,35923,70302,106225
2009-12-11,0.85,137748,162488,300236
2009-12-14,2.06,87862,42687,130549
2009-12-15,0.26,68981,263697,332678
2009-12-16,0.36,88187,248143,336330
2009-12-17,0.07,26311,390799,417110
2009-12-18,0.83,90951,109457,200408
2009-12-21,0.68,37902,56020,93922
2009-12-22,1.58,127303,80472,207775
2009-12-23,1.51,48011,31792,79803
2009-12-24,0.45,4237,9424,13661
2009-12-28,0.34,5472,15983,21455
2009-12-29,1.32,65838,49808,115646
2009-12-30,0.46,30572,66279,96851
2009-12-31,0.62,28329,45463,73792
2010-01-04,0.56,46834,83828,130662
2010-01-05,0.34,51281,151204,202485
2010-01-06,1.27,81818,64622,146440
2010-01-07,0.4,53061,132137,185198
2010-01-08,0.34,63841,186601,250442
2010-01-11,0.34,79865,235344,315209
2010-01-12,0.6,108627,181082,289709
2010-01-13,0.15,54780,366692,421472
2010-01-14,0.92,50881,55298,106179
2010-01-15,0.37,35718,96181,131899
2010-01-19,0.44,101470,231647,333117
2010-01-20,0.37,55796,151877,207673
2010-01-21,0.18,37704,212931,250635
2010-01-22,0.32,124853,388866,513719
2010-01-25,0.55,80427,145274,225701
2010-01-26,0.28,21048,76216,97264
2010-01-27,0.34,82216,239781,321997
2010-01-28,0.5,79384,159029,238413
2010-01-29,0.44,42751,97084,139835
2010-02-01,0.15,21537,146708,168245
2010-02-02,0.91,165594,181060,346654
2010-02-03,0.31,43314,137884,181198
2010-02-04,0.17,43468,254078,297546
2010-02-05,0.5,119217,239906,359123
2010-02-08,0.72,120920,169073,289993
2010-02-09,0.5,73972,146841,220813
2010-02-10,0.93,89415,96076,185491
2010-02-11,0.17,70274,417809,488083
2010-02-12,0.23,35232,151267,186499
2010-02-16,1.05,161607,154092,315699
2010-02-17,0.2,46019,229354,275373
2010-02-18,0.18,25320,143005,168325
2010-02-19,0.2,28540,145002,173542
2010-02-22,0.25,64542,260645,325187
2010-02-23,0.32,59933,186243,246176
2010-02-24,0.44,59940,137778,197718
2010-02-25,0.29,49885,172283,222168
2010-02-26,0.45,72566,159789,232355
2010-03-01,1.0,166071,166784,332855
2010-03-02,0.48,102748,212662,315410
2010-03-03,0.63,139882,221788,361670
2010-03-04,0.27,26065,97043,123108
2010-03-05,1.16,188428,161814,350242
2010-03-08,1.37,97063,71039,168102
2010-03-09,0.39,55193,142497,197690
2010-03-10,0.24,38618,161319,199937
2010-03-11,0.97,108963,112298,221261
2010-03-12,0.91,54945,60309,115254
2010-03-15,0.17,32814,189656,222470
2010-03-16,1.05,182057,173974,356031
2010-03-17,0.31,57554,184186,241740
2010-03-18,0.59,82333,138988,221321
2010-03-19,0.14,15708,112809,128517
2010-03-22,0.28,20536,72635,93171
2010-03-23,0.58,35757,61726,97483
2010-03-24,1.21,58313,48363,106676
2010-03-25,0.83,68566,83005,151571
2010-03-26,0.39,47649,121236,168885
2010-03-29,1.16,60690,52123,112813
2010-03-30,0.24,23879,99914,123793
2010-03-31,0.43,34198,80112,114310
2010-04-01,0.25,23693,95833,119526
2010-04-05,1.83,103720,56784,160504
2010-04-06,1.15,138404,120343,258747
2010-04-07,1.56,222996,142930,365926
2010-04-08,0.99,70563,71386,141949
2010-04-09,1.98,129493,65237,194730
2010-04-12,0.67,61100,91234,152334
2010-04-13,0.27,68696,250628,319324
2010-04-14,0.81,107973,133847,241820
2010-04-15,0.62,149351,241267,390618
2010-04-16,0.97,218161,225712,443873
2010-04-19,0.5,132718,266446,399164
2010-04-20,2.41,268336,111488,379824
2010-04-21,1.3,130566,100760,231326
2010-04-22,0.41,55510,133899,189409
2010-04-23,0.28,34186,122673,156859
2010-04-26,0.44,37941,85434,123375
2010-04-27,0.56,127628,227967,355595
2010-04-28,0.51,85453,168005,253458
2010-04-29,1.23,130137,105640,235777
2010-04-30,0.77,51926,67343,119269
2010-05-03,0.2,22586,113509,136095
2010-05-04,0.52,134265,256696,390961
2010-05-05,0.43,105523,247096,352619
2010-05-06,0.2,91876,448452,540328
2010-05-07,0.29,109848,379067,488915
2010-05-10,0.61,214524,352843,567367
2010-05-11,0.59,126274,213934,340208
2010-05-12,0.8,115913,143996,259909
2010-05-13,0.69,115799,167151,282950
2010-05-14,0.41,175771,429464,605235
2010-05-17,0.48,119796,248693,368489
2010-05-18,0.34,110462,320313,430775
2010-05-19,0.36,60626,169926,230552
2010-05-20,0.71,161948,227650,389598
2010-05-21,0.9,94122,105156,199278
2010-05-24,1.15,108873,94888,203761
2010-05-25,0.91,70244,77386,147630
2010-05-26,2.12,234605,110805,345410
2010-05-27,0.97,79928,82328,162256
2010-05-28,0.71,102601,144890,247491
2010-06-01,0.25,41375,168209,209584
2010-06-02,0.4,77625,191966,269591
2010-06-03,0.58,31775,55247,87022
2010-06-04,0.33,79978,241709,321687
2010-06-07,0.45,75291,169158,244449
2010-06-08,0.82,128391,157530,285921
2010-06-09,1.21,164112,135623,299735
2010-06-10,1.44,157112,108977,266089
2010-06-11,0.36,42085,116137,158222
2010-06-14,2.88,331075,114786,445861
2010-06-15,0.69,69617,101546,171163
2010-06-16,0.41,50578,124567,175145
2010-06-17,1.52,39111,25704,64815
2010-06-18,1.94,165025,85048,250073
2010-06-21,1.25,81608,65479,147087
2010-06-22,0.34,44050,128595,172645
2010-06-23,0.39,34561,87713,122274
2010-06-24,0.25,50220,199545,249765
2010-06-25,0.52,30561,58384,88945
2010-06-28,0.7,25420,36172,61592
2010-06-29,0.67,67778,101128,168906
2010-06-30,0.87,54218,62179,116397
2010-07-01,1.0,100221,100076,200297
2010-07-02,0.37,15704,42457,58161
2010-07-06,0.78,54030,69160,123190
2010-07-07,0.79,81407,103355,184762
2010-07-08,1.25,78437,62587,141024
2010-07-09,0.56,70136,125946,196082
2010-07-12,2.01,161509,80427,241936
2010-07-13,0.97,78524,80916,159440
2010-07-14,0.63,58066,92354,150420
2010-07-15,0.62,51545,83606,135151
2010-07-16,0.45,53305,119184,172489
2010-07-19,0.39,74859,191558,266417
2010-07-20,1.54,149802,97295,247097
2010-07-21,0.38,33518,89089,122607
2010-07-22,1.19,223024,187912,410936
2010-07-23,0.46,30080,65321,95401
2010-07-26,0.84,83740,99535,183275
2010-07-27,1.65,132086,80089,212175
2010-07-28,0.71,42389,59572,101961
2010-07-29,0.81,37200,45966,83166
2010-07-30,0.43,42403,99154,141557
2010-08-02,1.51,175461,116509,291970
2010-08-03,0.44,41309,93614,134923
2010-08-04,0.22,27841,124381,152222
2010-08-05,0.69,47792,69002,116794
2010-08-06,0.51,65897,129909,195806
2010-08-09,0.6,110847,183776,294623
2010-08-10,1.42,270274,190174,460448
2010-08-11,0.66,105053,159716,264769
2010-08-12,0.3,52390,174870,227260
2010-08-13,0.94,91786,97824,189610
2010-08-16,0.46,59334,130358,189692
2010-08-17,1.79,243022,135450,378472
2010-08-18,0.68,103659,152889,256548
2010-08-19,0.32,47947,150503,198450
2010-08-20,0.61,108465,178087,286552
2010-08-23,1.03,92287,89334,181621
2010-08-24,0.93,110598,118825,229423
2010-08-25,0.83,63746,76353,140099
2010-08-26,0.47,63520,136221,199741
2010-08-27,0.32,32141,100474,132615
2010-08-30,0.37,43991,117739,161730
2010-08-31,0.52,41013,79547,120560
2010-09-01,1.78,189136,106238,295374
2010-09-02,1.54,184845,120237,305082
2010-09-03,1.87,192997,103332,296329
2010-09-07,0.89,93369,105365,198734
2010-09-08,0.54,94565,174112,268677
2010-09-09,2.39,189962,79324,269286
2010-09-10,0.77,142956,185169,328125
2010-09-13,1.71,230555,134934,365489
2010-09-14,1.5,177827,118752,296579
2010-09-15,0.45,92177,204317,296494
2010-09-16,0.26,45123,174288,219411
2010-09-17,0.23,36711,163132,199843
2010-09-20,0.41,34641,84015,118656
2010-09-21,1.53,109147,71382,180529
2010-09-22,0.6,141332,237472,378804
2010-09-23,0.71,64010,89822,153832
2010-09-24,0.5,37714,76065,113779
2010-09-27,0.57,48557,85906,134463
2010-09-28,2.83,186974,66131,253105
2010-09-29,1.23,70161,57223,127384
2010-09-30,0.65,91567,140357,231924
2010-10-01,0.78,106743,136019,242762
2010-10-04,0.18,27583,153424,181007
2010-10-05,2.09,313259,149660,462919
2010-10-06,1.5,175536,117396,292932
2010-10-07,0.46,61919,135970,197889
2010-10-08,0.79,123787,157223,281010
2010-10-11,0.55,120591,219694,340285
2010-10-12,1.84,365270,198367,563637
2010-10-13,0.34,135806,401353,537159
2010-10-14,0.77,179289,234176,413465
2010-10-15,0.35,88701,253439,342140
2010-10-18,0.57,93444,163614,257058
2010-10-19,0.72,134977,187658,322635
2010-10-20,0.42,68727,163077,231804
2010-10-21,0.28,63802,232002,295804
2010-10-22,1.06,184934,173686,358620
2010-10-25,1.36,155116,113710,268826
2010-10-26,2.62,190543,72787,263330
2010-10-27,0.54,78997,147121,226118
2010-10-28,0.28,31714,112476,144190
2010-10-29,1.07,160338,149435,309773
2010-11-01,0.47,65089,138454,203543
2010-11-02,0.74,114695,155156,269851
2010-11-03,1.42,253887,178801,432688
2010-11-04,1.12,289174,257150,546324
2010-11-05,1.1,127529,116090,243619
2010-11-08,0.58,45375,77967,123342
2010-11-09,1.37,177718,130025,307743
2010-11-10,0.69,105516,153947,259463
2010-11-11,0.42,73255,172794,246049
2010-11-12,1.14,173356,152236,325592
2010-11-15,0.56,121894,215989,337883
2010-11-16,0.59,164022,277047,441069
2010-11-17,1.01,170746,169217,339963
2010-11-18,0.46,93742,201930,295672
2010-11-19,0.24,114124,475952,590076
2010-11-22,0.14,28769,209372,238141
2010-11-23,0.66,92885,141726,234611
2010-11-24,0.44,76275,174851,251126
2010-11-26,0.17,32450,188137,220587
2010-11-29,0.64,77962,121711,199673
2010-11-30,1.02,198378,194420,392798
2010-12-01,0.72,57006,79570,136576
2010-12-02,0.46,93815,204983,298798
2010-12-03,1.02,223942,219473,443415
2010-12-06,0.54,87446,160825,248271
2010-12-07,0.52,126651,244191,370842
2010-12-08,0.28,56081,199184,255265
2010-12-09,1.07,220665,206447,427112
2010-12-10,1.15,145601,126142,271743
2010-12-13,0.51,122103,237126,359229
2010-12-14,0.18,50539,273708,324247
2010-12-15,0.22,67051,311173,378224
2010-12-16,0.31,114592,370666,485258
2010-12-17,0.36,124144,340521,464665
2010-12-20,0.66,101536,153151,254687
2010-12-21,0.38,59232,156250,215482
2010-12-22,0.56,128966,231819,360785
2010-12-23,0.22,24281,110933,135214
2010-12-27,0.36,18176,50060,68236
2010-12-28,0.79,42012,53106,95118
2010-12-29,1.17,80486,68727,149213
2010-12-30,0.81,80837,99538,180375
2010-12-31,0.2,11452,56899,68351
2011-01-03,0.47,113522,243513,357035
2011-01-04,0.44,121017,273337,394354
2011-01-05,0.4,126262,319340,445602
2011-01-06,0.54,111329,207416,318745
2011-01-07,0.69,89666,130273,219939
2011-01-10,0.64,170416,264800,435216
2011-01-11,0.69,196134,283325,479459
2011-01-12,0.85,215849,253652,469501
2011-01-13,0.35,97030,276918,373948
2011-01-14,0.49,176553,356902,533455
2011-01-18,0.37,162751,435553,598304
2011-01-19,0.5,214454,432967,647421
2011-01-20,0.61,103659,170685,274344
2011-01-21,0.74,130310,177114,307424
2011-01-24,0.53,77332,144902,222234
2011-01-25,0.28,47480,170547,218027
2011-01-26,1.21,205381,170012,375393
2011-01-27,1.24,289181,233325,522506
2011-01-28,0.48,156998,328556,485554
2011-01-31,0.79,136565,173638,310203
2011-02-01,0.42,118925,283366,402291
2011-02-02,0.7,81686,115977,197663
2011-02-03,0.91,113412,124368,237780
2011-02-04,0.45,115014,256776,371790
2011-02-07,0.68,180898,264385,445283
2011-02-08,0.68,88021,129461,217482
2011-02-09,1.01,143801,142271,286072
2011-02-10,0.34,120959,357491,478450
2011-02-11,0.4,94829,235868,330697
2011-02-14,0.89,130490,145837,276327
2011-02-15,0.31,112338,362094,474432
2011-02-16,0.54,125083,233516,358599
2011-02-17,0.49,130786,267719,398505
2011-02-18,0.19,56337,295446,351783
2011-02-22,0.62,194002,312444,506446
2011-02-23,0.67,285356,423414,708770
2011-02-24,0.45,146194,324871,471065
2011-02-25,0.71,144621,202357,346978
2011-02-28,1.04,131795,127119,258914
2011-03-01,0.42,95031,224383,319414
2011-03-02,0.32,130272,413371,543643
2011-03-03,0.74,179594,242543,422137
2011-03-04,0.35,153628,441449,595077
2011-03-07,0.24,85251,348021,433272
2011-03-08,0.8,135870,170735,306605
2011-03-09,1.01,129647,128046,257693
2011-03-10,0.44,197178,447666,644844
2011-03-11,0.99,261491,264503,525994
2011-03-14,0.44,217552,498013,715565
2011-03-15,0.42,344810,819042,1163852
2011-03-16,0.33,209433,632075,841508
2011-03-17,0.25,141837,570698,712535
2011-03-18,0.47,110982,238481,349463
2011-03-21,0.28,70255,247098,317353
2011-03-22,0.21,97978,457546,555524
2011-03-23,0.51,115343,227173,342516
2011-03-24,0.56,133211,237797,371008
2011-03-25,0.42,123938,292058,415996
2011-03-28,0.32,44999,138837,183836
2011-03-29,0.78,82532,105915,188447
2011-03-30,0.34,88738,260691,349429
2011-03-31,0.76,93592,123708,217300
2011-04-01,0.54,113938,211022,324960
2011-04-04,0.52,66719,128465,195184
2011-04-05,0.23,40089,173359,213448
2011-04-06,0.2,40703,204431,245134
2011-04-07,0.47,71557,151965,223522
2011-04-08,0.23,64294,280373,344667
2011-04-11,0.67,67891,101638,169529
2011-04-12,0.53,91000,171224,262224
2011-04-13,0.18,84141,474411,558552
2011-04-14,0.16,35595,226527,262122
2011-04-15,1.22,190211,155611,345822
2011-04-18,0.4,126854,318934,445788
2011-04-19,0.71,202182,283931,486113
2011-04-20,0.7,205949,294759,500708
2011-04-21,0.49,94284,193499,287783
2011-04-25,0.26,25063,96291,121354
2011-04-26,0.23,37357,164659,202016
2011-04-27,1.2,188625,157049,345674
2011-04-28,0.35,131624,381400,513024
2011-04-29,0.52,91056,174591,265647
2011-05-02,0.51,61354,121012,182366
2011-05-03,0.39,89886,228894,318780
2011-05-04,0.87,172302,196991,369293
2011-05-05,1.36,257257,188946,446203
2011-05-06,0.41,110505,271902,382407
2011-05-09,0.17,41952,246092,288044
2011-05-10,0.52,151099,288404,439503
2011-05-11,0.29,55188,189727,244915
2011-05-12,0.22,60970,274935,335905
2011-05-13,0.15,42223,281770,323993
2011-05-16,0.5,151606,301123,452729
2011-05-17,0.38,125807,334293,460100
2011-05-18,0.62,178995,289343,468338
2011-05-19,0.49,168335,345575,513910
2011-05-20,0.32,80858,252675,333533
2011-05-23,0.37,63521,171916,235437
2011-05-24,0.26,48669,184538,233207
2011-05-25,0.33,50107,151801,201908
2011-05-26,0.56,90659,161274,251933
2011-05-27,0.19,54370,280228,334598
2011-05-31,0.25,92437,362767,455204
2011-06-01,0.68,113719,168148,281867
2011-06-02,0.33,55505,169818,225323
2011-06-03,1.59,174014,109661,283675
2011-06-06,0.3,43091,141854,184945
2011-06-07,0.69,102066,147482,249548
2011-06-08,0.2,71730,350649,422379
2011-06-09,0.27,49478,185742,235220
2011-06-10,0.19,61608,331782,393390
2011-06-13,0.35,106371,303180,409551
2011-06-14,0.76,257330,337597,594927
2011-06-15,0.24,134549,550659,685208
2011-06-16,0.29,216089,743518,959607
2011-06-17,0.29,103945,357785,461730
2011-06-20,0.47,85906,181823,267729
2011-06-21,0.28,54613,197839,252452
2011-06-22,0.4,127311,317746,445057
2011-06-23,0.42,105524,253729,359253
2011-06-24,0.71,91114,129130,220244
2011-06-27,0.08,37652,448071,485723
2011-06-28,0.31,60903,194807,255710
2011-06-29,0.45,123558,273769,397327
2011-06-30,0.44,133319,300487,433806
2011-07-01,0.87,256016,294420,550436
2011-07-05,0.91,153109,167367,320476
2011-07-06,0.41,65315,159747,225062
2011-07-07,0.6,103443,172226,275669
2011-07-08,0.42,78901,188447,267348
2011-07-11,0.34,116093,340546,456639
2011-07-12,0.35,119253,340324,459577
2011-07-13,0.53,108896,204307,313203
2011-07-14,0.28,137265,489754,627019
2011-07-15,0.66,183003,277817,460820
2011-07-18,0.4,145271,365076,510347
2011-07-19,0.29,153751,524331,678082
2011-07-20,0.16,77453,478058,555511
2011-07-21,0.2,94907,483746,578653
2011-07-22,0.32,103732,322204,425936
2011-07-25,0.16,30548,190675,221223
2011-07-26,0.32,97461,300261,397722
2011-07-27,0.34,131267,384952,516219
2011-07-28,0.69,202980,293039,496019
2011-07-29,0.43,163037,382369,545406
2011-08-01,0.42,149678,358612,508290
2011-08-02,0.3,144240,486559,630799
2011-08-03,0.63,172364,273730,446094
2011-08-04,0.25,193061,777704,970765
2011-08-05,0.3,278107,916978,1195085
2011-08-08,0.44,282206,648024,930230
2011-08-09,0.57,338131,591344,929475
2011-08-10,0.92,331704,361173,692877
2011-08-11,1.03,329646,320946,650592
2011-08-12,0.63,207895,328727,536622
2011-08-15,0.83,203598,244257,447855
2011-08-16,0.45,228500,502461,730961
2011-08-17,0.82,235210,285777,520987
2011-08-18,0.66,290818,443871,734689
2011-08-19,0.6,198004,331912,529916
2011-08-22,0.8,154681,193026,347707
2011-08-23,0.53,162733,307180,469913
2011-08-24,0.97,134281,137950,272231
2011-08-25,1.43,271796,189817,461613
2011-08-26,1.34,351519,262543,614062
2011-08-29,0.58,96687,165466,262153
2011-08-30,0.59,66722,112891,179613
2011-08-31,0.81,230851,285723,516574
2011-09-01,0.4,101831,256205,358036
2011-09-02,0.89,116525,131056,247581
2011-09-06,1.1,242936,220970,463906
2011-09-07,0.22,87503,390083,477586
2011-09-08,0.93,145596,156880,302476
2011-09-09,0.54,157084,291485,448569
2011-09-12,0.52,165308,320497,485805
2011-09-13,0.49,134841,275462,410303
2011-09-14,0.8,171991,214262,386253
2011-09-15,0.97,187078,193355,380433
2011-09-16,0.63,241882,385543,627425
2011-09-19,0.49,155622,319872,475494
2011-09-20,0.79,188525,237255,425780
2011-09-21,0.87,208804,240198,449002
2011-09-22,0.53,222117,421109,643226
2011-09-23,2.03,231935,114457,346392
2011-09-26,3.09,202994,65777,268771
2011-09-27,0.85,88722,104138,192860
2011-09-28,1.73,153019,88440,241459
2011-09-29,1.01,106287,105453,211740
2011-09-30,0.9,212568,236563,449131
2011-10-03,0.87,197791,228527,426318
2011-10-04,0.76,188400,247034,435434
2011-10-05,1.02,174674,170766,345440
2011-10-06,0.91,108893,120216,229109
2011-10-07,1.15,137770,119936,257706
2011-10-10,0.93,120197,128743,248940
2011-10-11,2.71,432469,159787,592256
2011-10-12,2.09,395450,189272,584722
2011-10-13,0.57,95052,166548,261600
2011-10-14,0.72,210156,291834,501990
2011-10-17,0.47,103875,219781,323656
2011-10-18,0.58,143504,246190,389694
2011-10-19,0.62,94273,153122,247395
2011-10-20,1.72,222557,129383,351940
2011-10-21,0.81,178786,221447,400233
2011-10-24,0.71,146822,207856,354678
2011-10-25,1.05,152487,145020,297507
2011-10-26,1.33,146258,109628,255886
2011-10-27,0.94,453900,484485,938385
2011-10-28,1.62,293322,181054,474376
2011-10-31,0.59,97845,164654,262499
2011-11-01,0.95,285321,300826,586147
2011-11-02,0.96,171304,179087,350391
2011-11-03,0.72,107466,148586,256052
2011-11-04,0.31,40476,130162,170638
2011-11-07,0.59,62330,105137,167467
2011-11-08,0.89,177913,199511,377424
2011-11-09,0.62,199745,320592,520337
2011-11-10,1.03,173357,168534,341891
2011-11-11,0.47,121243,260634,381877
2011-11-14,1.35,212944,157535,370479
2011-11-15,0.59,151714,258769,410483
2011-11-16,1.15,178049,155214,333263
2011-11-17,0.44,125539,283856,409395
2011-11-18,0.23,125906,551281,677187
2011-11-21,0.62,53666,87097,140763
2011-11-22,0.71,62193,88194,150387
2011-11-23,1.18,99125,83916,183041
2011-11-25,1.0,59059,58914,117973
2011-11-28,0.32,44621,139142,183763
2011-11-29,0.62,53375,86534,139909
2011-11-30,0.42,132740,314859,447599
2011-12-01,0.72,130704,180636,311340
2011-12-02,0.61,139526,228624,368150
2011-12-05,0.45,69469,152778,222247
2011-12-06,0.13,31237,235220,266457
2011-12-07,0.56,81464,144851,226315
2011-12-08,0.55,74598,134558,209156
2011-12-09,1.49,192107,128773,320880
2011-12-12,0.74,105515,142978,248493
2011-12-13,1.18,173267,146971,320238
2011-12-14,0.29,62871,214234,277105
2011-12-15,1.16,144527,124791,269318
2011-12-16,0.97,212172,219207,431379
2011-12-19,0.5,89033,179795,268828
2011-12-20,1.12,195841,175119,370960
2011-12-21,0.58,123213,213014,336227
2011-12-22,0.47,79663,169665,249328
2011-12-23,0.51,36717,71353,108070
2011-12-27,0.35,14798,42351,57149
2011-12-28,0.23,36536,157112,193648
2011-12-29,0.51,14282,27987,42269
2011-12-30,0.89,30541,34192,64733
2012-01-03,0.26,57791,222451,280242
2012-01-04,0.68,120502,176896,297398
2012-01-05,0.52,144189,279764,423953
2012-01-06,1.67,284698,170540,455238
2012-01-09,0.7,86497,124037,210534
2012-01-10,0.6,190516,317490,508006
2012-01-11,0.49,67570,138995,206565
2012-01-12,0.78,169223,217565,386788
2012-01-13,0.13,84475,661152,745627
2012-01-17,0.97,198698,203883,402581
2012-01-18,0.44,132684,300060,432744
2012-01-19,0.92,220802,240287,461089
2012-01-20,0.87,215989,249444,465433
2012-01-23,1.32,265456,200779,466235
2012-01-24,0.34,68253,199167,267420
2012-01-25,0.2,77215,386257,463472
2012-01-26,0.72,129109,179875,308984
2012-01-27,0.45,65699,144713,210412
2012-01-30,0.36,47972,134559,182531
2012-01-31,0.57,84907,148275,233182
2012-02-01,0.33,108096,326251,434347
2012-02-02,0.96,191224,200050,391274
2012-02-03,0.43,188092,433911,622003
2012-02-06,0.64,107586,167877,275463
2012-02-07,0.22,134888,604790,739678
2012-02-08,0.67,207442,311266,518708
2012-02-09,0.69,116980,168511,285491
2012-02-10,0.51,216696,426980,643676
2012-02-13,0.73,176730,241843,418573
2012-02-14,0.94,300861,321586,622447
2012-02-15,0.33,106518,318519,425037
2012-02-16,0.9,235462,262538,498000
2012-02-17,0.49,115054,232538,347592
2012-02-21,0.64,157471,245930,403401
2012-02-22,0.48,166642,346162,512804
2012-02-23,0.63,199123,314398,513521
2012-02-24,1.22,216153,176905,393058
2012-02-27,0.29,62253,217424,279677
2012-02-28,0.55,75986,139342,215328
2012-02-29,1.28,301320,236055,537375
2012-03-01,0.76,103079,136063,239142
2012-03-02,0.71,203548,286536,490084
2012-03-05,0.4,74016,185560,259576
2012-03-06,0.78,184048,234658,418706
2012-03-07,1.07,206418,193200,399618
2012-03-08,0.78,135779,173405,309184
2012-03-09,1.38,273264,198286,471550
2012-03-12,0.7,123464,176122,299586
2012-03-13,1.21,245869,203064,448933
2012-03-14,0.49,209637,425426,635063
2012-03-15,0.41,89825,219101,308926
2012-03-16,1.72,243416,141920,385336
2012-03-19,0.85,282893,330905,613798
2012-03-20,0.64,211614,329224,540838
2012-03-21,0.82,508840,619280,1128120
2012-03-22,1.25,187574,150407,337981
2012-03-23,0.96,231940,242736,474676
2012-03-26,1.23,374045,303062,677107
2012-03-27,1.1,330065,300755,630820
2012-03-28,0.75,188220,251005,439225
2012-03-29,0.79,164324,206955,371279
2012-03-30,0.47,103850,219212,323062
2012-04-02,0.59,122330,207901,330231
2012-04-03,1.55,224922,145076,369998
2012-04-04,0.62,131513,213396,344909
2012-04-05,0.72,231096,321791,552887
2012-04-09,0.67,94711,140921,235632
2012-04-10,0.4,159760,399956,559716
2012-04-11,0.68,229609,337518,567127
2012-04-12,0.94,274497,293383,567880
2012-04-13,0.43,163403,384091,547494
2012-04-16,0.95,215144,226921,442065
2012-04-17,0.6,252910,420894,673804
2012-04-18,0.43,130614,300979,431593
2012-04-19,0.6,113269,188739,302008
2012-04-20,0.24,58217,240402,298619
2012-04-23,0.48,62200,129279,191479
2012-04-24,0.43,75443,175968,251411
2012-04-25,0.76,124950,163524,288474
2012-04-26,0.39,96863,246482,343345
2012-04-27,0.38,74690,196125,270815
2012-04-30,0.54,200811,372065,572876
2012-05-01,0.92,215070,232698,447768
2012-05-02,0.25,78038,310189,388227
2012-05-03,0.6,136625,227576,364201
2012-05-04,0.36,90882,250258,341140
2012-05-07,0.32,77078,237747,314825
2012-05-08,0.58,170164,291341,461505
2012-05-09,0.6,156097,259017,415114
2012-05-10,0.81,137039,168573,305612
2012-05-11,0.65,122124,186746,308870
2012-05-14,0.52,174040,337113,511153
2012-05-15,0.41,199834,482306,682140
2012-05-16,0.23,130017,572769,702786
2012-05-17,0.57,156993,275163,432156
2012-05-18,0.67,221109,331551,552660
2012-05-21,0.66,177287,268807,446094
2012-05-22,0.65,213956,331656,545612
2012-05-23,0.37,130404,349136,479540
2012-05-24,0.58,261899,453386,715285
2012-05-25,1.64,240597,146438,387035
2012-05-29,0.49,107535,220053,327588
2012-05-30,0.18,42026,236009,278035
2012-05-31,0.42,130123,309376,439499
2012-06-01,0.28,95012,344495,439507
2012-06-04,0.32,105720,326677,432397
2012-06-05,0.46,95147,206820,301967
2012-06-06,0.69,263208,378747,641955
2012-06-07,0.66,247800,376183,623983
2012-06-08,0.4,93308,234616,327924
2012-06-11,0.25,106099,432040,538139
2012-06-12,0.72,139189,192778,331967
2012-06-13,0.85,137537,161190,298727
2012-06-14,0.65,174864,267014,441878
2012-06-15,1.23,376689,306314,683003
2012-06-18,1.3,450941,347319,798260
2012-06-19,0.85,381318,450526,831844
2012-06-20,0.29,102535,350754,453289
2012-06-21,0.53,144687,272308,416995
2012-06-22,0.51,72743,143619,216362
2012-06-25,0.83,118976,142544,261520
2012-06-26,0.65,81168,125117,206285
2012-06-27,0.73,72938,99415,172353
2012-06-28,0.15,35879,241628,277507
2012-06-29,0.85,182156,215490,397646
2012-07-02,0.8,129608,162535,292143
2012-07-03,0.88,134192,152998,287190
2012-07-05,0.3,71122,239664,310786
2012-07-06,0.3,53075,174822,227897
2012-07-09,0.43,112544,260619,373163
2012-07-10,0.44,96432,220760,317192
2012-07-11,0.38,115955,305867,421822
2012-07-12,0.73,321317,439697,761014
2012-07-13,1.15,202804,175846,378650
2012-07-16,0.57,98431,173878,272309
2012-07-17,0.48,195174,410379,605553
2012-07-18,0.41,184926,455238,640164
2012-07-19,0.31,108069,354141,462210
2012-07-20,0.25,66321,267523,333844
2012-07-23,0.27,68808,258692,327500
2012-07-24,0.19,72199,374559,446758
2012-07-25,0.31,74891,240818,315709
2012-07-26,0.62,72169,116543,188712
2012-07-27,0.72,124484,172597,297081
2012-07-30,0.29,58478,200397,258875
2012-07-31,0.43,50642,116483,167125
2012-08-01,1.09,103852,95279,199131
2012-08-02,0.61,97990,160462,258452
2012-08-03,0.93,282072,303946,586018
2012-08-06,0.57,290675,506019,796694
2012-08-07,0.32,65590,204941,270531
2012-08-08,0.29,52194,178880,231074
2012-08-09,0.55,127669,231730,359399
2012-08-10,0.56,72810,130767,203577
2012-08-13,0.32,155244,488597,643841
2012-08-14,0.56,163920,293445,457365
2012-08-15,0.22,57083,260952,318035
2012-08-16,0.76,204091,268073,472164
2012-08-17,0.53,154424,292313,446737
2012-08-20,0.83,163713,198226,361939
2012-08-21,0.61,178124,293519,471643
2012-08-22,0.64,259370,406310,665680
2012-08-23,0.6,121861,204278,326139
2012-08-24,0.31,60569,194729,255298
2012-08-27,0.44,60928,139035,199963
2012-08-28,0.44,57715,129948,187663
2012-08-29,0.52,81052,154972,236024
2012-08-30,0.82,134768,165027,299795
2012-08-31,0.92,116239,126494,242733
2012-09-04,0.74,108451,147317,255768
2012-09-05,0.36,87510,243054,330564
2012-09-06,0.87,315652,361210,676862
2012-09-07,0.54,369211,679567,1048778
2012-09-10,0.2,97804,494132,591936
2012-09-11,0.47,392015,829388,1221403
2012-09-12,0.4,156046,390397,546443
2012-09-13,0.74,287214,385815,673029
2012-09-14,0.73,255680,350376,606056
2012-09-17,1.0,163282,163300,326582
2012-09-18,0.84,245770,294126,539896
2012-09-19,0.27,167038,618995,786033
2012-09-20,0.32,128242,400077,528319
2012-09-21,0.42,118508,281500,400008
2012-09-24,0.26,79431,305062,384493
2012-09-25,0.53,175426,328016,503442
2012-09-26,0.5,173932,349229,523161
2012-09-27,0.37,103678,277970,381648
2012-09-28,0.27,111151,418235,529386
2012-10-01,0.42,83797,197645,281442
2012-10-02,0.48,78759,163739,242498
2012-10-03,0.67,192849,286760,479609
2012-10-04,0.48,93779,194692,288471
2012-10-05,0.38,127659,331823,459482
2012-10-08,0.82,119340,144961,264301
2012-10-09,0.55,173806,317137,490943
2012-10-10,0.49,188005,384853,572858
2012-10-11,0.42,108230,255185,363415
2012-10-12,0.53,155160,291906,447066
2012-10-15,0.23,115764,502472,618236
2012-10-16,0.64,236680,372275,608955
2012-10-17,0.4,326904,826439,1153343
2012-10-18,0.44,189723,434423,624146
2012-10-19,0.6,185931,308043,493974
2012-10-22,0.37,80988,216282,297270
2012-10-23,0.56,165073,294276,459349
2012-10-24,0.34,71036,206582,277618
2012-10-25,0.19,105364,553777,659141
2012-10-26,0.56,61421,110301,171722
2012-10-31,0.5,123101,246723,369824
2012-11-01,0.63,135649,216292,351941
2012-11-02,0.27,118271,446142,564413
2012-11-05,0.48,137555,285303,422858
2012-11-06,0.49,100923,205195,306118
2012-11-07,0.61,133120,216567,349687
2012-11-08,0.41,91847,225558,317405
2012-11-09,0.44,93181,212155,305336
2012-11-12,0.65,193646,296916,490562
2012-11-13,0.25,150776,598965,749741
2012-11-14,0.34,132036,384507,516543
2012-11-15,0.47,146736,312072,458808
2012-11-16,0.41,185732,447903,633635
2012-11-19,0.57,406805,707825,1114630
2012-11-20,1.47,375892,256401,632293
2012-11-21,0.54,264119,491583,755702
2012-11-23,0.64,101916,158701,260617
2012-11-26,0.21,164201,776573,940774
2012-11-27,0.55,196397,358908,555305
2012-11-28,0.44,106340,241954,348294
2012-11-29,0.92,354294,386966,741260
2012-11-30,0.69,117294,170899,288193
2012-12-03,0.35,165586,475641,641227
2012-12-04,0.43,118696,277128,395824
2012-12-05,0.4,105359,261188,366547
2012-12-06,0.69,108379,157796,266175
2012-12-07,0.34,125248,372214,497462
2012-12-10,0.48,126439,263419,389858
2012-12-11,0.44,143180,327174,470354
2012-12-12,0.98,295912,302469,598381
2012-12-13,0.57,186670,327572,514242
2012-12-14,0.53,196529,371073,567602
2012-12-17,0.43,110485,255492,365977
2012-12-18,0.81,376300,464718,841018
2012-12-19,0.47,165623,354488,520111
2012-12-20,0.59,201354,339180,540534
2012-12-21,0.73,215936,296330,512266
2012-12-24,0.46,27461,59304,86765
2012-12-26,0.6,64075,107361,171436
2012-12-27,0.79,272606,344683,617289
2012-12-28,0.87,221619,254480,476099
2012-12-31,0.71,321185,452485,773670
2013-01-02,0.87,450882,520210,971092
2013-01-03,0.8,377259,474415,851674
2013-01-04,0.55,239099,434221,673320
2013-01-07,0.68,323353,474970,798323
2013-01-08,0.38,202399,538688,741087
2013-01-09,0.59,215517,364032,579549
2013-01-10,0.31,148807,482447,631254
2013-01-11,0.17,120612,709584,830196
2013-01-14,0.46,149268,324811,474079
2013-01-15,0.88,351125,399149,750274
2013-01-16,0.35,221285,637523,858808
2013-01-17,0.45,168432,374942,543374
2013-01-18,0.38,220504,586488,806992
2013-01-22,0.79,377522,479681,857203
2013-01-23,0.51,254512,495233,749745
2013-01-24,0.43,255091,590832,845923
2013-01-25,0.46,123295,265335,388630
2013-01-28,0.46,93110,203560,296670
2013-01-29,0.51,138366,269813,408179
2013-01-30,0.45,152090,334553,486643
2013-01-31,0.34,188146,548849,736995
2013-02-01,0.42,145687,345170,490857
2013-02-04,0.8,163226,203038,366264
2013-02-05,0.31,79866,255118,334984
2013-02-06,0.87,212747,244647,457394
2013-02-07,0.52,98795,190138,288933
2013-02-08,0.64,147576,229736,377312
2013-02-11,0.58,92118,158117,250235
2013-02-12,0.75,300258,400278,700536
2013-02-13,0.26,153456,594100,747556
2013-02-14,0.28,140156,499504,639660
2013-02-15,0.35,110091,318106,428197
2013-02-19,0.76,243000,320925,563925
2013-02-20,0.5,209608,416369,625977
2013-02-21,0.83,334473,404066,738539
2013-02-22,0.63,137824,220073,357897
2013-02-25,0.49,211740,435809,647549
2013-02-26,0.47,446187,944400,1390587
2013-02-27,0.74,297328,400560,697888
2013-02-28,0.4,117845,295625,413470
2013-03-01,0.53,175957,331849,507806
2013-03-04,0.65,125541,194391,319932
2013-03-05,0.5,105080,210115,315195
2013-03-06,0.26,124579,483115,607694
2013-03-07,0.6,92558,153561,246119
2013-03-08,0.61,284145,462358,746503
2013-03-11,0.76,317238,415472,732710
2013-03-12,0.57,167057,292749,459806
2013-03-13,0.32,130621,407259,537880
2013-03-14,0.4,252163,630418,882581
2013-03-15,0.42,140649,334696,475345
2013-03-18,0.54,323172,602387,925559
2013-03-19,0.45,432741,959880,1392621
2013-03-20,0.24,263178,1086217,1349395
2013-03-21,0.27,166928,608947,775875
2013-03-22,0.41,253599,617291,870890
2013-03-25,0.27,179948,670051,849999
2013-03-26,0.3,117691,385922,503613
2013-03-27,0.31,108367,347256,455623
2013-03-28,0.25,60887,245939,306826
2013-04-01,0.31,58216,189323,247539
2013-04-02,0.36,153965,426261,580226
2013-04-03,0.56,200940,358260,559200
2013-04-04,0.84,261413,310644,572057
2013-04-05,0.38,142315,376613,518928
2013-04-08,0.5,122452,246709,369161
2013-04-09,0.17,121994,715929,837923
2013-04-10,0.57,208587,364483,573070
2013-04-11,0.34,118353,344571,462924
2013-04-12,0.77,228091,296677,524768
2013-04-15,0.48,450898,940375,1391273
2013-04-16,0.41,338307,817483,1155790
2013-04-17,0.54,335528,622723,958251
2013-04-18,0.85,329250,385409,714659
2013-04-19,0.61,136560,223493,360053
2013-04-22,0.44,79547,180147,259694
2013-04-23,0.61,230974,380598,611572
2013-04-24,0.39,133040,342255,475295
2013-04-25,0.7,103321,147845,251166
2013-04-26,0.3,60749,202808,263557
2013-04-29,0.46,70853,153560,224413
2013-04-30,0.32,108306,341451,449757
2013-05-01,0.38,81688,216033,297721
2013-05-02,0.36,121504,336483,457987
2013-05-03,0.61,138239,227456,365695
2013-05-06,0.58,146309,251890,398199
2013-05-07,0.84,152713,180867,333580
2013-05-08,0.52,105872,203739,309611
2013-05-09,0.5,133747,265462,399209
2013-05-10,0.11,70488,626757,697245
2013-05-13,0.43,78453,181366,259819
2013-05-14,0.78,153004,196564,349568
2013-05-15,0.37,166057,450384,616441
2013-05-16,1.1,255510,231520,487030
2013-05-17,0.54,279218,518518,797736
2013-05-20,0.51,205243,406339,611582
2013-05-21,0.61,359135,589955,949090
2013-05-22,0.56,282821,505918,788739
2013-05-23,0.41,159858,389592,549450
2013-05-24,1.12,213648,191593,405241
2013-05-28,0.61,156373,254441,410814
2013-05-29,0.29,142191,488070,630261
2013-05-30,0.33,77287,234010,311297
2013-05-31,0.75,169299,224818,394117
2013-06-03,0.64,232551,364234,596785
2013-06-04,0.99,213083,215758,428841
2013-06-05,0.91,343597,376595,720192
2013-06-06,1.04,370357,354899,725256
2013-06-07,0.78,249850,318531,568381
2013-06-10,0.75,208736,276626,485362
2013-06-11,0.37,196304,531988,728292
2013-06-12,0.61,259883,428533,688416
2013-06-13,0.77,290757,377136,667893
2013-06-14,0.98,354484,361653,716137
2013-06-17,0.75,357204,474428,831632
2013-06-18,0.61,262402,426805,689207
2013-06-19,0.67,310286,464077,774363
2013-06-20,0.64,297690,468393,766083
2013-06-21,0.66,196333,297559,493892
2013-06-24,0.75,141010,188897,329907
2013-06-25,1.02,197564,193297,390861
2013-06-26,0.27,106638,395966,502604
2013-06-27,0.58,169395,293049,462444
2013-06-28,0.75,163334,216486,379820
2013-07-01,0.49,133500,273419,406919
2013-07-02,0.88,129897,147010,276907
2013-07-03,0.82,110247,133877,244124
2013-07-05,0.81,159677,197553,357230
2013-07-08,0.65,391067,602527,993594
2013-07-09,0.84,347191,411138,758329
2013-07-10,0.65,197361,305223,502584
2013-07-11,1.73,341573,197568,539141
2013-07-12,0.24,121142,502989,624131
2013-07-15,0.7,299173,429048,728221
2013-07-16,0.68,257252,379560,636812
2013-07-17,0.66,247413,372787,620200
2013-07-18,0.5,209266,418299,627565
2013-07-19,0.45,122005,271844,393849
2013-07-22,0.43,67334,158335,225669
2013-07-23,0.51,131320,255172,386492
2013-07-24,0.48,80072,165239,245311
2013-07-25,0.75,155417,207430,362847
2013-07-26,0.52,99064,191591,290655
2013-07-29,0.31,43051,137763,180814
2013-07-30,0.34,69166,201856,271022
2013-07-31,0.59,211656,360803,572459
2013-08-01,0.64,147873,229838,377711
2013-08-02,0.59,202096,340687,542783
2013-08-05,0.52,173336,334984,508320
2013-08-06,0.2,229155,1122022,1351177
2013-08-07,0.62,187991,305505,493496
2013-08-08,0.43,153169,355111,508280
2013-08-09,0.28,58409,205056,263465
2013-08-12,0.32,90680,280661,371341
2013-08-13,0.56,186298,331556,517854
2013-08-14,0.35,122040,348415,470455
2013-08-15,0.39,284110,721773,1005883
2013-08-16,0.37,160662,434777,595439
2013-08-19,0.93,285181,308101,593282
2013-08-20,0.36,201556,560788,762344
2013-08-21,0.3,210299,705327,915626
2013-08-22,0.3,63939,214742,278681
2013-08-23,0.26,45621,173490,219111
2013-08-26,0.57,144127,252367,396494
2013-08-27,0.75,278196,369623,647819
2013-08-28,0.77,161242,209258,370500
2013-08-29,0.5,134587,269240,403827
2013-08-30,0.4,112984,281918,394902
2013-09-03,0.27,139513,508851,648364
2013-09-04,0.27,126208,462173,588381
2013-09-05,0.32,92423,287606,380029
2013-09-06,0.49,140244,283886,424130
2013-09-09,0.24,112084,470099,582183
2013-09-10,0.22,143281,656941,800222
2013-09-11,0.68,241652,354634,596286
2013-09-12,0.29,119137,413339,532476
2013-09-13,0.31,121995,397753,519748
2013-09-16,0.57,131990,230139,362129
2013-09-17,0.52,295999,574508,870507
2013-09-18,0.72,331478,461742,793220
2013-09-19,0.37,128374,345229,473603
2013-09-20,0.68,223170,325995,549165
2013-09-23,0.55,123713,225404,349117
2013-09-24,0.74,167486,226023,393509
2013-09-25,0.46,115050,251697,366747
2013-09-26,0.3,65174,214965,280139
2013-09-27,0.37,170476,466838,637314
2013-09-30,0.46,261155,569509,830664
2013-10-01,0.4,160200,401122,561322
2013-10-02,0.35,221913,637051,858964
2013-10-03,0.63,533978,846487,1380465
2013-10-04,0.66,323297,488684,811981
2013-10-07,0.46,203215,442435,645650
2013-10-08,0.56,639100,1143229,1782329
2013-10-09,0.79,616502,779844,1396346
2013-10-10,0.59,445421,757242,1202663
2013-10-11,0.5,202667,401680,604347
2013-10-14,0.66,329304,501132,830436
2013-10-15,0.52,382159,732099,1114258
2013-10-16,0.65,489178,752563,1241741
2013-10-17,0.63,325736,513014,838750
2013-10-18,0.42,318354,761140,1079494
2013-10-21,0.67,137851,206688,344539
2013-10-22,0.79,126245,159373,285618
2013-10-23,0.58,112216,192247,304463
2013-10-24,0.52,84960,162829,247789
2013-10-25,0.8,87497,109574,197071
2013-10-28,0.2,26353,135083,161436
2013-10-29,0.56,156820,280511,437331
2013-10-30,0.53,136022,256656,392678
2013-10-31,0.8,116161,144954,261115
2013-11-01,0.17,28959,171443,200402
2013-11-04,0.36,126349,353383,479732
2013-11-05,0.33,129351,388453,517804
2013-11-06,0.73,155217,211767,366984
2013-11-07,0.23,125826,542144,667970
2013-11-08,0.37,74048,198471,272519
2013-11-11,0.6,124822,209029,333851
2013-11-12,0.57,101353,176817,278170
2013-11-13,0.32,114591,353935,468526
2013-11-14,0.8,340004,425507,765511
2013-11-15,0.52,168871,323393,492264
2013-11-18,0.54,239705,442086,681791
2013-11-19,0.37,238308,637692,876000
2013-11-20,0.43,198028,463128,661156
2013-11-21,0.71,327246,463861,791107
2013-11-22,1.43,380983,266830,647813
2013-11-25,0.51,93395,183419,276814
2013-11-26,0.17,43780,257866,301646
2013-11-27,0.33,76928,235943,312871
2013-11-29,0.66,36171,54506,90677
2013-12-02,0.31,102545,325830,428375
2013-12-03,0.45,170066,380371,550437
2013-12-04,0.54,127705,238192,365897
2013-12-05,0.46,112128,244017,356145
2013-12-06,0.47,110738,234507,345245
2013-12-09,1.33,169796,127191,296987
2013-12-10,0.32,88044,279099,367143
2013-12-11,0.82,288175,353563,641738
2013-12-12,0.28,149894,528501,678395
2013-12-13,0.39,158875,402533,561408
2013-12-16,0.38,156309,407149,563458
2013-12-17,0.72,332035,462538,794573
2013-12-18,0.46,208870,451106,659976
2013-12-19,0.47,230532,487299,717831
2013-12-20,0.31,122165,399573,521738
2013-12-23,0.23,87891,377547,465438
2013-12-24,0.22,68926,314590,383516
2013-12-26,0.35,124794,358689,483483
2013-12-27,0.23,56547,243085,299632
2013-12-30,0.28,112183,398664,510847
2013-12-31,0.28,83394,298000,381394
2014-01-02,0.28,75987,269163,345150
2014-01-03,0.4,65354,164089,229443
2014-01-06,0.27,118157,431023,549180
2014-01-07,0.29,130813,448379,579192
2014-01-08,0.28,108599,381371,489970
2014-01-09,0.37,277950,753695,1031645
2014-01-10,0.39,131269,338280,469549
2014-01-13,0.26,241979,936474,1178453
2014-01-14,0.37,203085,550930,754015
2014-01-15,0.28,88688,322396,411084
2014-01-16,0.22,86691,402437,489128
2014-01-17,0.28,228637,816323,1044960
2014-01-21,0.41,236764,583465,820229
2014-01-22,0.48,267343,552531,819874
2014-01-23,0.24,153474,633906,787380
2014-01-24,0.44,494579,1127220,1621799
2014-01-27,0.4,360603,890654,1251257
2014-01-28,0.52,257194,492285,749479
2014-01-29,0.7,267499,383693,651192
2014-01-30,0.73,291634,396948,688582
2014-01-31,0.31,396190,1288282,1684472
2014-02-03,0.29,532546,1850206,2382752
2014-02-04,0.69,464272,668169,1132441
2014-02-05,0.59,383723,652432,1036155
2014-02-06,0.57,427506,751494,1179000
2014-02-07,0.38,373894,987088,1360982
2014-02-10,0.74,245561,329733,575294
2014-02-11,0.57,406599,711223,1117822
2014-02-12,0.63,233710,372724,606434
2014-02-13,0.58,189208,328476,517684
2014-02-14,0.63,314069,502469,816538
2014-02-18,0.55,379634,693276,1072910
2014-02-19,0.22,156367,695909,852276
2014-02-20,0.33,191158,576977,768135
2014-02-21,0.21,80413,391344,471757
2014-02-24,0.33,114698,351069,465767
2014-02-25,0.29,102024,348066,450090
2014-02-26,0.3,92978,311649,404627
2014-02-27,0.34,80555,237666,318221
2014-02-28,0.39,210478,540845,751323
2014-03-03,0.36,285621,804451,1090072
2014-03-04,0.37,141993,386860,528853
2014-03-05,0.5,110944,220437,331381
2014-03-06,0.63,158133,249492,407625
2014-03-07,0.3,133806,452503,586309
2014-03-10,0.31,239012,760113,999125
2014-03-11,0.3,127507,431384,558891
2014-03-12,0.33,108288,332966,441254
2014-03-13,0.59,455523,777662,1233185
2014-03-14,0.19,292750,1544508,1837258
2014-03-17,0.57,385000,678998,1063998
2014-03-18,0.21,177152,828285,1005437
2014-03-19,0.38,184477,488325,672802
2014-03-20,0.5,151566,304658,456224
2014-03-21,0.26,71995,272806,344801
2014-03-24,0.7,125233,178472,303705
2014-03-25,0.39,157179,405913,563092
2014-03-26,0.5,203138,409533,612671
2014-03-27,0.48,112966,237204,350170
2014-03-28,0.24,99095,406511,505606
2014-03-31,0.47,112857,239698,352555
2014-04-01,1.31,477619,365936,843555
2014-04-02,0.28,183945,655549,839494
2014-04-03,0.7,174919,251459,426378
2014-04-04,0.17,125137,717025,842162
2014-04-07,0.35,184084,521978,706062
2014-04-08,0.46,133584,287762,421346
2014-04-09,0.43,132271,308989,441260
2014-04-10,0.31,181049,577126,758175
2014-04-11,0.35,267065,765341,1032406
2014-04-14,0.23,285595,1239087,1524682
2014-04-15,0.35,300785,850623,1151408
2014-04-16,0.31,107582,350487,458069
2014-04-17,0.4,135079,340924,476003
2014-04-21,0.31,66028,212901,278929
2014-04-22,0.33,170210,523282,693492
2014-04-23,0.44,60009,135164,195173
2014-04-24,0.43,85091,199081,284172
2014-04-25,0.26,69956,269162,339118
2014-04-28,0.36,81661,223967,305628
2014-04-29,0.63,66491,104837,171328
2014-04-30,0.26,103300,393002,496302
2014-05-01,0.25,127392,501581,628973
2014-05-02,0.27,102389,376065,478454
2014-05-05,0.3,55014,184601,239615
2014-05-06,0.15,51438,340114,391552
2014-05-07,0.3,82705,278013,360718
2014-05-08,0.4,142009,357172,499181
2014-05-09,0.27,122515,457996,580511
2014-05-12,0.18,227751,1284815,1512566
2014-05-13,0.6,268931,451699,720630
2014-05-14,0.68,208048,304023,512071
2014-05-15,0.38,179785,477328,657113
2014-05-16,0.33,180402,551606,732008
2014-05-19,0.42,97678,232073,329751
2014-05-20,0.59,360126,607924,968050
2014-05-21,0.26,258967,1014573,1273540
2014-05-22,0.44,178652,407451,586103
2014-05-23,0.15,78054,504761,582815
2014-05-27,0.28,87539,316590,404129
2014-05-28,0.36,132979,365601,498580
2014-05-29,0.35,114571,331616,446187
2014-05-30,0.32,82659,258141,340800
2014-06-02,0.58,159111,276048,435159
2014-06-03,0.49,86343,174445,260788
2014-06-04,0.23,95149,407346,502495
2014-06-05,0.4,360121,893783,1253904
2014-06-06,0.71,362206,509824,872030
2014-06-09,0.63,183500,292531,476031
2014-06-10,0.22,102128,455127,557255
2014-06-11,0.36,158111,445095,603206
2014-06-12,0.35,247147,706146,953293
2014-06-13,0.25,184167,743531,927698
2014-06-16,0.29,177347,607218,784565
2014-06-17,0.43,234779,547309,782088
2014-06-18,0.32,262484,808297,1070781
2014-06-19,0.29,159350,556005,715355
2014-06-20,0.12,62363,508804,571167
2014-06-23,0.1,33136,329632,362768
2014-06-24,0.25,105771,415566,521337
2014-06-25,0.36,80897,222201,303098
2014-06-26,0.27,78018,290575,368593
2014-06-27,0.21,35866,172680,208546
2014-06-30,0.4,101471,252309,353780
2014-07-01,0.43,124083,287891,411974
2014-07-02,0.3,87055,291555,378610
2014-07-03,0.63,105111,166060,271171
2014-07-07,0.35,81541,230735,312276
2014-07-08,0.32,289645,901491,1191136
2014-07-09,0.31,92659,297277,389936
2014-07-10,0.45,177719,395626,573345
2014-07-11,0.3,122656,410911,533567
2014-07-14,0.68,322774,471570,794344
2014-07-15,0.45,322839,713170,1036009
2014-07-16,0.32,160818,505106,665924
2014-07-17,0.19,183912,965452,1149364
2014-07-18,0.26,113323,438783,552106
2014-07-21,0.15,45545,308923,354468
2014-07-22,0.35,52605,150239,202844
2014-07-23,0.27,53685,199571,253256
2014-07-24,0.63,60016,95998,156014
2014-07-25,0.26,54250,210236,264486
2014-07-28,0.21,33477,157091,190568
2014-07-29,0.21,35633,171563,207196
2014-07-30,0.24,107044,443110,550154
2014-07-31,0.18,204700,1152963,1357663
2014-08-01,0.23,167217,726386,893603
2014-08-04,0.39,94928,245399,340327
2014-08-05,0.35,152939,433754,586693
2014-08-06,0.56,213498,380861,594359
2014-08-07,0.36,164106,450637,614743
2014-08-08,0.55,187039,339511,526550
2014-08-11,0.17,144108,824466,968574
2014-08-12,0.57,152032,266396,418428
2014-08-13,0.44,191626,436752,628378
2014-08-14,0.51,209035,413545,622580
2014-08-15,0.36,230900,639867,870767
2014-08-18,0.48,172524,362930,535454
2014-08-19,0.52,388320,750814,1139134
2014-08-20,0.36,161276,450663,611939
2014-08-21,0.1,36999,369024,406023
2014-08-22,0.12,53516,443379,496895
2014-08-25,0.32,94960,297589,392549
2014-08-26,0.4,91249,226241,317490
2014-08-27,0.24,48389,205366,253755
2014-08-28,0.34,61869,180946,242815
2014-08-29,0.34,52876,154683,207559
2014-09-02,0.14,58742,424008,482750
2014-09-03,0.43,88312,204787,293099
2014-09-04,0.28,101709,369486,471195
2014-09-05,0.35,97103,275037,372140
2014-09-08,0.5,103572,206193,309765
2014-09-09,0.39,131359,337317,468676
2014-09-10,0.39,158364,405626,563990
2014-09-11,0.39,156716,400368,557084
2014-09-12,0.26,171989,657918,829907
2014-09-15,0.3,166937,560108,727045
2014-09-16,0.55,393951,719658,1113609
2014-09-17,0.4,149336,374625,523961
2014-09-18,0.38,115726,302775,418501
2014-09-19,0.11,77683,677472,755155
2014-09-22,0.34,80265,234233,314498
2014-09-23,0.44,156503,356050,512553
2014-09-24,0.28,132434,480603,613037
2014-09-25,0.36,207015,581804,788819
2014-09-26,0.13,76162,584098,660260
2014-09-29,0.16,142804,868152,1010956
2014-09-30,0.48,110977,228898,339875
2014-10-01,0.56,223018,401520,624538
2014-10-02,0.37,171295,465807,637102
2014-10-03,0.37,202328,545315,747643
2014-10-06,0.65,194321,299827,494148
2014-10-07,0.38,172967,449878,622845
2014-10-08,0.65,311918,479508,791426
2014-10-09,0.27,232833,869155,1101988
2014-10-10,0.38,371850,982708,1354558
2014-10-13,0.65,451023,699062,1150085
2014-10-14,0.25,321919,1311654,1633573
2014-10-15,0.48,595816,1234471,1830287
2014-10-16,0.31,366661,1166737,1533398
2014-10-17,0.86,354095,410226,764321
2014-10-20,0.6,399367,667946,1067313
2014-10-21,0.92,563101,609220,1172321
2014-10-22,0.5,231501,458855,690356
2014-10-23,0.33,224215,684820,909035
2014-10-24,0.34,120945,357772,478717
2014-10-27,0.43,44132,102252,146384
2014-10-28,0.51,248319,488180,736499
2014-10-29,0.57,167653,292116,459769
2014-10-30,0.43,122785,288336,411121
2014-10-31,0.5,98057,197623,295680
2014-11-03,0.29,77505,270881,348386
2014-11-04,0.44,97157,222033,319190
2014-11-05,0.4,92764,229669,322433
2014-11-06,0.6,91026,151487,242513
2014-11-07,0.61,115808,189034,304842
2014-11-10,0.72,189591,262511,452102
2014-11-11,0.36,105223,294114,399337
2014-11-12,0.37,109092,291363,400455
2014-11-13,0.85,177294,207826,385120
2014-11-14,0.82,194606,237239,431845
2014-11-17,0.48,110897,231035,341932
2014-11-18,1.64,393065,240138,633203
2014-11-19,0.41,160217,388229,548446
2014-11-20,0.68,122857,181908,304765
2014-11-21,0.25,76959,311938,388897
2014-11-24,0.51,83318,163353,246671
2014-11-25,0.33,50485,154353,204838
2014-11-26,0.57,103924,183325,287249
2014-11-28,0.68,102520,149922,252442
2014-12-01,0.38,113591,298637,412228
2014-12-02,1.67,333779,199568,533347
2014-12-03,0.37,135003,364591,499594
2014-12-04,0.66,131718,200022,331740
2014-12-05,1.46,343665,235192,578857
2014-12-08,0.75,179894,238863,418757
2014-12-09,0.54,181207,336292,517499
2014-12-10,0.41,259956,636626,896582
2014-12-11,0.42,244876,577096,821972
2014-12-12,0.41,391231,962624,1353855
2014-12-15,0.4,243854,608688,852542
2014-12-16,0.37,378826,1010925,1389751
2014-12-17,0.72,412522,573217,985739
2014-12-18,0.48,193633,400059,593692
2014-12-19,0.36,95700,262770,358470
2014-12-22,0.38,95864,251587,347451
2014-12-23,0.35,62984,181786,244770
2014-12-24,0.26,16265,62687,78952
2014-12-26,0.16,19926,123281,143207
2014-12-29,0.39,64146,165320,229466
2014-12-30,0.5,94795,188375,283170
2014-12-31,0.72,135138,187753,322891
2015-01-02,0.5,124157,245954,370111
2015-01-05,0.43,149614,350723,500337
2015-01-06,1.24,288148,232631,520779
2015-01-07,0.87,217946,249423,467369
2015-01-08,0.4,127928,318043,445971
2015-01-09,0.36,67877,187413,255290
2015-01-12,0.68,114339,168381,282720
2015-01-13,0.49,167226,341772,508998
2015-01-14,0.62,307050,496308,803358
2015-01-15,0.53,254269,480632,734901
2015-01-16,0.49,227718,460039,687757
2015-01-20,0.39,249691,644124,893815
2015-01-21,0.68,277966,410780,688746
2015-01-22,0.65,170276,262472,432748
2015-01-23,2.06,518421,251553,769974
2015-01-26,0.29,61040,211884,272924
2015-01-27,0.44,89077,204182,293259
2015-01-28,0.44,104144,235289,339433
2015-01-29,0.64,148843,231817,380660
2015-01-30,0.53,147318,278416,425734
2015-02-02,0.67,165147,246067,411214
2015-02-03,0.58,135978,234282,370260
2015-02-04,0.51,159562,311110,470672
2015-02-05,0.64,111931,175149,287080
2015-02-06,0.27,112159,420685,532844
2015-02-09,0.41,69820,170724,240544
2015-02-10,0.82,147354,180039,327393
2015-02-11,0.49,110708,224393,335101
2015-02-12,1.03,353763,344597,698360
2015-02-13,0.85,242019,284069,526088
2015-02-17,0.81,291324,359644,650968
2015-02-18,0.3,125047,422796,547843
2015-02-19,0.44,76885,173399,250284
2015-02-20,0.35,109380,316968,426348
2015-02-23,0.53,87177,165994,253171
2015-02-24,0.58,155140,269397,424537
2015-02-25,0.99,298304,300604,598908
2015-02-26,1.21,150145,124437,274582
2015-02-27,0.54,78377,144642,223019
2015-03-02,0.76,144008,190077,334085
2015-03-03,0.49,138442,281165,419607
2015-03-04,0.41,75636,182386,258022
2015-03-05,0.6,94714,157857,252571
2015-03-06,0.77,155532,202837,358369
2015-03-09,0.77,79997,103374,183371
2015-03-10,0.48,129665,269622,399287
2015-03-11,0.72,160573,221694,382267
2015-03-12,0.92,213208,231439,444647
2015-03-13,0.58,116040,199040,315080
2015-03-16,0.51,112242,222256,334498
2015-03-17,0.62,160507,260541,421048
2015-03-18,0.39,179681,460059,639740
2015-03-19,0.3,67082,220552,287634
2015-03-20,0.46,127401,275028,402429
2015-03-23,0.44,87456,197287,284743
2015-03-24,0.53,206625,387954,594579
2015-03-25,0.57,140201,247655,387856
2015-03-26,0.2,77683,380935,458618
2015-03-27,0.41,101200,248621,349821
2015-03-30,0.44,67233,152746,219979
2015-03-31,0.29,38533,132771,171304
2015-04-01,0.3,50459,167992,218451
2015-04-02,0.33,43135,128779,171914
2015-04-06,0.23,53483,228080,281563
2015-04-07,0.64,129838,201494,331332
2015-04-08,0.42,115733,272839,388572
2015-04-09,0.87,184197,212812,397009
2015-04-10,0.37,314655,849132,1163787
2015-04-13,0.77,282118,367079,649197
2015-04-14,1.14,432618,377859,810477
2015-04-15,0.45,181977,405543,587520
2015-04-16,0.66,155117,233858,388975
2015-04-17,0.32,103466,324087,427553
2015-04-20,0.29,81158,284088,365246
2015-04-21,0.38,82686,217439,300125
2015-04-22,0.92,146492,158505,304997
2015-04-23,0.64,126325,197177,323502
2015-04-24,0.33,99293,297475,396768
2015-04-27,0.22,77472,347889,425361
2015-04-28,0.69,137771,200802,338573
2015-04-29,0.51,158155,310147,468302
2015-04-30,0.54,140277,258273,398550
2015-05-01,0.42,80026,189848,269874
2015-05-04,0.39,46461,119057,165518
2015-05-05,0.62,115455,187515,302970
2015-05-06,0.21,109197,531898,641095
2015-05-07,0.33,158220,483192,641412
2015-05-08,0.29,126581,430196,556777
2015-05-11,0.07,105927,1451162,1557089
2015-05-12,0.63,209460,331309,540769
2015-05-13,0.3,84981,285741,370722
2015-05-14,0.13,62978,466840,529818
2015-05-15,0.34,100347,292165,392512
2015-05-18,0.56,346785,619498,966283
2015-05-19,1.24,412605,331435,744040
2015-05-20,0.36,184849,518969,703818
2015-05-21,0.32,87105,268966,356071
2015-05-22,0.2,83847,421522,505369
2015-05-26,0.38,100273,263987,364260
2015-05-27,0.25,42449,170382,212831
2015-05-28,0.24,33230,137397,170627
2015-05-29,0.22,40501,187359,227860
2015-06-01,0.26,46670,181414,228084
2015-06-02,0.28,92738,332105,424843
2015-06-03,0.25,39677,161834,201511
2015-06-04,0.24,107830,456106,563936
2015-06-05,0.39,123871,317575,441446
2015-06-08,0.24,106794,437511,544305
2015-06-09,0.35,133860,386714,520574
2015-06-10,0.1,146315,1438020,1584335
2015-06-11,0.24,114938,478727,593665
2015-06-12,0.58,257194,444391,701585
2015-06-15,0.32,196288,613566,809854
2015-06-16,0.32,292630,919922,1212552
2015-06-17,0.25,143009,565042,708051
2015-06-18,0.18,93263,512755,606018
2015-06-19,0.14,55160,385738,440898
2015-06-22,0.45,142371,319537,461908
2015-06-23,0.43,136006,318822,454828
2015-06-24,0.3,82648,277536,360184
2015-06-25,0.32,59348,185252,244600
2015-06-26,0.17,41159,241202,282361
2015-06-29,0.43,250067,577197,827264
2015-06-30,0.48,305479,632988,938467
2015-07-01,0.6,177645,297499,475144
2015-07-02,0.29,189171,656409,845580
2015-07-06,0.33,154500,467009,621509
2015-07-07,0.47,131543,281827,413370
2015-07-08,0.34,96289,281987,378276
2015-07-09,0.31,116521,376985,493506
2015-07-10,0.46,246414,530194,776608
2015-07-13,0.13,244154,1928163,2172317
2015-07-14,0.53,269515,503846,773361
2015-07-15,0.44,174114,392538,566652
2015-07-16,0.56,341194,611561,952755
2015-07-17,0.46,208109,453392,661501
2015-07-20,0.75,282435,375791,658226
2015-07-21,0.52,222603,427729,650332
2015-07-22,0.15,83007,566646,649653
2015-07-23,0.32,142718,444749,587467
2015-07-24,0.28,100044,351803,451847
2015-07-27,0.39,209551,534365,743916
2015-07-28,0.38,113739,300972,414711
2015-07-29,0.35,108731,313864,422595
2015-07-30,0.21,40045,189353,229398
2015-07-31,0.33,56390,168396,224786
2015-08-03,0.46,245323,534070,779393
2015-08-04,0.36,88002,241210,329212
2015-08-05,0.39,159021,409787,568808
2015-08-06,0.37,131002,355281,486283
2015-08-07,0.35,121442,351825,473267
2015-08-10,0.09,133503,1506012,1639515
2015-08-11,0.28,151953,537134,689087
2015-08-12,0.54,502024,922034,1424058
2015-08-13,0.36,220086,613059,833145
2015-08-14,0.38,194379,508656,703035
2015-08-17,0.37,305080,834812,1139892
2015-08-18,0.51,331427,653262,984689
2015-08-19,0.3,190373,639117,829490
2015-08-20,0.32,225429,715186,940615
2015-08-21,0.48,543921,1125098,1669019
2015-08-24,0.34,461730,1376926,1838656
2015-08-25,0.6,499365,834128,1333493
2015-08-26,0.29,404140,1381691,1785831
2015-08-27,0.71,399491,559430,958921
2015-08-28,0.97,397842,412065,809907
2015-08-31,0.5,190075,381459,571534
2015-09-01,0.77,672588,877432,1550020
2015-09-02,1.26,439733,349575,789308
2015-09-03,0.97,551931,569085,1121016
2015-09-04,0.78,258946,332073,591019
2015-09-08,0.41,220777,534152,754929
2015-09-09,0.62,273467,441368,714835
2015-09-10,0.71,312496,437501,749997
2015-09-11,0.66,267867,407125,674992
2015-09-14,0.44,196600,446844,643444
2015-09-15,0.84,472510,565334,1037844
2015-09-16,0.73,300631,414235,714866
2015-09-17,0.42,280750,669360,950110
2015-09-18,0.45,163029,363157,526186
2015-09-21,0.7,380800,542922,923722
2015-09-22,0.4,172516,436120,608636
2015-09-23,0.54,140482,259191,399673
2015-09-24,0.36,163063,454685,617748
2015-09-25,0.54,155995,290703,446698
2015-09-28,0.36,142398,390218,532616
2015-09-29,0.71,212349,300996,513345
2015-09-30,0.22,210000,953598,1163598
2015-10-01,0.36,153708,421566,575274
2015-10-02,0.4,163293,405599,568892
2015-10-05,0.72,353580,490661,844241
2015-10-06,0.46,187896,409728,597624
2015-10-07,0.45,146154,327116,473270
2015-10-08,0.41,215040,525826,740866
2015-10-09,0.62,274520,442921,717441
2015-10-12,0.64,323992,506389,830381
2015-10-13,0.34,310861,914328,1225189
2015-10-14,0.32,161214,506504,667718
2015-10-15,0.73,302903,416703,719606
2015-10-16,0.47,239005,503240,742245
2015-10-19,0.72,508035,705322,1213357
2015-10-20,0.66,276179,420817,696996
2015-10-21,0.47,237676,510511,748187
2015-10-22,0.57,217739,382611,600350
2015-10-23,0.2,141258,694844,836102
2015-10-26,0.72,88118,121929,210047
2015-10-27,0.42,85444,204002,289446
2015-10-28,0.33,114650,348136,462786
2015-10-29,0.55,107111,195195,302306
2015-10-30,0.9,131905,146920,278825
2015-11-02,0.45,136274,301434,437708
2015-11-03,0.71,125711,176686,302397
2015-11-04,0.3,118818,390890,509708
2015-11-05,0.64,153962,239237,393199
2015-11-06,0.57,182514,320178,502692
2015-11-09,0.32,164670,511184,675854
2015-11-10,0.54,134514,251257,385771
2015-11-11,0.26,57557,219083,276640
2015-11-12,0.71,224218,316497,540715
2015-11-13,0.32,294976,908795,1203771
2015-11-16,0.27,215551,804155,1019706
2015-11-17,0.25,158211,632375,790586
2015-11-18,0.26,102615,392056,494671
2015-11-19,0.3,78105,258812,336917
2015-11-20,0.39,85542,218813,304355
2015-11-23,0.41,98176,239185,337361
2015-11-24,0.2,57199,292981,350180
2015-11-25,0.23,32901,140006,172907
2015-11-27,0.41,66428,160705,227133
2015-11-30,0.2,73084,363979,437063
2015-12-01,0.49,146684,301745,448429
2015-12-02,0.59,197205,335463,532668
2015-12-03,0.28,148868,530321,679189
2015-12-04,0.25,100224,393391,493615
2015-12-07,0.37,125031,335576,460607
2015-12-08,0.47,146041,307784,453825
2015-12-09,0.29,148205,514027,662232
2015-12-10,0.8,221523,275418,496941
2015-12-11,0.29,337002,1161074,1498076
2015-12-14,0.37,337031,902147,1239178
2015-12-15,0.5,289432,580353,869785
2015-12-16,0.15,110670,736836,847506
2015-12-17,0.29,76609,265547,342156
2015-12-18,0.48,93328,193409,286737
2015-12-21,0.3,24318,82126,106444
2015-12-22,0.34,86894,256884,343778
2015-12-23,0.45,72637,161964,234601
2015-12-24,0.46,20714,44857,65571
2015-12-28,1.02,103563,101579,205142
2015-12-29,0.25,63510,249589,313099
2015-12-30,0.35,38458,109131,147589
2015-12-31,0.25,24721,98895,123616
2016-01-04,0.26,90314,348981,439295
2016-01-05,0.24,70949,299263,370212
2016-01-06,0.45,217577,484833,702410
2016-01-07,0.71,397016,556311,953327
2016-01-08,0.61,226004,367934,593938
2016-01-11,0.19,179215,939632,1118847
2016-01-12,0.54,168859,314978,483837
2016-01-13,0.36,179151,494100,673251
2016-01-14,0.22,169155,764851,934006
2016-01-15,0.41,399090,980845,1379935
2016-01-19,0.44,340900,776133,1117033
2016-01-20,0.3,238836,808287,1047123
2016-01-21,0.41,81464,197881,279345
2016-01-22,1.05,275488,263281,538769
2016-01-25,0.74,99489,133924,233413
2016-01-26,0.62,123650,199266,322916
2016-01-27,0.71,179931,252510,432441
2016-01-28,0.44,198148,448269,646417
2016-01-29,0.51,200159,390615,590774
2016-02-01,0.71,151083,212810,363893
2016-02-02,0.23,129904,558911,688815
2016-02-03,0.17,124198,730825,855023
2016-02-04,0.37,180089,482127,662216
2016-02-05,0.14,97259,706701,803960
2016-02-08,0.31,200705,638797,839502
2016-02-09,0.29,175789,603656,779445
2016-02-10,0.41,121825,297548,419373
2016-02-11,0.37,329901,894717,1224618
2016-02-12,0.31,172617,554556,727173
2016-02-16,0.44,278015,635191,913206
2016-02-17,0.44,166463,379407,545870
2016-02-18,0.55,199058,361856,560914
2016-02-19,0.35,108041,308507,416548
2016-02-22,0.37,206095,555051,761146
2016-02-23,0.28,91598,322706,414304
2016-02-24,0.4,145653,360818,506471
2016-02-25,0.36,130625,361213,491838
2016-02-26,0.91,225958,247032,472990
2016-02-29,0.57,138248,241636,379884
2016-03-01,0.45,208478,463138,671616
2016-03-02,0.19,172345,885453,1057798
2016-03-03,0.4,299435,743051,1042486
2016-03-04,0.43,216600,503902,720502
2016-03-07,0.33,111709,338309,450018
2016-03-08,0.35,227454,651824,879278
2016-03-09,0.29,84978,293521,378499
2016-03-10,0.43,184440,426232,610672
2016-03-11,0.85,391699,458145,849844
2016-03-14,0.44,177417,399176,576593
2016-03-15,0.4,203666,505988,709654
2016-03-16,0.27,141477,533668,675145
2016-03-17,0.26,186930,722643,909573
2016-03-18,0.58,266380,457326,723706
2016-03-21,0.45,144304,317785,462089
2016-03-22,0.44,121356,277921,399277
2016-03-23,0.4,121852,302696,424548
2016-03-24,0.48,244548,507736,752284
2016-03-28,0.16,61340,385630,446970
2016-03-29,0.34,124018,362900,486918
2016-03-30,0.41,208247,503443,711690
2016-03-31,0.2,69228,343247,412475
2016-04-01,0.44,123122,282192,405314
2016-04-04,0.29,64343,223159,287502
2016-04-05,0.73,172200,236474,408674
2016-04-06,0.32,140431,433629,574060
2016-04-07,0.41,176042,424478,600520
2016-04-08,0.44,94979,216469,311448
2016-04-11,0.42,100469,241023,341492
2016-04-12,0.49,199928,411397,611325
2016-04-13,0.26,222139,859733,1081872
2016-04-14,0.68,189963,280604,470567
2016-04-15,0.3,136737,454180,590917
2016-04-18,0.97,373509,384020,757529
2016-04-19,0.18,214973,1174260,1389233
2016-04-20,0.32,189153,589078,778231
2016-04-21,0.66,152379,229425,381804
2016-04-22,0.33,63072,191486,254558
2016-04-25,0.2,108757,539786,648543
2016-04-26,0.71,119068,166954,286022
2016-04-27,2.24,296142,132434,428576
2016-04-28,0.61,168287,274761,443048
2016-04-29,1.02,367260,359629,726889
2016-05-02,0.82,227097,276339,503436
2016-05-03,0.38,108809,284330,393139
2016-05-04,0.84,220404,261845,482249
2016-05-05,0.88,137051,156462,293513
2016-05-06,0.46,153091,330631,483722
2016-05-09,0.53,124645,233466,358111
2016-05-10,0.56,268683,479769,748452
2016-05-11,0.22,146296,654769,801065
2016-05-12,0.83,301554,365362,666916
2016-05-13,0.54,242666,449204,691870
2016-05-16,0.42,239968,565561,805529
2016-05-17,0.81,434658,539926,974584
2016-05-18,0.35,172885,494944,667829
2016-05-19,0.66,167350,252550,419900
2016-05-20,0.32,45712,142637,188349
2016-05-23,0.6,79286,132275,211561
2016-05-24,0.75,242206,323542,565748
2016-05-25,0.53,208228,391566,599794
2016-05-26,0.6,99711,167450,267161
2016-05-27,0.54,114947,211199,326146
2016-05-31,0.31,153064,496596,649660
2016-06-01,0.45,96353,212082,308435
2016-06-02,0.51,186742,367846,554588
2016-06-03,0.39,104979,272118,377097
2016-06-06,0.17,106663,637204,743867
2016-06-07,0.3,127478,423899,551377
2016-06-08,0.35,122049,353713,475762
2016-06-09,0.4,166579,419933,586512
2016-06-10,0.56,326509,584235,910744
2016-06-13,0.4,530166,1326587,1856753
2016-06-14,0.42,442405,1053902,1496307
2016-06-15,0.77,226781,295623,522404
2016-06-16,1.22,411847,336914,748761
2016-06-17,1.43,334155,233512,567667
2016-06-20,0.53,244532,457771,702303
2016-06-21,0.71,179485,251197,430682
2016-06-22,0.88,328182,371625,699807
2016-06-23,1.29,331709,256875,588584
2016-06-24,0.47,314475,676046,990521
2016-06-27,0.47,193796,410662,604458
2016-06-28,0.86,307542,357375,664917
2016-06-29,0.81,354180,439905,794085
2016-06-30,0.73,318663,433959,752622
2016-07-01,0.38,227623,600658,828281
2016-07-05,0.84,268257,317582,585839
2016-07-06,0.52,151564,293964,445528
2016-07-07,0.51,130982,255592,386574
2016-07-08,0.9,250199,278417,528616
2016-07-11,0.71,192646,270384,463030
2016-07-12,0.45,72642,161768,234410
2016-07-13,0.66,190997,288443,479440
2016-07-14,0.43,273155,631238,904393
2016-07-15,0.51,200113,393115,593228
2016-07-18,0.53,193925,366499,560424
2016-07-19,0.59,291751,493257,785008
2016-07-20,0.47,108987,230253,339240
2016-07-21,0.48,183940,384486,568426
2016-07-22,0.41,96661,237201,333862
2016-07-25,0.46,199448,437632,637080
2016-07-26,0.42,122866,294088,416954
2016-07-27,0.71,223263,315436,538699
2016-07-28,0.57,173910,303775,477685
2016-07-29,1.58,342358,216866,559224
2016-08-01,1.86,355626,191178,546804
2016-08-02,0.42,153167,368254,521421
2016-08-03,0.58,128190,221269,349459
2016-08-04,0.53,176952,335485,512437
2016-08-05,0.89,410655,461202,871857
2016-08-08,1.32,380740,288890,669630
2016-08-09,0.7,317467,450997,768464
2016-08-10,0.34,163017,473060,636077
2016-08-11,0.62,231710,372357,604067
2016-08-12,0.27,132046,483454,615500
2016-08-15,0.31,119383,382402,501785
2016-08-16,0.42,157563,372162,529725
2016-08-17,0.39,159702,410684,570386
2016-08-18,0.71,201079,283470,484549
2016-08-19,0.46,106608,233337,339945
2016-08-22,0.33,89362,273919,363281
2016-08-23,0.3,98207,329536,427743
2016-08-24,0.28,133220,482866,616086
2016-08-25,1.02,147102,143590,290692
2016-08-26,0.4,153484,381511,534995
2016-08-29,0.38,52672,139800,192472
2016-08-30,0.5,99236,196529,295765
2016-08-31,0.6,103187,173308,276495
2016-09-01,0.26,64773,245186,309959
2016-09-02,0.42,169829,402131,571960
2016-09-06,0.75,229716,304715,534431
2016-09-07,0.32,145648,449539,595187
2016-09-08,0.45,100596,223685,324281
2016-09-09,0.6,495448,831521,1326969
2016-09-12,0.37,254449,684829,939278
2016-09-13,0.32,327234,1030951,1358185
2016-09-14,0.35,165722,479399,645121
2016-09-15,0.26,171288,667375,838663
2016-09-16,0.58,196180,337959,534139
2016-09-19,0.26,113324,428819,542143
2016-09-20,0.36,176598,485566,662164
2016-09-21,0.26,150963,572863,723826
2016-09-22,0.33,187033,563797,750830
2016-09-23,0.25,92222,372355,464577
2016-09-26,0.39,83156,210830,293986
2016-09-27,0.27,59132,215906,275038
2016-09-28,0.22,48208,218180,266388
2016-09-29,0.3,152819,504993,657812
2016-09-30,0.61,120126,197834,317960
2016-10-03,0.37,88059,240195,328254
2016-10-04,0.34,93810,273450,367260
2016-10-05,0.23,59740,264700,324440
2016-10-06,0.22,85554,394430,479984
2016-10-07,0.32,76949,240459,317408
2016-10-10,0.25,55024,220778,275802
2016-10-11,0.4,252059,623038,875097
2016-10-12,0.3,132712,446357,579069
2016-10-13,0.2,145813,715428,861241
2016-10-14,0.18,89276,503578,592854
2016-10-17,0.36,92492,255791,348283
2016-10-18,0.45,247244,551400,798644
2016-10-19,0.32,94342,297478,391820
2016-10-20,0.37,62593,169076,231669
2016-10-21,0.24,83180,342483,425663
2016-10-24,0.3,71465,242240,313705
2016-10-25,0.23,64744,276873,341617
2016-10-26,0.26,82150,320500,402650
2016-10-27,0.15,46572,312186,358758
2016-10-28,0.28,106604,379086,485690
2016-10-31,0.35,103543,292925,396468
2016-11-01,0.74,309137,416889,726026
2016-11-02,0.8,269990,339588,609578
2016-11-03,0.49,288517,590789,879306
2016-11-04,1.2,769214,642692,1411906
2016-11-07,0.47,339207,721121,1060328
2016-11-08,0.78,464649,599445,1064094
2016-11-09,0.6,405843,679390,1085233
2016-11-10,0.59,414831,706763,1121594
2016-11-11,0.68,232622,340869,573491
2016-11-14,0.81,352891,437446,790337
2016-11-15,1.22,520964,428111,949075
2016-11-16,0.34,104267,303745,408012
2016-11-17,0.57,166321,291815,458136
2016-11-18,0.35,95963,270936,366899
2016-11-21,0.58,249415,429947,679362
2016-11-22,0.52,159562,308565,468127
2016-11-23,0.61,143717,235118,378835
2016-11-25,0.35,92142,262903,355045
2016-11-28,0.5,151767,301761,453528
2016-11-29,0.39,67472,170935,238407
2016-11-30,0.45,123564,277219,400783
2016-12-01,0.45,151564,334719,486283
2016-12-02,0.39,87882,227492,315374
2016-12-05,0.56,207168,370873,578041
2016-12-06,0.46,133627,288994,422621
2016-12-07,0.99,260669,264345,525014
2016-12-08,0.71,255524,360050,615574
2016-12-09,0.62,200650,322948,523598
2016-12-12,0.38,75183,195530,270713
2016-12-13,0.38,234148,609299,843447
2016-12-14,0.37,125750,343461,469211
2016-12-15,1.18,221813,188640,410453
2016-12-16,0.49,235441,483666,719107
2016-12-19,1.21,444304,368352,812656
2016-12-20,0.84,330806,395920,726726
2016-12-21,0.61,281930,463951,745881
2016-12-22,0.24,119803,505301,625104
2016-12-23,0.15,26992,174250,201242
2016-12-27,0.32,19098,60309,79407
2016-12-28,0.17,55426,335639,391065
2016-12-29,0.45,58343,130918,189261
2016-12-30,0.5,80045,160126,240171
2017-01-03,0.38,128188,341117,469305
2017-01-04,0.47,147589,317188,464777
2017-01-05,0.5,142867,287382,430249
2017-01-06,0.34,130749,387020,517769
2017-01-09,0.5,138058,276641,414699
2017-01-10,0.23,131586,570500,702086
2017-01-11,0.43,316366,738274,1054640
2017-01-12,0.64,321905,506527,828432
2017-01-13,0.21,104418,503044,607462
2017-01-17,0.55,357224,645196,1002420
2017-01-18,0.45,263584,587660,851244
2017-01-19,0.24,79023,326298,405321
2017-01-20,0.53,148086,280611,428697
2017-01-23,0.14,52862,374916,427778
2017-01-24,0.37,234549,631376,865925
2017-01-25,0.65,242020,374398,616418
2017-01-26,0.25,129007,509410,638417
2017-01-27,0.35,166076,470298,636374
2017-01-30,0.31,178047,568028,746075
2017-01-31,0.29,100863,343015,443878
2017-02-01,0.21,94429,452152,546581
2017-02-02,0.24,118913,492267,611180
2017-02-03,0.56,206921,366927,573848
2017-02-06,0.33,85066,260662,345728
2017-02-07,0.26,107094,405947,513041
2017-02-08,0.69,363371,522852,886223
2017-02-09,0.5,230883,459806,690689
2017-02-10,0.54,227457,418458,645915
2017-02-13,0.38,225174,590930,816104
2017-02-14,0.34,333103,970347,1303450
2017-02-15,0.52,383819,744637,1128456
2017-02-16,0.23,154063,668529,822592
2017-02-17,0.33,140875,423359,564234
2017-02-21,0.32,175943,552037,727980
2017-02-22,0.32,126245,397838,524083
2017-02-23,0.33,193242,590800,784042
2017-02-24,0.21,193545,908094,1101639
2017-02-27,0.31,105444,334869,440313
2017-02-28,0.51,153612,301493,455105
2017-03-01,0.44,144736,326764,471500
2017-03-02,0.71,113933,161160,275093
2017-03-03,0.59,131134,220535,351669
2017-03-06,0.35,127931,370311,498242
2017-03-07,0.55,335060,612650,947710
2017-03-08,0.51,148739,289331,438070
2017-03-09,0.37,115422,312714,428136
2017-03-10,0.16,66979,407986,474965
2017-03-13,0.35,82155,235101,317256
2017-03-14,0.49,188562,386573,575135
2017-03-15,0.35,326297,940069,1266366
2017-03-16,0.9,258386,288015,546401
2017-03-17,0.55,386658,701609,1088267
2017-03-20,0.78,344131,438838,782969
2017-03-21,0.46,521532,1125515,1647047
2017-03-22,0.26,188084,728966,917050
2017-03-23,0.56,186494,335534,522028
2017-03-24,0.31,141299,452045,593344
2017-03-27,0.55,223804,404315,628119
2017-03-28,0.48,238968,501044,740012
2017-03-29,0.46,188394,413584,601978
2017-03-30,0.44,152032,346812,498844
2017-03-31,0.57,95515,167120,262635
2017-04-03,0.52,205572,392128,597700
2017-04-04,0.23,69387,299443,368830
2017-04-05,0.28,154818,561170,715988
2017-04-06,0.34,142266,419550,561816
2017-04-07,0.46,336974,732610,1069584
2017-04-10,0.39,226329,587010,813339
2017-04-11,0.51,493412,964232,1457644
2017-04-12,0.45,279558,616366,895924
2017-04-13,0.36,347668,976992,1324660
2017-04-17,0.29,138751,481224,619975
2017-04-18,0.26,283358,1102490,1385848
2017-04-19,0.1,144341,1470093,1614434
2017-04-20,0.29,167475,585239,752714
2017-04-21,0.43,359354,836319,1195673
2017-04-24,0.47,312647,667919,980566
2017-04-25,0.61,304672,496658,801330
2017-04-26,0.41,139161,336727,475888
2017-04-27,0.24,112279,465937,578216
2017-04-28,0.35,115418,332789,448207
2017-05-01,0.45,178844,393752,572596
2017-05-02,0.23,136176,603301,739477
2017-05-03,0.6,178541,295508,474049
2017-05-04,0.41,189109,465819,654928
2017-05-05,0.39,188209,479356,667565
2017-05-08,0.4,186125,471154,657279
2017-05-09,0.21,219485,1023275,1242760
2017-05-10,0.34,112799,333788,446587
2017-05-11,0.53,234150,442852,677002
2017-05-12,0.37,232465,625942,858407
2017-05-15,0.37,144097,389092,533189
2017-05-16,0.47,341268,722481,1063749
2017-05-17,0.28,296303,1053447,1349750
2017-05-18,0.33,201248,605715,806963
2017-05-19,0.26,96228,365134,461362
2017-05-22,0.54,196593,361392,557985
2017-05-23,0.29,116947,405159,522106
2017-05-24,0.29,97424,338804,436228
2017-05-25,0.22,85178,389109,474287
2017-05-26,0.21,61356,287930,349286
2017-05-30,0.22,43989,203014,247003
2017-05-31,0.45,169204,376731,545935
2017-06-01,0.59,85745,145339,231084
2017-06-02,0.15,64970,422694,487664
2017-06-05,0.36,133886,368474,502360
2017-06-06,0.49,155443,315515,470958
2017-06-07,0.31,107532,346133,453665
2017-06-08,0.14,57179,416146,473325
2017-06-09,0.56,241320,432785,674105
2017-06-12,0.49,257371,523563,780934
2017-06-13,0.31,78111,253284,331395
2017-06-14,0.3,151838,505656,657494
2017-06-15,0.37,110708,300685,411393
2017-06-16,0.25,81306,320929,402235
2017-06-19,0.27,157211,589227,746438
2017-06-20,0.34,331964,972283,1304247
2017-06-21,0.29,198147,687245,885392
2017-06-22,0.35,90188,257625,347813
2017-06-23,0.27,76500,285735,362235
2017-06-26,0.24,123928,506981,630909
2017-06-27,0.16,99709,624614,724323
2017-06-28,0.24,97154,413105,510259
2017-06-29,0.59,431661,726152,1157813
2017-06-30,0.66,126123,191232,317355
2017-07-03,0.42,56103,134046,190149
2017-07-05,0.21,87284,422120,509404
2017-07-06,0.36,154557,426223,580780
2017-07-07,0.22,89872,410858,500730
2017-07-10,0.36,152125,419241,571366
2017-07-11,0.67,198383,297797,496180
2017-07-12,0.14,144502,1021277,1165779
2017-07-13,0.63,299297,472411,771708
2017-07-14,0.39,174011,442102,616113
2017-07-17,0.52,206544,393729,600273
2017-07-18,0.56,399340,708969,1108309
2017-07-19,0.29,211829,728237,940066
2017-07-20,0.25,154986,620559,775545
2017-07-21,0.28,340939,1207631,1548570
2017-07-24,0.28,121399,438913,560312
2017-07-25,0.38,200974,524854,725828
2017-07-26,0.24,193776,805445,999221
2017-07-27,0.3,212601,713895,926496
2017-07-28,0.11,72431,636898,709329
2017-07-31,0.21,63151,307535,370686
2017-08-01,0.41,214629,523998,738627
2017-08-02,0.24,152513,646888,799401
2017-08-03,0.2,84540,418643,503183
2017-08-04,0.54,212259,396469,608728
2017-08-07,0.22,103227,466369,569596
2017-08-08,0.39,267328,685852,953180
2017-08-09,0.55,649915,1188230,1838145
2017-08-10,0.29,577979,1971942,2549921
2017-08-11,0.33,573255,1720153,2293408
2017-08-14,0.36,342616,957463,1300079
2017-08-15,0.44,413408,939588,1352996
2017-08-16,0.19,183953,950305,1134258
2017-08-17,0.35,330040,956636,1286676
2017-08-18,0.25,200716,794304,995020
2017-08-21,0.51,172927,338902,511829
2017-08-22,0.35,165557,469492,635049
2017-08-23,0.28,146362,521373,667735
2017-08-24,0.61,197430,324969,522399
2017-08-25,0.28,103923,370489,474412
2017-08-28,0.32,95796,298022,393818
2017-08-29,0.19,167502,869194,1036696
2017-08-30,0.25,127583,504025,631608
2017-08-31,0.47,138291,291558,429849
2017-09-01,0.19,81909,442520,524429
2017-09-05,0.55,413732,756304,1170036
2017-09-06,0.28,130274,462824,593098
2017-09-07,1.9,586556,308294,894850
2017-09-08,0.27,143341,538532,681873
2017-09-11,0.71,329309,462998,792307
2017-09-12,0.56,322181,570767,892948
2017-09-13,0.41,214116,525431,739547
2017-09-14,0.43,341287,790799,1132086
2017-09-15,0.46,208133,454775,662908
2017-09-18,0.6,582953,973821,1556774
2017-09-19,0.41,347811,856433,1204244
2017-09-20,0.26,168166,648003,816169
2017-09-21,0.16,78709,481746,560455
2017-09-22,0.2,101142,513622,614764
2017-09-25,0.32,627397,1985555,2612952
2017-09-26,0.21,69114,332176,401290
2017-09-27,0.17,56370,335835,392205
2017-09-28,0.44,105789,241533,347322
2017-09-29,0.63,140509,222542,363051
2017-10-02,0.53,258764,489875,748639
2017-10-03,0.27,153614,570542,724156
2017-10-04,0.15,83149,537862,621011
2017-10-05,0.3,143285,470373,613658
2017-10-06,0.33,244652,736059,980711
2017-10-09,0.17,64389,370230,434619
2017-10-10,0.18,118726,656797,775523
2017-10-11,0.15,81173,536543,617716
2017-10-12,0.52,228190,442279,670469
2017-10-13,0.31,234236,761201,995437
2017-10-16,0.41,280688,689811,970499
2017-10-17,0.54,469742,865365,1335107
2017-10-18,0.47,251506,531792,783298
2017-10-19,0.4,208465,516640,725105
2017-10-20,0.25,109013,430568,539581
2017-10-23,0.29,108762,381252,490014
2017-10-24,0.22,99412,461290,560702
2017-10-25,0.36,239723,657220,896943
2017-10-26,0.36,91055,253805,344860
2017-10-27,0.57,116933,204907,321840
2017-10-30,0.38,114190,302652,416842
2017-10-31,0.24,83867,347469,431336
2017-11-01,0.41,126356,311411,437767
2017-11-02,0.26,119198,466444,585642
2017-11-03,0.18,69177,391434,460611
2017-11-06,0.39,124931,320524,445455
2017-11-07,0.55,317181,581435,898616
2017-11-08,0.46,200763,440216,640979
2017-11-09,0.29,230567,792492,1023059
2017-11-10,0.41,205292,506039,711331
2017-11-13,0.54,334419,615916,950335
2017-11-14,0.53,474344,892688,1367032
2017-11-15,0.43,251021,577481,828502
2017-11-16,0.36,141671,396895,538566
2017-11-17,0.13,84592,670338,754930
2017-11-20,0.56,169371,304456,473827
2017-11-21,0.33,140231,426672,566903
2017-11-22,0.31,121892,389290,511182
2017-11-24,0.11,20064,179286,199350
2017-11-27,0.38,115240,306285,421525
2017-11-28,0.43,205232,479853,685085
2017-11-29,0.21,117121,555679,672800
2017-11-30,0.57,212959,372203,585162
2017-12-01,0.32,767548,2368921,3136469
2017-12-04,0.22,129615,585547,715162
2017-12-05,0.21,113976,535343,649319
2017-12-06,0.15,97897,649697,747594
2017-12-07,0.24,134476,561543,696019
2017-12-08,0.48,151092,315816,466908
2017-12-11,0.47,204158,435420,639578
2017-12-12,0.86,322573,375566,698139
2017-12-13,0.35,110386,317661,428047
2017-12-14,0.28,151924,537730,689654
2017-12-15,0.54,258807,476299,735106
2017-12-18,0.28,181162,658338,839500
2017-12-19,0.54,339175,631907,971082
2017-12-20,0.28,126922,454953,581875
2017-12-21,0.35,70440,202592,273032
2017-12-22,0.26,71526,272478,344004
2017-12-26,0.44,33071,74591,107662
2017-12-27,0.27,38894,144385,183279
2017-12-28,0.25,61042,242463,303505
2017-12-29,0.36,77124,214675,291799
2018-01-02,0.29,142280,483362,625642
2018-01-03,0.63,296162,469120,765282
2018-01-04,0.7,325386,462162,787548
2018-01-05,0.4,229871,577912,807783
2018-01-08,0.09,109135,1213877,1323012
2018-01-09,0.22,104403,475572,579975
2018-01-10,0.31,678136,2196012,2874148
2018-01-11,0.23,186021,820932,1006953
2018-01-12,0.27,263723,976875,1240598
2018-01-16,0.34,466351,1353204,1819555
2018-01-17,0.38,244302,635850,880152
2018-01-18,0.3,159426,538485,697911
2018-01-19,0.65,226452,347505,573957
2018-01-22,0.35,170477,484839,655316
2018-01-23,0.3,164943,554919,719862
2018-01-24,0.47,307004,653859,960863
2018-01-25,0.31,125831,401096,526927
2018-01-26,0.25,92254,376310,468564
2018-01-29,0.28,249197,887369,1136566
2018-01-30,0.62,505092,818709,1323801
2018-01-31,0.29,244542,857608,1102150
2018-02-01,0.49,312066,631338,943404
2018-02-02,0.34,1104633,3231424,4336057
2018-02-05,0.22,629301,2919484,3548785
2018-02-06,0.4,1198346,2995200,4193546
2018-02-07,0.32,600607,1862452,2463059
2018-02-08,0.47,792563,1674069,2466632
2018-02-09,0.42,455587,1081642,1537229
2018-02-12,0.67,840865,1258499,2099364
2018-02-13,0.46,621184,1352260,1973444
2018-02-14,0.96,552510,576782,1129292
2018-02-15,0.79,260396,329850,590246
2018-02-16,0.67,282148,418608,700756
2018-02-20,0.23,125234,552753,677987
2018-02-21,0.53,163380,308310,471690
2018-02-22,0.57,156454,275578,432032
2018-02-23,0.49,123671,252803,376474
2018-02-26,0.52,210573,403915,614488
2018-02-27,0.79,232831,293152,525983
2018-02-28,0.75,248347,333175,581522
2018-03-01,0.38,214390,557844,772234
2018-03-02,0.41,298993,736038,1035031
2018-03-05,0.61,265705,433387,699092
2018-03-06,0.5,134884,272057,406941
2018-03-07,0.48,141660,295913,437573
2018-03-08,0.78,491327,632253,1123580
2018-03-09,0.61,527585,870658,1398243
2018-03-12,0.53,175380,333643,509023
2018-03-13,0.32,143600,444005,587605
2018-03-14,0.6,252569,420284,672853
2018-03-15,0.64,276275,434494,710769
2018-03-16,0.58,349826,606633,956459
2018-03-19,0.42,394596,938572,1333168
2018-03-20,0.52,332250,637277,969527
2018-03-21,0.5,150025,297551,447576
2018-03-22,0.52,172530,332800,505330
2018-03-23,0.44,152879,347045,499924
2018-03-26,0.42,105692,248752,354444
2018-03-27,0.39,72181,187031,259212
2018-03-28,0.63,153254,243719,396973
2018-03-29,0.27,101224,375361,476585
2018-04-02,0.41,157411,380227,537638
2018-04-03,0.37,114772,310062,424834
2018-04-04,0.5,241454,480682,722136
2018-04-05,0.35,134747,386615,521362
2018-04-06,0.3,115540,382554,498094
2018-04-09,0.29,67509,232436,299945
2018-04-10,0.29,143426,503237,646663
2018-04-11,0.36,144174,403254,547428
2018-04-12,0.61,126966,209751,336717
2018-04-13,0.65,323232,496703,819935
2018-04-16,0.59,353410,595253,948663
2018-04-17,0.66,591814,900223,1492037
2018-04-18,0.33,127429,381053,508482
2018-04-19,0.55,123684,226016,349700
2018-04-20,0.23,52101,228175,280276
2018-04-23,0.29,62226,211290,273516
2018-04-24,0.31,127472,416667,544139
2018-04-25,0.29,135836,476207,612043
2018-04-26,0.3,156613,516777,673390
2018-04-27,0.25,118610,470598,589208
2018-04-30,0.22,97191,442533,539724
2018-05-01,0.4,78672,196578,275250
2018-05-02,0.48,136214,283975,420189
2018-05-03,0.24,80757,339139,419896
2018-05-04,0.16,31161,196053,227214
2018-05-07,0.34,98583,292772,391355
2018-05-08,0.32,146342,460963,607305
2018-05-09,0.63,200093,320128,520221
2018-05-10,0.65,358296,548911,907207
2018-05-11,0.44,165814,373202,539016
2018-05-14,0.49,200711,407810,608521
2018-05-15,0.77,229430,298469,527899
2018-05-16,0.29,100311,349997,450308
2018-05-17,0.27,48926,178311,227237
2018-05-18,0.44,67425,152734,220159
2018-05-21,0.39,141883,359203,501086
2018-05-22,0.34,70457,208258,278715
2018-05-23,0.26,73418,283438,356856
2018-05-24,0.2,57237,285027,342264
2018-05-25,0.21,46232,220085,266317
2018-05-29,0.62,153092,247577,400669
2018-05-30,0.81,130589,160267,290856
2018-05-31,0.67,114935,172087,287022
2018-06-01,0.47,123762,262931,386693
2018-06-04,0.54,115640,215614,331254
2018-06-05,0.24,84714,350224,434938
2018-06-06,0.49,190445,386510,576955
2018-06-07,0.36,149275,409939,559214
2018-06-08,0.41,76588,186832,263420
2018-06-11,0.4,134012,337157,471169
2018-06-12,0.29,121838,419300,541138
2018-06-13,0.34,127514,378401,505915
2018-06-14,1.47,392591,266871,659462
2018-06-15,0.32,103740,324622,428362
2018-06-18,1.58,446649,282662,729311
2018-06-19,0.46,401906,874423,1276329
2018-06-20,0.43,127611,293552,421163
2018-06-21,0.57,119687,208558,328245
2018-06-22,0.2,49062,248804,297866
2018-06-25,0.52,410039,792083,1202122
2018-06-26,0.43,128527,296317,424844
2018-06-27,0.51,132079,260721,392800
2018-06-28,0.67,214577,320678,535255
2018-06-29,0.32,53313,165286,218599
2018-07-02,0.51,89221,175708,264929
2018-07-03,0.3,26899,89503,116402
2018-07-05,0.35,53613,153568,207181
2018-07-06,0.57,118450,206033,324483
2018-07-09,0.28,107713,378367,486080
2018-07-10,0.37,165237,449391,614628
2018-07-11,0.58,219443,375708,595151
2018-07-12,0.43,94618,218556,313174
2018-07-13,0.9,197549,219827,417376
2018-07-16,0.25,84801,337028,421829
2018-07-17,0.64,336950,524597,861547
2018-07-18,0.47,154573,327728,482301
2018-07-19,0.34,54321,160831,215152
2018-07-20,0.43,79713,184194,263907
2018-07-23,0.28,97520,344820,442340
2018-07-24,0.52,167741,322830,490571
2018-07-25,0.37,88519,237522,326041
2018-07-26,0.16,46431,287654,334085
2018-07-27,0.87,159046,182300,341346
2018-07-30,0.37,78228,210665,288893
2018-07-31,0.46,109190,237695,346885
2018-08-01,0.28,44296,160702,204998
2018-08-02,0.32,86686,273431,360117
2018-08-03,0.31,82844,264956,347800
2018-08-06,0.34,102928,306610,409538
2018-08-07,0.35,127067,361107,488174
2018-08-08,0.56,232073,414392,646465
2018-08-09,0.26,107040,418362,525402
2018-08-10,0.37,161473,431280,592753
2018-08-13,0.44,185408,422063,607471
2018-08-14,0.34,118040,351950,469990
2018-08-15,0.67,376753,562854,939607
2018-08-16,0.44,195774,442990,638764
2018-08-17,0.36,91208,256041,347249
2018-08-20,0.31,98231,317386,415617
2018-08-21,0.55,313174,568648,881822
2018-08-22,0.42,113027,268318,381345
2018-08-23,0.5,109647,218346,327993
2018-08-24,0.21,69121,324992,394113
2018-08-27,0.21,39166,182478,221644
2018-08-28,0.33,102125,306234,408359
2018-08-29,0.71,113433,160082,273515
2018-08-30,0.24,94112,394871,488983
2018-08-31,0.36,69025,193340,262365
2018-09-04,0.21,69640,336850,406490
2018-09-05,0.42,134822,319039,453861
2018-09-06,0.62,168990,271593,440583
2018-09-07,0.77,178518,233350,411868
2018-09-10,0.59,104085,175266,279351
2018-09-11,0.4,135858,341514,477372
2018-09-12,0.3,146126,486047,632173
2018-09-13,0.57,336620,595573,932193
2018-09-14,0.26,140311,543320,683631
2018-09-17,0.37,133033,361935,494968
2018-09-18,0.56,311705,555588,867293
2018-09-19,0.71,409743,580126,989869
2018-09-20,0.43,120397,282915,403312
2018-09-21,0.36,134169,377804,511973
2018-09-24,0.38,76760,204610,281370
2018-09-25,0.61,98412,161334,259746
2018-09-26,0.43,162635,379327,541962
2018-09-27,0.25,62524,250066,312590
2018-09-28,0.41,78533,190302,268835
2018-10-01,0.64,112744,176785,289529
2018-10-02,0.55,99827,180407,280234
2018-10-03,0.42,144447,340565,485012
2018-10-04,0.37,365238,989682,1354920
2018-10-05,0.38,275559,724494,1000053
2018-10-08,0.85,404949,473660,878609
2018-10-09,0.43,253979,594201,848180
2018-10-10,0.36,456315,1262425,1718740
2018-10-11,0.35,532298,1535174,2067472
2018-10-12,0.35,294409,838344,1132753
2018-10-15,0.42,381238,918496,1299734
2018-10-16,0.58,365589,632572,998161
2018-10-17,0.38,182956,479383,662339
2018-10-18,0.46,125689,273842,399531
2018-10-19,0.33,117515,352066,469581
2018-10-22,0.34,62320,184252,246572
2018-10-23,0.35,145687,414454,560141
2018-10-24,0.88,361264,412577,773841
2018-10-25,0.24,164566,689178,853744
2018-10-26,0.36,217837,597918,815755
2018-10-29,0.97,238827,247082,485909
2018-10-30,0.69,169217,244674,413891
2018-10-31,0.93,237941,256675,494616
2018-11-01,0.95,196836,206539,403375
2018-11-02,0.56,153665,276390,430055
2018-11-05,0.64,121120,189334,310454
2018-11-06,1.59,630948,396816,1027764
2018-11-07,0.82,386054,470980,857034
2018-11-08,0.42,190666,449702,640368
2018-11-09,0.55,217077,392415,609492
2018-11-12,0.51,107462,212292,319754
2018-11-13,0.52,192223,369316,561539
2018-11-14,0.39,183327,468244,651571
2018-11-15,0.43,155107,358517,513624
2018-11-16,0.75,257208,343466,600674
2018-11-19,0.34,160628,468104,628732
2018-11-20,0.29,269533,919000,1188533
2018-11-21,0.41,148462,361120,509582
2018-11-23,0.31,16049,51179,67228
2018-11-26,0.24,54991,230475,285466
2018-11-27,0.57,106490,186038,292528
2018-11-28,0.45,159199,353271,512470
2018-11-29,0.68,192036,280670,472706
2018-11-30,0.51,163203,320233,483436
2018-12-03,0.58,177463,306993,484456
2018-12-04,0.3,140263,468537,608800
2018-12-06,0.48,387745,808905,1196650
2018-12-07,0.36,132646,373082,505728
2018-12-10,0.43,145562,338516,484078
2018-12-11,0.38,157092,412777,569869
2018-12-12,0.62,172276,278351,450627
2018-12-13,0.61,158313,258217,416530
2018-12-14,0.34,131525,390308,521833
2018-12-17,0.34,201804,597469,799273
2018-12-18,0.43,329041,763228,1092269
2018-12-19,0.49,165218,338899,504117
2018-12-20,0.48,135383,283959,419342
2018-12-21,0.16,144781,878213,1022994
2018-12-24,0.2,76490,381088,457578
2018-12-26,0.36,201012,551802,752814
2018-12-27,0.43,131217,306505,437722
2018-12-28,0.34,112752,330257,443009
2018-12-31,0.43,120080,277888,397968
2019-01-02,0.42,188556,453323,641879
2019-01-03,0.45,92029,204981,297010
2019-01-04,0.96,300832,312387,613219
2019-01-07,0.44,196711,448557,645268
2019-01-08,0.54,256557,471048,727605
2019-01-09,0.59,205565,348712,554277
2019-01-10,0.78,190130,243176,433306
2019-01-11,0.58,209362,358403,567765
2019-01-14,0.75,193905,258301,452206
2019-01-15,0.69,281430,410785,692215
2019-01-16,0.35,163297,462349,625646
2019-01-17,0.32,108171,341328,449499
2019-01-18,0.2,108819,555576,664395
2019-01-22,0.27,86416,325070,411486
2019-01-23,0.84,205279,244683,449962
2019-01-24,0.3,80016,269463,349479
2019-01-25,0.76,137341,180893,318234
2019-01-28,0.32,92434,293238,385672
2019-01-29,0.42,50237,119646,169883
2019-01-30,1.13,177959,157273,335232
2019-01-31,0.95,332923,351410,684333
2019-02-01,0.53,104891,197745,302636
2019-02-04,0.41,174035,424829,598864
2019-02-05,0.83,282904,342680,625584
2019-02-06,0.39,150940,385827,536767
2019-02-07,0.6,195834,323736,519570
2019-02-08,0.39,85101,215654,300755
2019-02-11,0.49,131459,268034,399493
2019-02-12,0.4,250676,628914,879590
2019-02-13,0.93,238059,255359,493418
2019-02-14,0.2,42940,214559,257499
2019-02-15,0.27,90516,337015,427531
2019-02-19,0.22,75655,346913,422568
2019-02-20,0.58,145321,250867,396188
2019-02-21,0.22,50656,229519,280175
2019-02-22,0.14,61226,440798,502024
2019-02-25,0.29,244471,850017,1094488
2019-02-26,0.18,79418,437958,517376
2019-02-27,0.23,65116,282031,347147
2019-02-28,0.54,112032,206482,318514
2019-03-01,0.37,114406,311453,425859
2019-03-04,0.46,337107,738919,1076026
2019-03-05,0.22,51794,237179,288973
2019-03-06,0.76,142931,188610,331541
2019-03-07,0.72,220355,304256,524611
2019-03-08,0.24,130165,539523,669688
2019-03-11,0.25,99855,403948,503803
2019-03-12,0.45,111119,245654,356773
2019-03-13,0.64,472457,733217,1205674
2019-03-14,0.55,246826,450499,697325
2019-03-15,0.73,423130,583391,1006521
2019-03-18,0.52,238841,458256,697097
2019-03-19,0.26,116949,458270,575219
2019-03-20,0.27,93771,349200,442971
2019-03-21,0.47,76652,162990,239642
2019-03-22,0.19,135930,703819,839749
2019-03-25,0.14,72483,505726,578209
2019-03-26,0.17,49349,295821,345170
2019-03-27,0.44,102809,231993,334802
2019-03-28,0.34,64803,191922,256725
2019-03-29,0.21,48587,231235,279822
2019-04-01,0.14,40337,291132,331469
2019-04-02,0.34,137630,405950,543580
2019-04-03,0.37,122897,332703,455600
2019-04-04,0.24,50062,206511,256573
2019-04-05,0.44,132275,304079,436354
2019-04-08,0.16,74824,457690,532514
2019-04-09,0.28,104988,377145,482133
2019-04-10,0.44,130284,295687,425971
2019-04-11,0.73,280477,383448,663925
2019-04-12,0.58,390466,668140,1058606
2019-04-15,0.7,242467,347796,590263
2019-04-16,1.49,537764,360712,898476
2019-04-17,0.15,52993,363935,416928
2019-04-18,0.18,47170,261662,308832
2019-04-22,0.41,77225,190676,267901
2019-04-23,0.13,42123,316131,358254
2019-04-24,0.38,90824,236869,327693
2019-04-25,0.35,130013,366481,496494
2019-04-26,0.4,87079,217516,304595
2019-04-29,0.34,65259,190663,255922
2019-04-30,0.29,72391,248965,321356
2019-05-01,0.12,31938,274266,306204
2019-05-02,0.43,191816,446825,638641
2019-05-03,0.22,97441,444391,541832
2019-05-06,0.44,199880,455274,655154
2019-05-07,0.33,592386,1809031,2401417
2019-05-08,1.4,432475,308402,740877
2019-05-09,0.65,504074,776164,1280238
2019-05-10,1.11,406836,366553,773389
2019-05-13,0.51,395426,780742,1176168
2019-05-14,0.57,215970,379456,595426
2019-05-15,0.76,296204,391581,687785
2019-05-16,0.75,378016,506411,884427
2019-05-17,0.46,226231,488562,714793
2019-05-20,0.31,136175,434917,571092
2019-05-21,1.2,554827,461505,1016332
2019-05-22,0.37,121477,324432,445909
2019-05-23,0.62,142911,231345,374256
2019-05-24,0.34,68596,200471,269067
2019-05-28,0.42,62007,147118,209125
2019-05-29,0.81,292980,363100,656080
2019-05-30,0.53,103901,197302,301203
2019-05-31,0.54,156551,292526,449077
2019-06-03,0.49,95586,196843,292429
2019-06-04,0.45,132150,292599,424749
2019-06-05,0.24,46966,194609,241575
2019-06-06,0.14,42397,313098,355495
2019-06-07,0.37,135407,361382,496789
2019-06-10,0.42,128867,306640,435507
2019-06-11,0.81,185401,230287,415688
2019-06-12,0.5,118278,237771,356049
2019-06-13,0.34,94683,274705,369388
2019-06-14,0.48,124853,260402,385255
2019-06-17,0.59,159021,271312,430333
2019-06-18,0.84,363366,432782,796148
2019-06-19,0.33,139390,427976,567366
2019-06-20,0.65,190548,293043,483591
2019-06-21,0.28,99320,355053,454373
2019-06-24,0.27,55965,204479,260444
2019-06-25,0.27,48246,181532,229778
2019-06-26,0.91,117703,129450,247153
2019-06-27,0.59,134811,227052,361863
2019-06-28,0.56,92843,166835,259678
2019-07-01,0.33,122838,368267,491105
2019-07-02,0.24,125939,524704,650643
2019-07-03,0.42,92819,222042,314861
2019-07-05,0.53,127452,239272,366724
2019-07-08,0.53,145387,272562,417949
2019-07-09,0.61,143329,236383,379712
2019-07-10,1.19,305593,257783,563376
2019-07-11,0.49,152455,309691,462146
2019-07-12,0.34,117735,348606,466341
2019-07-15,0.74,154450,208601,363051
2019-07-16,0.61,282680,463870,746550
2019-07-17,0.28,81639,296419,378058
2019-07-18,0.37,92455,247279,339734
2019-07-19,0.59,163064,277410,440474
2019-07-22,0.24,30467,127403,157870
2019-07-23,0.34,174978,507315,682293
2019-07-24,0.13,81136,648762,729898
2019-07-25,0.15,80707,539787,620494
2019-07-26,0.12,64046,528031,592077
2019-07-29,0.09,37996,443561,481557
2019-07-30,0.46,129091,278494,407585
2019-07-31,0.41,194659,480442,675101
2019-08-01,0.31,349566,1111750,1461316
2019-08-02,0.3,294117,990005,1284122
2019-08-05,0.24,313071,1301950,1615021
2019-08-06,0.27,154021,568539,722560
2019-08-07,0.45,137436,306847,444283
2019-08-08,1.19,305074,257172,562246
2019-08-09,0.42,118573,281404,399977
2019-08-12,0.35,138246,395222,533468
2019-08-13,0.29,186863,635589,822452
2019-08-14,0.53,334979,636915,971894
2019-08-15,0.34,187407,544877,732284
2019-08-16,0.45,198190,439128,637318
2019-08-19,0.5,189473,380697,570170
2019-08-20,0.32,165855,517441,683296
2019-08-21,0.41,173098,424575,597673
2019-08-22,0.18,64209,351314,415523
2019-08-23,0.48,137778,286763,424541
2019-08-26,0.44,89516,204035,293551
2019-08-27,0.37,119189,318806,437995
2019-08-28,0.82,305894,372747,678641
2019-08-29,0.17,76679,453183,529862
2019-08-30,0.36,39141,107708,146849
2019-09-03,0.52,110859,212125,322984
2019-09-04,0.52,120983,231705,352688
2019-09-05,0.29,100152,347269,447421
2019-09-06,0.15,50145,333822,383967
2019-09-09,0.36,119428,329962,449390
2019-09-10,0.38,114295,301761,416056
2019-09-11,0.38,150421,394385,544806
2019-09-12,0.37,169694,463411,633105
2019-09-13,0.59,333348,567732,901080
2019-09-16,0.72,141032,196535,337567
2019-09-17,0.52,347819,666690,1014509
2019-09-18,0.58,448161,773256,1221417
2019-09-19,0.32,119370,370888,490258
2019-09-20,0.3,66312,219628,285940
2019-09-23,0.32,40856,128612,169468
2019-09-24,0.25,122342,492887,615229
2019-09-25,0.77,152423,197670,350093
2019-09-26,0.89,137549,155169,292718
2019-09-27,0.37,128437,343253,471690
2019-09-30,0.81,109200,134540,243740
2019-10-01,0.97,184221,190859,375080
2019-10-02,0.56,271592,488159,759751
2019-10-03,0.46,126939,273016,399955
2019-10-04,0.49,131685,269456,401141
